STATIC INFORMATION
========================================================================================================================
	SEX:               F
	IMD:               3.0
	ETHNICITY:         WHITE
	birth_year:        1959.0


GIVEN PATIENT CONTEXT
========================================================================================================================
	EVENT                                                                     | AGE IN WEEKS (days, years)   | VALUE
	............................................................new week............................................................
	Erythrocyte_sedimentation_rate_61                                          | 2322	 (16259, 44)             | 35.00     (0.20)
	Haematocrit_15                                                             | 2322	 (16259, 44)             | 0.42      (-0.08)
	Haemoglobin_estimation_9                                                   | 2322	 (16259, 44)             | 14.80     (-0.48)
	Lymphocyte_count_20                                                        | 2322	 (16259, 44)             | 2.30      (-0.49)
	Mean_corpusc_Hb_conc__MCHC__14                                             | 2322	 (16259, 44)             | 34.90     (-0.45)
	Mean_corpusc_haemoglobin_MCH__13                                           | 2322	 (16259, 44)             | 33.80     (-0.17)
	Mean_corpuscular_volume__MCV__11                                           | 2322	 (16259, 44)             | 96.90     (-0.14)
	Monocyte_count_23                                                          | 2322	 (16259, 44)             | 0.30      (-0.48)
	Neutrophil_count_19                                                        | 2322	 (16259, 44)             | 5.80      (-0.38)
	Platelet_count_12                                                          | 2322	 (16259, 44)             | 306.96    (-0.50)
	Red_blood_cell__RBC__count_10                                              | 2322	 (16259, 44)             | 4.38      (-0.49)
	Serum_HDL_cholesterol_level_100                                            | 2322	 (16259, 44)             | 1.40      (-0.14)
	Serum_LDL_cholesterol_level_102                                            | 2322	 (16259, 44)             | 5.30      (-0.32)
	Serum_TSH_level_71                                                         | 2322	 (16259, 44)             | 1.12      (-0.50)
	Serum_albumin_51                                                           | 2322	 (16259, 44)             | 45.00     (-0.26)
	Serum_alkaline_phosphatase_50                                              | 2322	 (16259, 44)             | 81.00     (-0.50)
	Serum_cholesterol_97                                                       | 2322	 (16259, 44)             | 7.90      (-0.37)
	Serum_creatinine_31                                                        | 2322	 (16259, 44)             | 54.00     (-0.49)
	Serum_potassium_26                                                         | 2322	 (16259, 44)             | 4.20      (-0.09)
	Serum_sodium_24                                                            | 2322	 (16259, 44)             | 141.00    (-0.04)
	Serum_total_bilirubin_level_56                                             | 2322	 (16259, 44)             | 5.00      (-0.49)
	Serum_triglycerides_105                                                    | 2322	 (16259, 44)             | 2.70      (-0.47)
	Serum_urea_level_29                                                        | 2322	 (16259, 44)             | 3.10      (-0.20)
	Total_cholesterol_HDL_ratio_95                                             | 2322	 (16259, 44)             | 5.60      (-0.48)
	Total_white_cell_count_18                                                  | 2322	 (16259, 44)             | 8.50      (-0.50)
	............................................................new week............................................................
	Diastolic_blood_pressure_5                                                 | 2323	 (16261, 44)             | 94.00     (-0.31)
	Systolic_blood_pressure_4                                                  | 2323	 (16261, 44)             | 147.00    (-0.18)
	............................................................new week............................................................
	Erythrocyte_sedimentation_rate_61                                          | 2326	 (16284, 44)             | 30.00     (0.10)
	Serum_HDL_cholesterol_level_100                                            | 2326	 (16284, 44)             | 1.40      (-0.14)
	Serum_LDL_cholesterol_level_102                                            | 2326	 (16284, 44)             | 4.60      (-0.35)
	Serum_cholesterol_97                                                       | 2326	 (16284, 44)             | 7.10      (-0.39)
	Serum_triglycerides_105                                                    | 2326	 (16284, 44)             | 2.50      (-0.47)
	Total_cholesterol_HDL_ratio_95                                             | 2326	 (16284, 44)             | 5.10      (-0.48)
	............................................................new week............................................................
	First_gen_H1_antihistamines                                                | 2327	 (16293, 44)             | nan       (nan)
	............................................................new week............................................................
	Body_mass_index_3                                                          | 2336	 (16357, 44)             | 34.60     (-0.26)
	Diastolic_blood_pressure_5                                                 | 2336	 (16357, 44)             | 105.00    (-0.28)
	O_E___weight_2                                                             | 2336	 (16357, 44)             | 80.00     (-0.38)
	Systolic_blood_pressure_4                                                  | 2336	 (16357, 44)             | 135.00    (-0.22)
	SSRIs_Optimal                                                              | 2336	 (16357, 44)             | nan       (nan)
	............................................................new week............................................................
	Diastolic_blood_pressure_5                                                 | 2346	 (16428, 45)             | 102.00    (-0.28)
	Systolic_blood_pressure_4                                                  | 2346	 (16428, 45)             | 142.00    (-0.20)
	Benzodiazepines                                                            | 2346	 (16428, 45)             | nan       (nan)
	ATOPICECZEMA                                                               | 2346	 (16428, 45)             | nan       (nan)
	............................................................new week............................................................
	Antihistamines_second_generation_H1_antagonists                            | 2348	 (16437, 45)             | nan       (nan)
	............................................................new week............................................................
	Diastolic_blood_pressure_5                                                 | 2354	 (16479, 45)             | 107.00    (-0.27)
	Ex_smoker_84                                                               | 2354	 (16479, 45)             | nan       (nan)
	Systolic_blood_pressure_4                                                  | 2354	 (16479, 45)             | 143.00    (-0.19)
	Anxiolytics_mumpredict                                                     | 2354	 (16479, 45)             | nan       (nan)
	Benzodiazepines                                                            | 2354	 (16479, 45)             | nan       (nan)
	............................................................new week............................................................
	Body_mass_index_3                                                          | 2362	 (16535, 45)             | 35.90     (-0.25)
	O_E___weight_2                                                             | 2362	 (16535, 45)             | 83.00     (-0.37)
	............................................................new week............................................................
	AST_serum_level_47                                                         | 2380	 (16662, 45)             | 32.00     (-0.50)
	Basophil_count_22                                                          | 2380	 (16662, 45)             | 0.00      (-0.49)
	Eosinophil_count_21                                                        | 2380	 (16662, 45)             | 0.10      (-0.47)
	Erythrocyte_sedimentation_rate_61                                          | 2380	 (16662, 45)             | 44.00     (0.39)
	Haematocrit_15                                                             | 2380	 (16662, 45)             | 0.39      (-0.11)
	Haemoglobin_estimation_9                                                   | 2380	 (16662, 45)             | 13.40     (-0.49)
	Lymphocyte_count_20                                                        | 2380	 (16662, 45)             | 1.90      (-0.49)
	Mean_corpusc_Hb_conc__MCHC__14                                             | 2380	 (16662, 45)             | 34.60     (-0.45)
	Mean_corpusc_haemoglobin_MCH__13                                           | 2380	 (16662, 45)             | 33.80     (-0.17)
	Mean_corpuscular_volume__MCV__11                                           | 2380	 (16662, 45)             | 97.40     (-0.14)
	Monocyte_count_23                                                          | 2380	 (16662, 45)             | 0.40      (-0.48)
	Neutrophil_count_19                                                        | 2380	 (16662, 45)             | 4.00      (-0.42)
	Platelet_count_12                                                          | 2380	 (16662, 45)             | 307.86    (-0.50)
	Red_blood_cell__RBC__count_10                                              | 2380	 (16662, 45)             | 3.96      (-0.49)
	Red_blood_cell_distribution_width_17                                       | 2380	 (16662, 45)             | nan       (nan)
	Serum_HDL_cholesterol_level_100                                            | 2380	 (16662, 45)             | 1.40      (-0.14)
	Serum_LDL_cholesterol_level_102                                            | 2380	 (16662, 45)             | 5.00      (-0.33)
	Serum_TSH_level_71                                                         | 2380	 (16662, 45)             | 1.44      (-0.49)
	Serum_albumin_51                                                           | 2380	 (16662, 45)             | 44.00     (-0.26)
	Serum_alkaline_phosphatase_50                                              | 2380	 (16662, 45)             | 71.00     (-0.50)
	Serum_cholesterol_97                                                       | 2380	 (16662, 45)             | 7.80      (-0.37)
	Serum_creatinine_31                                                        | 2380	 (16662, 45)             | 61.00     (-0.49)
	Serum_potassium_26                                                         | 2380	 (16662, 45)             | 4.70      (-0.04)
	Serum_sodium_24                                                            | 2380	 (16662, 45)             | 144.00    (-0.01)
	Serum_total_bilirubin_level_56                                             | 2380	 (16662, 45)             | 5.00      (-0.49)
	Serum_triglycerides_105                                                    | 2380	 (16662, 45)             | 3.10      (-0.47)
	Serum_urea_level_29                                                        | 2380	 (16662, 45)             | 2.80      (-0.23)
	Total_cholesterol_HDL_ratio_95                                             | 2380	 (16662, 45)             | 5.60      (-0.48)
	Total_white_cell_count_18                                                  | 2380	 (16662, 45)             | 6.40      (-0.50)
	............................................................new week............................................................
	Serum_cholesterol_97                                                       | 2383	 (16683, 45)             | 7.90      (-0.37)
	............................................................new week............................................................
	Body_mass_index_3                                                          | 2385	 (16701, 45)             | 36.30     (-0.25)
	Never_smoked_tobacco_85                                                    | 2385	 (16701, 45)             | nan       (nan)
	O_E___weight_2                                                             | 2385	 (16701, 45)             | 84.00     (-0.37)
	............................................................new week............................................................
	AST_serum_level_47                                                         | 2409	 (16863, 46)             | 24.00     (-0.50)
	Basophil_count_22                                                          | 2409	 (16863, 46)             | 0.10      (-0.48)
	Eosinophil_count_21                                                        | 2409	 (16863, 46)             | 0.10      (-0.47)
	Erythrocyte_sedimentation_rate_61                                          | 2409	 (16863, 46)             | nan       (nan)
	Haematocrit_15                                                             | 2409	 (16863, 46)             | 0.37      (-0.13)
	Haemoglobin_estimation_9                                                   | 2409	 (16863, 46)             | 13.30     (-0.49)
	Lymphocyte_count_20                                                        | 2409	 (16863, 46)             | 1.70      (-0.49)
	Mean_corpusc_Hb_conc__MCHC__14                                             | 2409	 (16863, 46)             | 35.70     (-0.45)
	Mean_corpusc_haemoglobin_MCH__13                                           | 2409	 (16863, 46)             | 34.10     (-0.17)
	Mean_corpuscular_volume__MCV__11                                           | 2409	 (16863, 46)             | 95.60     (-0.14)
	Monocyte_count_23                                                          | 2409	 (16863, 46)             | 0.40      (-0.48)
	Neutrophil_count_19                                                        | 2409	 (16863, 46)             | 3.90      (-0.42)
	Platelet_count_12                                                          | 2409	 (16863, 46)             | 332.00    (-0.50)
	Red_blood_cell__RBC__count_10                                              | 2409	 (16863, 46)             | 3.88      (-0.49)
	Red_blood_cell_distribution_width_17                                       | 2409	 (16863, 46)             | nan       (nan)
	Serum_TSH_level_71                                                         | 2409	 (16863, 46)             | 1.58      (-0.49)
	Serum_albumin_51                                                           | 2409	 (16863, 46)             | 46.00     (-0.25)
	Serum_alkaline_phosphatase_50                                              | 2409	 (16863, 46)             | 72.00     (-0.50)
	Serum_creatinine_31                                                        | 2409	 (16863, 46)             | 54.00     (-0.49)
	Serum_potassium_26                                                         | 2409	 (16863, 46)             | 4.20      (-0.09)
	Serum_sodium_24                                                            | 2409	 (16863, 46)             | 138.00    (-0.06)
	Serum_total_bilirubin_level_56                                             | 2409	 (16863, 46)             | 4.00      (-0.49)
	Serum_urea_level_29                                                        | 2409	 (16863, 46)             | 3.40      (-0.17)
	Total_white_cell_count_18                                                  | 2409	 (16863, 46)             | 6.20      (-0.50)
	Erythrocyte_sedimentation_rate_61                                          | 2409	 (16866, 46)             | nan       (nan)
	Diastolic_blood_pressure_5                                                 | 2409	 (16869, 46)             | 100.00    (-0.29)
	Systolic_blood_pressure_4                                                  | 2409	 (16869, 46)             | 161.00    (-0.15)
	............................................................new week............................................................
	Erythrocyte_sedimentation_rate_61                                          | 2411	 (16883, 46)             | nan       (nan)
	Plasma_C_reactive_protein_60                                               | 2411	 (16883, 46)             | 5.00      (-0.03)
	............................................................new week............................................................
	Body_mass_index_3                                                          | 2414	 (16899, 46)             | 36.30     (-0.25)
	Diastolic_blood_pressure_5                                                 | 2414	 (16899, 46)             | 82.00     (-0.34)
	Never_smoked_tobacco_85                                                    | 2414	 (16899, 46)             | nan       (nan)
	O_E___weight_2                                                             | 2414	 (16899, 46)             | 84.00     (-0.37)
	Systolic_blood_pressure_4                                                  | 2414	 (16899, 46)             | 108.00    (-0.29)
	............................................................new week............................................................
	SSRIs_Optimal                                                              | 2415	 (16906, 46)             | nan       (nan)
	............................................................new week............................................................
	SSRIs_Optimal                                                              | 2418	 (16931, 46)             | nan       (nan)
	............................................................new week............................................................
	Body_mass_index_3                                                          | 2419	 (16939, 46)             | nan       (nan)
	............................................................new week............................................................
	Body_mass_index_3                                                          | 2421	 (16949, 46)             | 37.10     (-0.24)
	Diastolic_blood_pressure_5                                                 | 2421	 (16949, 46)             | 74.00     (-0.36)
	O_E___weight_2                                                             | 2421	 (16949, 46)             | 85.90     (-0.37)
	Systolic_blood_pressure_4                                                  | 2421	 (16949, 46)             | 122.00    (-0.25)
	SSRIs_Optimal                                                              | 2421	 (16952, 46)             | nan       (nan)
	Erythrocyte_sedimentation_rate_61                                          | 2421	 (16953, 46)             | 43.00     (0.37)
	Free_T4_level_76                                                           | 2421	 (16953, 46)             | 9.10      (-0.49)
	TSH___thyroid_stim_hormone_72                                              | 2421	 (16953, 46)             | 0.82      (-0.50)
	............................................................new week............................................................
	NSAIDS_oral_OPTIMAL_final                                                  | 2425	 (16975, 46)             | nan       (nan)
	............................................................new week............................................................
	SSRIs_Optimal                                                              | 2434	 (17039, 46)             | nan       (nan)
	............................................................new week............................................................
	AST_serum_level_47                                                         | 2439	 (17073, 46)             | 25.00     (-0.50)
	Basophil_count_22                                                          | 2439	 (17073, 46)             | 0.10      (-0.48)
	Corrected_serum_calcium_level_42                                           | 2439	 (17073, 46)             | 2.11      (-0.30)
	Eosinophil_count_21                                                        | 2439	 (17073, 46)             | 0.10      (-0.47)
	Erythrocyte_sedimentation_rate_61                                          | 2439	 (17073, 46)             | 46.00     (0.43)
	Haematocrit_15                                                             | 2439	 (17073, 46)             | 0.37      (-0.13)
	Haemoglobin_estimation_9                                                   | 2439	 (17073, 46)             | 12.70     (-0.49)
	Lymphocyte_count_20                                                        | 2439	 (17073, 46)             | 1.60      (-0.49)
	Mean_corpusc_Hb_conc__MCHC__14                                             | 2439	 (17073, 46)             | 34.40     (-0.45)
	Mean_corpusc_haemoglobin_MCH__13                                           | 2439	 (17073, 46)             | 32.90     (-0.18)
	Mean_corpuscular_volume__MCV__11                                           | 2439	 (17073, 46)             | 95.60     (-0.14)
	Monocyte_count_23                                                          | 2439	 (17073, 46)             | 0.30      (-0.48)
	Neutrophil_count_19                                                        | 2439	 (17073, 46)             | 4.00      (-0.42)
	Platelet_count_12                                                          | 2439	 (17073, 46)             | 323.06    (-0.50)
	Red_blood_cell__RBC__count_10                                              | 2439	 (17073, 46)             | 3.86      (-0.49)
	Red_blood_cell_distribution_width_17                                       | 2439	 (17073, 46)             | nan       (nan)
	Serum_HDL_cholesterol_level_100                                            | 2439	 (17073, 46)             | 1.40      (-0.14)
	Serum_LDL_cholesterol_level_102                                            | 2439	 (17073, 46)             | 3.20      (-0.39)
	Serum_TSH_level_71                                                         | 2439	 (17073, 46)             | 1.12      (-0.50)
	Serum_albumin_51                                                           | 2439	 (17073, 46)             | 43.00     (-0.27)
	Serum_alkaline_phosphatase_50                                              | 2439	 (17073, 46)             | 72.00     (-0.50)
	Serum_calcium_39                                                           | 2439	 (17073, 46)             | 2.17      (-0.29)
	Serum_cholesterol_97                                                       | 2439	 (17073, 46)             | 6.10      (-0.41)
	Serum_creatinine_31                                                        | 2439	 (17073, 46)             | 46.00     (-0.50)
	Serum_potassium_26                                                         | 2439	 (17073, 46)             | 4.20      (-0.09)
	Serum_sodium_24                                                            | 2439	 (17073, 46)             | 139.00    (-0.05)
	Serum_total_bilirubin_level_56                                             | 2439	 (17073, 46)             | 4.00      (-0.49)
	Serum_triglycerides_105                                                    | 2439	 (17073, 46)             | 3.40      (-0.47)
	Serum_urea_level_29                                                        | 2439	 (17073, 46)             | 3.80      (-0.14)
	Total_cholesterol_HDL_ratio_95                                             | 2439	 (17073, 46)             | 4.40      (-0.49)
	Total_white_cell_count_18                                                  | 2439	 (17073, 46)             | 6.00      (-0.50)
	............................................................new week............................................................
	NSAIDS_oral_OPTIMAL_final                                                  | 2442	 (17099, 46)             | nan       (nan)
	SSRIs_Optimal                                                              | 2442	 (17099, 46)             | nan       (nan)
	............................................................new week............................................................
	SSRIs_Optimal                                                              | 2450	 (17155, 47)             | nan       (nan)
	............................................................new week............................................................
	NSAIDS_oral_OPTIMAL_final                                                  | 2454	 (17183, 47)             | nan       (nan)
	............................................................new week............................................................
	NSAIDS_oral_OPTIMAL_final                                                  | 2458	 (17208, 47)             | nan       (nan)
	SSRIs_Optimal                                                              | 2458	 (17208, 47)             | nan       (nan)
	............................................................new week............................................................
	NSAIDS_oral_OPTIMAL_final                                                  | 2465	 (17261, 47)             | nan       (nan)
	SSRIs_Optimal                                                              | 2465	 (17261, 47)             | nan       (nan)
	Weak_Opioids_Final                                                         | 2465	 (17261, 47)             | nan       (nan)
	............................................................new week............................................................
	NSAIDS_oral_OPTIMAL_final                                                  | 2469	 (17285, 47)             | nan       (nan)
	SSRIs_Optimal                                                              | 2469	 (17285, 47)             | nan       (nan)
	Weak_Opioids_Final                                                         | 2469	 (17285, 47)             | nan       (nan)
	CHRONICFATIGUESYNDROMEMM_V2                                                | 2469	 (17285, 47)             | nan       (nan)
	............................................................new week............................................................
	NSAIDS_oral_OPTIMAL_final                                                  | 2478	 (17347, 47)             | nan       (nan)
	SSRIs_Optimal                                                              | 2478	 (17347, 47)             | nan       (nan)
	Weak_Opioids_Final                                                         | 2478	 (17347, 47)             | nan       (nan)
	............................................................new week............................................................
	Weak_Opioids_Final                                                         | 2482	 (17379, 47)             | nan       (nan)
	............................................................new week............................................................
	Basophil_count_22                                                          | 2485	 (17400, 47)             | 0.00      (-0.49)
	Eosinophil_count_21                                                        | 2485	 (17400, 47)             | 0.10      (-0.47)
	Erythrocyte_sedimentation_rate_61                                          | 2485	 (17400, 47)             | nan       (nan)
	GFR_calculated_abbreviated_MDRD_34                                         | 2485	 (17400, 47)             | 60.00     (-0.30)
	Haematocrit_15                                                             | 2485	 (17400, 47)             | 0.37      (-0.13)
	Haemoglobin_estimation_9                                                   | 2485	 (17400, 47)             | 12.80     (-0.49)
	Lymphocyte_count_20                                                        | 2485	 (17400, 47)             | 2.20      (-0.49)
	Mean_corpusc_Hb_conc__MCHC__14                                             | 2485	 (17400, 47)             | 34.20     (-0.45)
	Mean_corpusc_haemoglobin_MCH__13                                           | 2485	 (17400, 47)             | 33.00     (-0.18)
	Mean_corpuscular_volume__MCV__11                                           | 2485	 (17400, 47)             | 96.20     (-0.14)
	Monocyte_count_23                                                          | 2485	 (17400, 47)             | 0.30      (-0.48)
	Neutrophil_count_19                                                        | 2485	 (17400, 47)             | 3.80      (-0.42)
	Platelet_count_12                                                          | 2485	 (17400, 47)             | 307.86    (-0.50)
	Red_blood_cell__RBC__count_10                                              | 2485	 (17400, 47)             | 3.87      (-0.49)
	Red_blood_cell_distribution_width_17                                       | 2485	 (17400, 47)             | nan       (nan)
	Serum_C_reactive_protein_level_59                                          | 2485	 (17400, 47)             | 9.00      (0.17)
	Serum_TSH_level_71                                                         | 2485	 (17400, 47)             | 1.30      (-0.50)
	Serum_creatinine_31                                                        | 2485	 (17400, 47)             | 50.00     (-0.50)
	Serum_potassium_26                                                         | 2485	 (17400, 47)             | 4.60      (-0.05)
	Serum_sodium_24                                                            | 2485	 (17400, 47)             | 142.00    (-0.03)
	Serum_urea_level_29                                                        | 2485	 (17400, 47)             | 4.90      (-0.03)
	Total_white_cell_count_18                                                  | 2485	 (17400, 47)             | 6.40      (-0.50)
	............................................................new week............................................................
	NSAIDS_oral_OPTIMAL_final                                                  | 2486	 (17407, 47)             | nan       (nan)
	SSRIs_Optimal                                                              | 2486	 (17407, 47)             | nan       (nan)
	Weak_Opioids_Final                                                         | 2486	 (17407, 47)             | nan       (nan)
	............................................................new week............................................................
	NSAIDS_oral_OPTIMAL_final                                                  | 2489	 (17428, 47)             | nan       (nan)
	Weak_Opioids_Final                                                         | 2489	 (17428, 47)             | nan       (nan)
	Weak_Opioids_Final                                                         | 2489	 (17428, 47)             | nan       (nan)
	............................................................new week............................................................
	NSAIDS_oral_OPTIMAL_final                                                  | 2493	 (17456, 47)             | nan       (nan)
	Weak_Opioids_Final                                                         | 2493	 (17456, 47)             | nan       (nan)
	Weak_Opioids_Final                                                         | 2493	 (17456, 47)             | nan       (nan)
	............................................................new week............................................................
	Diastolic_blood_pressure_5                                                 | 2498	 (17491, 47)             | 86.00     (-0.33)
	Never_smoked_tobacco_85                                                    | 2498	 (17491, 47)             | nan       (nan)
	Systolic_blood_pressure_4                                                  | 2498	 (17491, 47)             | 110.00    (-0.28)
	NSAIDS_oral_OPTIMAL_final                                                  | 2498	 (17491, 47)             | nan       (nan)
	SSRIs_Optimal                                                              | 2498	 (17491, 47)             | nan       (nan)
	Weak_Opioids_Final                                                         | 2498	 (17491, 47)             | nan       (nan)
	............................................................new week............................................................
	Weak_Opioids_Final                                                         | 2502	 (17520, 48)             | nan       (nan)
	Weak_Opioids_Final                                                         | 2502	 (17520, 48)             | nan       (nan)
	............................................................new week............................................................
	SSRIs_Optimal                                                              | 2506	 (17547, 48)             | nan       (nan)
	Weak_Opioids_Final                                                         | 2506	 (17547, 48)             | nan       (nan)
	Weak_Opioids_Final                                                         | 2506	 (17547, 48)             | nan       (nan)
	............................................................new week............................................................
	Antihistamines_second_generation_H1_antagonists                            | 2510	 (17576, 48)             | nan       (nan)
	NSAIDS_oral_OPTIMAL_final                                                  | 2510	 (17576, 48)             | nan       (nan)
	Weak_Opioids_Final                                                         | 2510	 (17576, 48)             | nan       (nan)
	............................................................new week............................................................
	Weak_Opioids_Final                                                         | 2514	 (17604, 48)             | nan       (nan)
	............................................................new week............................................................
	Diastolic_blood_pressure_5                                                 | 2518	 (17631, 48)             | 80.00     (-0.34)
	Systolic_blood_pressure_4                                                  | 2518	 (17631, 48)             | 134.00    (-0.22)
	NSAIDS_oral_OPTIMAL_final                                                  | 2518	 (17631, 48)             | nan       (nan)
	SSRIs_Optimal                                                              | 2518	 (17631, 48)             | nan       (nan)
	Weak_Opioids_Final                                                         | 2518	 (17631, 48)             | nan       (nan)
	............................................................new week............................................................
	Weak_Opioids_Final                                                         | 2522	 (17659, 48)             | nan       (nan)
	Weak_Opioids_Final                                                         | 2522	 (17660, 48)             | nan       (nan)
	............................................................new week............................................................
	NSAIDS_oral_OPTIMAL_final                                                  | 2523	 (17666, 48)             | nan       (nan)
	SSRIs_Optimal                                                              | 2523	 (17666, 48)             | nan       (nan)
	Weak_Opioids_Final                                                         | 2523	 (17666, 48)             | nan       (nan)
	............................................................new week............................................................
	Weak_Opioids_Final                                                         | 2525	 (17675, 48)             | nan       (nan)
	............................................................new week............................................................
	Weak_Opioids_Final                                                         | 2530	 (17715, 48)             | nan       (nan)
	Weak_Opioids_Final                                                         | 2530	 (17715, 48)             | nan       (nan)
	Weak_Opioids_Final                                                         | 2530	 (17715, 48)             | nan       (nan)
	ANXIETY                                                                    | 2530	 (17715, 48)             | nan       (nan)
	............................................................new week............................................................
	NSAIDS_oral_OPTIMAL_final                                                  | 2534	 (17743, 48)             | nan       (nan)
	SSRIs_Optimal                                                              | 2534	 (17743, 48)             | nan       (nan)
	Weak_Opioids_Final                                                         | 2534	 (17743, 48)             | nan       (nan)
	Weak_Opioids_Final                                                         | 2534	 (17743, 48)             | nan       (nan)
	Weak_Opioids_Final                                                         | 2534	 (17743, 48)             | nan       (nan)
	............................................................new week............................................................
	NSAIDS_oral_OPTIMAL_final                                                  | 2539	 (17778, 48)             | nan       (nan)
	SSRIs_Optimal                                                              | 2539	 (17778, 48)             | nan       (nan)
	Weak_Opioids_Final                                                         | 2539	 (17778, 48)             | nan       (nan)
	Weak_Opioids_Final                                                         | 2539	 (17778, 48)             | nan       (nan)
	............................................................new week............................................................
	NSAIDS_oral_OPTIMAL_final                                                  | 2543	 (17806, 48)             | nan       (nan)
	Weak_Opioids_Final                                                         | 2543	 (17806, 48)             | nan       (nan)
	............................................................new week............................................................
	First_gen_H1_antihistamines                                                | 2548	 (17842, 48)             | nan       (nan)
	NSAIDS_oral_OPTIMAL_final                                                  | 2548	 (17842, 48)             | nan       (nan)
	SSRIs_Optimal                                                              | 2548	 (17842, 48)             | nan       (nan)
	Weak_Opioids_Final                                                         | 2548	 (17842, 48)             | nan       (nan)
	Weak_Opioids_Final                                                         | 2548	 (17842, 48)             | nan       (nan)

========================================================================================================================
DIAGNOSIS SUMMARY
['ATOPICECZEMA', 'CHRONICFATIGUESYNDROMEMM_V2', 'ANXIETY']
========================================================================================================================


PREDICTED FUTURE EVENTS
========================================================================================================================
	EVENT                                                                     | AGE IN WEEKS (days, years)  | VALUE
	............................................................new week............................................................
	NSAIDS_oral_OPTIMAL_final                                                  | 2549	 (17849, 48)             | nan       (nan)
	Weak_Opioids_Final                                                         | 2549	 (17849, 48)             | nan       (nan)
	............................................................new week............................................................
	Diastolic_blood_pressure_5                                                 | 2551	 (17863, 48)             | 70.19     (-0.37)
	............................................................new week............................................................
	Systolic_blood_pressure_4                                                  | 2552	 (17865, 48)             | 120.02    (-0.26)
	............................................................new week............................................................
	Tricyclic_Antidepressants_final                                            | 2553	 (17874, 48)             | nan       (nan)
	Weak_Opioids_Final                                                         | 2553	 (17876, 48)             | nan       (nan)
	............................................................new week............................................................
	Weak_Opioids_Final                                                         | 2554	 (17880, 48)             | nan       (nan)
	Weak_Opioids_Final                                                         | 2554	 (17884, 48)             | nan       (nan)
	............................................................new week............................................................
	NSAIDS_oral_OPTIMAL_final                                                  | 2556	 (17898, 49)             | nan       (nan)
	Weak_Opioids_Final                                                         | 2556	 (17898, 49)             | nan       (nan)
	............................................................new week............................................................
	Weak_Opioids_Final                                                         | 2557	 (17905, 49)             | nan       (nan)
	............................................................new week............................................................
	NSAIDS_oral_OPTIMAL_final                                                  | 2569	 (17986, 49)             | nan       (nan)
	Weak_Opioids_Final                                                         | 2569	 (17986, 49)             | nan       (nan)
	............................................................new week............................................................
	Anxiolytics_mumpredict                                                     | 2573	 (18015, 49)             | nan       (nan)
	Benzodiazepines                                                            | 2573	 (18015, 49)             | nan       (nan)
	NSAIDS_oral_OPTIMAL_final                                                  | 2573	 (18015, 49)             | nan       (nan)
	Weak_Opioids_Final                                                         | 2573	 (18015, 49)             | nan       (nan)
	............................................................new week............................................................
	Body_mass_index_3                                                          | 2577	 (18042, 49)             | 36.62     (-0.25)
	Never_smoked_tobacco_85                                                    | 2577	 (18044, 49)             | 0.00      (0.11)
	............................................................new week............................................................
	NSAIDS_oral_OPTIMAL_final                                                  | 2580	 (18061, 49)             | nan       (nan)
	Weak_Opioids_Final                                                         | 2580	 (18063, 49)             | nan       (nan)
	............................................................new week............................................................
	Weak_Opioids_Final                                                         | 2590	 (18132, 49)             | nan       (nan)
	Weak_Opioids_Final                                                         | 2590	 (18134, 49)             | nan       (nan)
	............................................................new week............................................................
	Anxiolytics_mumpredict                                                     | 2593	 (18156, 49)             | nan       (nan)
	............................................................new week............................................................
	Benzodiazepines                                                            | 2594	 (18159, 49)             | nan       (nan)
	............................................................new week............................................................
	Weak_Opioids_Final                                                         | 2600	 (18203, 49)             | nan       (nan)
	............................................................new week............................................................
	Tricyclic_Antidepressants_final                                            | 2608	 (18258, 50)             | nan       (nan)
	............................................................new week............................................................
	Weak_Opioids_Final                                                         | 2609	 (18265, 50)             | nan       (nan)
	............................................................new week............................................................
	Tricyclic_Antidepressants_final                                            | 2615	 (18309, 50)             | nan       (nan)
	............................................................new week............................................................
	NSAIDS_oral_OPTIMAL_final                                                  | 2619	 (18333, 50)             | nan       (nan)
	Weak_Opioids_Final                                                         | 2619	 (18338, 50)             | nan       (nan)
	............................................................new week............................................................
	Weak_Opioids_Final                                                         | 2620	 (18340, 50)             | nan       (nan)
	............................................................new week............................................................
	Benzodiazepines                                                            | 2621	 (18348, 50)             | nan       (nan)
	............................................................new week............................................................
	NSAIDS_oral_OPTIMAL_final                                                  | 2623	 (18364, 50)             | nan       (nan)
	............................................................new week............................................................
	NSAIDS_oral_OPTIMAL_final                                                  | 2633	 (18435, 50)             | nan       (nan)
	NSAIDS_oral_OPTIMAL_final                                                  | 2633	 (18435, 50)             | nan       (nan)
	............................................................new week............................................................
	Diastolic_blood_pressure_5                                                 | 2638	 (18466, 50)             | 57.94     (-0.40)
	Systolic_blood_pressure_4                                                  | 2638	 (18466, 50)             | 98.14     (-0.32)
	............................................................new week............................................................
	Never_smoked_tobacco_85                                                    | 2644	 (18512, 50)             | 0.00      (-1.30)
	Amitriptyline_optimal                                                      | 2644	 (18514, 50)             | nan       (nan)
	............................................................new week............................................................
	Tricyclic_Antidepressants_final                                            | 2645	 (18517, 50)             | nan       (nan)
	............................................................new week............................................................
	Basophil_count_22                                                          | 2648	 (18536, 50)             | 0.04      (-0.49)
	Calcium_adjusted_level_41                                                  | 2648	 (18538, 50)             | 2.38      (-0.27)
	Eosinophil_count_21                                                        | 2648	 (18541, 50)             | 0.14      (-0.47)
	Erythrocyte_sedimentation_rate_61                                          | 2648	 (18541, 50)             | 3.61      (-0.43)
	GFR_calculated_abbreviated_MDRD_34                                         | 2648	 (18541, 50)             | 66.90     (-0.28)
	Haematocrit_15                                                             | 2648	 (18541, 50)             | 0.35      (-0.15)
	Haemoglobin_estimation_9                                                   | 2648	 (18541, 50)             | 2.64      (-0.53)
	Lymphocyte_count_20                                                        | 2648	 (18541, 50)             | 2.70      (-0.49)
	............................................................new week............................................................
	Mean_corpusc_haemoglobin_MCH__13                                           | 2649	 (18543, 50)             | 31.92     (-0.19)
