STATIC INFORMATION
========================================================================================================================
	SEX:               M
	IMD:               5.0
	ETHNICITY:         BLACK
	birth_year:        1978.0


GIVEN PATIENT CONTEXT
========================================================================================================================
	EVENT                                                                     | AGE IN WEEKS (days, years)   | VALUE
	............................................................new week............................................................
	ALCOHOLMISUSE_V2                                                           | 1777	 (12445, 34)             | nan       (nan)
	............................................................new week............................................................
	Body_mass_index_3                                                          | 1778	 (12449, 34)             | 25.20     (-0.34)
	Diastolic_blood_pressure_5                                                 | 1778	 (12449, 34)             | 80.00     (-0.34)
	O_E___height_1                                                             | 1778	 (12449, 34)             | 167.00    (0.08)
	O_E___weight_2                                                             | 1778	 (12449, 34)             | 70.20     (-0.39)
	Systolic_blood_pressure_4                                                  | 1778	 (12449, 34)             | 142.00    (-0.20)
	............................................................new week............................................................
	Nasal_steroids_optimal                                                     | 1814	 (12701, 34)             | nan       (nan)
	............................................................new week............................................................
	Nasal_steroids_optimal                                                     | 1820	 (12745, 34)             | nan       (nan)
	............................................................new week............................................................
	GFR_calculated_abbreviated_MDRD_34                                         | 1830	 (12816, 35)             | nan       (nan)
	Haemoglobin_estimation_9                                                   | 1830	 (12816, 35)             | 143.00    (-0.04)
	Lymphocyte_count_20                                                        | 1830	 (12816, 35)             | 0.90      (-0.50)
	Mean_corpusc_Hb_conc__MCHC__14                                             | 1830	 (12816, 35)             | 322.00    (0.14)
	Mean_corpusc_haemoglobin_MCH__13                                           | 1830	 (12816, 35)             | 30.60     (-0.20)
	Mean_corpuscular_volume__MCV__11                                           | 1830	 (12816, 35)             | 95.20     (-0.14)
	Monocyte_count_23                                                          | 1830	 (12816, 35)             | 0.20      (-0.49)
	Neutrophil_count_19                                                        | 1830	 (12816, 35)             | 1.00      (-0.48)
	Platelet_count_12                                                          | 1830	 (12816, 35)             | 258.09    (-0.50)
	Red_blood_cell__RBC__count_10                                              | 1830	 (12816, 35)             | 4.69      (-0.49)
	Red_blood_cell_distribution_width_17                                       | 1830	 (12816, 35)             | 12.80     (-0.47)
	Serum_C_reactive_protein_level_59                                          | 1830	 (12816, 35)             | 4.00      (-0.03)
	Serum_alanine_aminotransferase_level_45                                    | 1830	 (12816, 35)             | 44.00     (-0.50)
	Serum_albumin_51                                                           | 1830	 (12816, 35)             | 42.00     (-0.28)
	Serum_alkaline_phosphatase_50                                              | 1830	 (12816, 35)             | 32.00     (-0.50)
	Serum_bilirubin_level_53                                                   | 1830	 (12816, 35)             | 13.00     (-0.48)
	Serum_creatinine_31                                                        | 1830	 (12816, 35)             | 85.00     (-0.49)
	Serum_gamma_glutamyl_transferase_level_57                                  | 1830	 (12816, 35)             | 38.00     (0.04)
	Serum_potassium_26                                                         | 1830	 (12816, 35)             | 4.10      (-0.10)
	Serum_sodium_24                                                            | 1830	 (12816, 35)             | 139.00    (-0.05)
	Serum_urea_level_29                                                        | 1830	 (12816, 35)             | 6.50      (0.13)
	Total_white_cell_count_18                                                  | 1830	 (12816, 35)             | 2.20      (-0.50)
	............................................................new week............................................................
	Haemoglobin_estimation_9                                                   | 1834	 (12842, 35)             | 148.00    (-0.02)
	Lymphocyte_count_20                                                        | 1834	 (12842, 35)             | 0.90      (-0.50)
	Mean_corpusc_Hb_conc__MCHC__14                                             | 1834	 (12842, 35)             | 317.00    (0.13)
	Mean_corpusc_haemoglobin_MCH__13                                           | 1834	 (12842, 35)             | 30.50     (-0.20)
	Mean_corpuscular_volume__MCV__11                                           | 1834	 (12842, 35)             | 96.30     (-0.14)
	Monocyte_count_23                                                          | 1834	 (12842, 35)             | 0.30      (-0.48)
	Neutrophil_count_19                                                        | 1834	 (12842, 35)             | 1.30      (-0.47)
	Platelet_count_12                                                          | 1834	 (12842, 35)             | 227.99    (-0.50)
	Red_blood_cell__RBC__count_10                                              | 1834	 (12842, 35)             | 4.86      (-0.49)
	Red_blood_cell_distribution_width_17                                       | 1834	 (12842, 35)             | 12.20     (-0.48)
	Total_white_cell_count_18                                                  | 1834	 (12842, 35)             | 2.60      (-0.50)
	............................................................new week............................................................
	Haemoglobin_estimation_9                                                   | 1845	 (12920, 35)             | 151.00    (-0.01)
	Lymphocyte_count_20                                                        | 1845	 (12920, 35)             | 1.20      (-0.49)
	Mean_corpusc_Hb_conc__MCHC__14                                             | 1845	 (12920, 35)             | 322.00    (0.14)
	Mean_corpusc_haemoglobin_MCH__13                                           | 1845	 (12920, 35)             | 30.60     (-0.20)
	Mean_corpuscular_volume__MCV__11                                           | 1845	 (12920, 35)             | 95.00     (-0.15)
	Monocyte_count_23                                                          | 1845	 (12920, 35)             | 0.30      (-0.48)
	Neutrophil_count_19                                                        | 1845	 (12920, 35)             | 1.10      (-0.48)
	Platelet_count_12                                                          | 1845	 (12920, 35)             | 275.08    (-0.50)
	Red_blood_cell__RBC__count_10                                              | 1845	 (12920, 35)             | 4.93      (-0.49)
	Red_blood_cell_distribution_width_17                                       | 1845	 (12920, 35)             | 11.30     (-0.49)
	Total_white_cell_count_18                                                  | 1845	 (12920, 35)             | 2.60      (-0.50)
	............................................................new week............................................................
	Nasal_steroids_optimal                                                     | 1862	 (13039, 35)             | nan       (nan)
	Nasal_steroids_optimal                                                     | 1862	 (13039, 35)             | nan       (nan)
	Nasal_steroids_optimal                                                     | 1862	 (13040, 35)             | nan       (nan)
	............................................................new week............................................................
	Nasal_steroids_optimal                                                     | 1872	 (13110, 35)             | nan       (nan)
	............................................................new week............................................................
	Haemoglobin_estimation_9                                                   | 1895	 (13271, 36)             | 148.00    (-0.02)
	Lymphocyte_count_20                                                        | 1895	 (13271, 36)             | 1.70      (-0.49)
	Mean_corpusc_Hb_conc__MCHC__14                                             | 1895	 (13271, 36)             | 331.00    (0.16)
	Mean_corpusc_haemoglobin_MCH__13                                           | 1895	 (13271, 36)             | 31.20     (-0.19)
	Mean_corpuscular_volume__MCV__11                                           | 1895	 (13271, 36)             | 94.10     (-0.15)
	Monocyte_count_23                                                          | 1895	 (13271, 36)             | 0.40      (-0.48)
	Neutrophil_count_19                                                        | 1895	 (13271, 36)             | 1.40      (-0.47)
	Platelet_count_12                                                          | 1895	 (13271, 36)             | 250.94    (-0.50)
	Red_blood_cell__RBC__count_10                                              | 1895	 (13271, 36)             | 4.74      (-0.49)
	Red_blood_cell_distribution_width_17                                       | 1895	 (13271, 36)             | 11.80     (-0.48)
	Total_white_cell_count_18                                                  | 1895	 (13271, 36)             | 3.50      (-0.50)
	............................................................new week............................................................
	Nasal_steroids_optimal                                                     | 1929	 (13505, 37)             | nan       (nan)
	ALLERGICRHINITISCONJ                                                       | 1929	 (13505, 37)             | nan       (nan)
	............................................................new week............................................................
	Diastolic_blood_pressure_5                                                 | 1982	 (13877, 38)             | 72.00     (-0.36)
	Systolic_blood_pressure_4                                                  | 1982	 (13877, 38)             | 130.00    (-0.23)
	............................................................new week............................................................
	Haemoglobin_estimation_9                                                   | 2003	 (14027, 38)             | 147.00    (-0.03)
	Lymphocyte_count_20                                                        | 2003	 (14027, 38)             | 1.30      (-0.49)
	Mean_corpusc_Hb_conc__MCHC__14                                             | 2003	 (14027, 38)             | 331.00    (0.16)
	Mean_corpusc_haemoglobin_MCH__13                                           | 2003	 (14027, 38)             | 31.10     (-0.20)
	Mean_corpuscular_volume__MCV__11                                           | 2003	 (14027, 38)             | 93.90     (-0.15)
	Monocyte_count_23                                                          | 2003	 (14027, 38)             | 0.50      (-0.47)
	Neutrophil_count_19                                                        | 2003	 (14027, 38)             | 1.20      (-0.48)
	Platelet_count_12                                                          | 2003	 (14027, 38)             | 239.01    (-0.50)
	Red_blood_cell__RBC__count_10                                              | 2003	 (14027, 38)             | 4.73      (-0.49)
	Red_blood_cell_distribution_width_17                                       | 2003	 (14027, 38)             | 12.50     (-0.48)
	Total_white_cell_count_18                                                  | 2003	 (14027, 38)             | 3.10      (-0.50)
	............................................................new week............................................................
	Nasal_steroids_optimal                                                     | 2020	 (14142, 38)             | nan       (nan)
	............................................................new week............................................................
	Body_mass_index_3                                                          | 2033	 (14234, 38)             | 23.60     (-0.35)
	Diastolic_blood_pressure_5                                                 | 2033	 (14234, 38)             | 93.00     (-0.31)
	O_E___height_1                                                             | 2033	 (14234, 38)             | 167.00    (0.08)
	O_E___weight_2                                                             | 2033	 (14234, 38)             | 66.00     (-0.40)
	Systolic_blood_pressure_4                                                  | 2033	 (14234, 38)             | 139.00    (-0.21)
	............................................................new week............................................................
	Calculated_LDL_cholesterol_level_103                                       | 2034	 (14242, 39)             | 2.50      (-0.42)
	GFR_calculated_abbreviated_MDRD_34                                         | 2034	 (14242, 39)             | 60.00     (-0.30)
	Haemoglobin_A1c_level___IFCC_standardised_6                                | 2034	 (14242, 39)             | 29.00     (-0.40)
	Haemoglobin_estimation_9                                                   | 2034	 (14242, 39)             | 143.00    (-0.04)
	Lymphocyte_count_20                                                        | 2034	 (14242, 39)             | 1.20      (-0.49)
	Mean_corpusc_Hb_conc__MCHC__14                                             | 2034	 (14242, 39)             | 335.00    (0.16)
	Mean_corpusc_haemoglobin_MCH__13                                           | 2034	 (14242, 39)             | 31.50     (-0.19)
	Mean_corpuscular_volume__MCV__11                                           | 2034	 (14242, 39)             | 93.90     (-0.15)
	Monocyte_count_23                                                          | 2034	 (14242, 39)             | 0.50      (-0.47)
	Neutrophil_count_19                                                        | 2034	 (14242, 39)             | 1.40      (-0.47)
	Non_HDL_cholesterol_level_108                                              | 2034	 (14242, 39)             | 3.00      (-0.03)
	Platelet_count_12                                                          | 2034	 (14242, 39)             | 262.86    (-0.50)
	Red_blood_cell__RBC__count_10                                              | 2034	 (14242, 39)             | 4.54      (-0.49)
	Red_blood_cell_distribution_width_17                                       | 2034	 (14242, 39)             | 12.30     (-0.48)
	Serum_HDL_cholesterol_level_100                                            | 2034	 (14242, 39)             | 3.08      (0.29)
	Serum_TSH_level_71                                                         | 2034	 (14242, 39)             | 1.15      (-0.50)
	Serum_alanine_aminotransferase_level_45                                    | 2034	 (14242, 39)             | 52.00     (-0.50)
	Serum_albumin_51                                                           | 2034	 (14242, 39)             | 43.00     (-0.27)
	Serum_alkaline_phosphatase_50                                              | 2034	 (14242, 39)             | 50.00     (-0.50)
	Serum_bilirubin_level_53                                                   | 2034	 (14242, 39)             | 17.00     (-0.48)
	Serum_cholesterol_97                                                       | 2034	 (14242, 39)             | 6.10      (-0.41)
	Serum_creatinine_31                                                        | 2034	 (14242, 39)             | 88.00     (-0.49)
	Serum_potassium_26                                                         | 2034	 (14242, 39)             | 4.40      (-0.07)
	Serum_sodium_24                                                            | 2034	 (14242, 39)             | 140.00    (-0.05)
	Serum_triglycerides_105                                                    | 2034	 (14242, 39)             | 1.10      (-0.49)
	Serum_urea_level_29                                                        | 2034	 (14242, 39)             | 5.10      (-0.01)
	Total_cholesterol_HDL_ratio_95                                             | 2034	 (14242, 39)             | 2.00      (-0.50)
	Total_white_cell_count_18                                                  | 2034	 (14242, 39)             | 3.10      (-0.50)
	............................................................new week............................................................
	SSRIs_Optimal                                                              | 2061	 (14430, 39)             | nan       (nan)
	DEPRESSION                                                                 | 2061	 (14430, 39)             | nan       (nan)
	............................................................new week............................................................
	Body_mass_index_3                                                          | 2067	 (14471, 39)             | 24.00     (-0.35)
	Diastolic_blood_pressure_5                                                 | 2067	 (14471, 39)             | 99.00     (-0.29)
	O_E___weight_2                                                             | 2067	 (14471, 39)             | 67.00     (-0.40)
	Systolic_blood_pressure_4                                                  | 2067	 (14471, 39)             | 169.00    (-0.12)
	Calculated_LDL_cholesterol_level_103                                       | 2067	 (14474, 39)             | 2.80      (-0.41)
	GFR_calculated_abbreviated_MDRD_34                                         | 2067	 (14474, 39)             | 60.00     (-0.30)
	Haemoglobin_A1c_level___IFCC_standardised_6                                | 2067	 (14474, 39)             | 32.00     (-0.39)
	Non_HDL_cholesterol_level_108                                              | 2067	 (14474, 39)             | 3.30      (0.02)
	Serum_HDL_cholesterol_level_100                                            | 2067	 (14474, 39)             | 3.07      (0.29)
	Serum_TSH_level_71                                                         | 2067	 (14474, 39)             | 1.23      (-0.50)
	Serum_alanine_aminotransferase_level_45                                    | 2067	 (14474, 39)             | 44.00     (-0.50)
	Serum_albumin_51                                                           | 2067	 (14474, 39)             | 45.00     (-0.26)
	Serum_alkaline_phosphatase_50                                              | 2067	 (14474, 39)             | 40.00     (-0.50)
	Serum_bilirubin_level_53                                                   | 2067	 (14474, 39)             | 10.00     (-0.49)
	Serum_cholesterol_97                                                       | 2067	 (14474, 39)             | 6.30      (-0.41)
	Serum_creatinine_31                                                        | 2067	 (14474, 39)             | 87.00     (-0.49)
	Serum_potassium_26                                                         | 2067	 (14474, 39)             | 5.10      (0.01)
	Serum_sodium_24                                                            | 2067	 (14474, 39)             | 141.00    (-0.04)
	Serum_triglycerides_105                                                    | 2067	 (14474, 39)             | 0.96      (-0.49)
	Serum_urea_level_29                                                        | 2067	 (14474, 39)             | 4.90      (-0.03)
	Total_cholesterol_HDL_ratio_95                                             | 2067	 (14474, 39)             | 2.10      (-0.50)
	............................................................new week............................................................
	Diastolic_blood_pressure_5                                                 | 2068	 (14478, 39)             | 95.00     (-0.30)
	Diastolic_blood_pressure_5                                                 | 2068	 (14478, 39)             | 96.00     (-0.30)
	Systolic_blood_pressure_4                                                  | 2068	 (14478, 39)             | 163.00    (-0.14)
	Systolic_blood_pressure_4                                                  | 2068	 (14478, 39)             | 174.00    (-0.11)
	............................................................new week............................................................
	Diastolic_blood_pressure_5                                                 | 2104	 (14733, 40)             | 98.00     (-0.29)
	Systolic_blood_pressure_4                                                  | 2104	 (14733, 40)             | 154.00    (-0.16)
	............................................................new week............................................................
	Diastolic_blood_pressure_5                                                 | 2105	 (14740, 40)             | 105.00    (-0.28)
	Systolic_blood_pressure_4                                                  | 2105	 (14740, 40)             | 168.00    (-0.13)
	............................................................new week............................................................
	Haematocrit_15                                                             | 2119	 (14835, 40)             | 0.42      (-0.08)
	Haemoglobin_estimation_9                                                   | 2119	 (14835, 40)             | 138.00    (-0.06)
	Lymphocyte_count_20                                                        | 2119	 (14835, 40)             | 1.00      (-0.50)
	Mean_corpusc_Hb_conc__MCHC__14                                             | 2119	 (14835, 40)             | 326.00    (0.14)
	Mean_corpusc_haemoglobin_MCH__13                                           | 2119	 (14835, 40)             | 31.00     (-0.20)
	Mean_corpuscular_volume__MCV__11                                           | 2119	 (14835, 40)             | 94.90     (-0.15)
	Monocyte_count_23                                                          | 2119	 (14835, 40)             | 0.40      (-0.48)
	Neutrophil_count_19                                                        | 2119	 (14835, 40)             | 1.60      (-0.47)
	Platelet_count_12                                                          | 2119	 (14835, 40)             | 225.01    (-0.50)
	Red_blood_cell__RBC__count_10                                              | 2119	 (14835, 40)             | 4.47      (-0.49)
	Red_blood_cell_distribution_width_17                                       | 2119	 (14835, 40)             | 12.50     (-0.48)
	Total_white_cell_count_18                                                  | 2119	 (14835, 40)             | 3.10      (-0.50)
	............................................................new week............................................................
	Body_mass_index_3                                                          | 2143	 (15007, 41)             | 23.59     (-0.35)
	Current_smoker_83                                                          | 2143	 (15007, 41)             | nan       (nan)
	Diastolic_blood_pressure_5                                                 | 2143	 (15007, 41)             | 92.00     (-0.31)
	O_E___height_1                                                             | 2143	 (15007, 41)             | 166.00    (0.08)
	O_E___weight_2                                                             | 2143	 (15007, 41)             | 65.00     (-0.40)
	Serum_HDL_cholesterol_level_100                                            | 2143	 (15007, 41)             | 2.15      (0.05)
	Serum_total_cholesterol_level_98                                           | 2143	 (15007, 41)             | 6.26      (-0.40)
	Systolic_blood_pressure_4                                                  | 2143	 (15007, 41)             | 134.00    (-0.22)
	Total_cholesterol_HDL_ratio_95                                             | 2143	 (15007, 41)             | 2.90      (-0.49)
	............................................................new week............................................................
	Nasal_steroids_optimal                                                     | 2170	 (15192, 41)             | nan       (nan)
	............................................................new week............................................................
	Nasal_steroids_optimal                                                     | 2229	 (15609, 42)             | nan       (nan)
	............................................................new week............................................................
	Mirtazapine                                                                | 2232	 (15626, 42)             | nan       (nan)
	............................................................new week............................................................
	Antihistamines_second_generation_H1_antagonists                            | 2233	 (15635, 42)             | nan       (nan)
	............................................................new week............................................................
	Mirtazapine                                                                | 2234	 (15644, 42)             | nan       (nan)
	............................................................new week............................................................
	Mirtazapine                                                                | 2235	 (15651, 42)             | nan       (nan)
	Nasal_steroids_optimal                                                     | 2235	 (15651, 42)             | nan       (nan)
	............................................................new week............................................................
	Mirtazapine                                                                | 2239	 (15674, 42)             | nan       (nan)
	............................................................new week............................................................
	Mirtazapine                                                                | 2243	 (15703, 43)             | nan       (nan)
	............................................................new week............................................................
	Mirtazapine                                                                | 2247	 (15733, 43)             | nan       (nan)
	............................................................new week............................................................
	Mirtazapine                                                                | 2253	 (15772, 43)             | nan       (nan)
	............................................................new week............................................................
	Mirtazapine                                                                | 2259	 (15815, 43)             | nan       (nan)
	............................................................new week............................................................
	Body_mass_index_3                                                          | 2263	 (15845, 43)             | 23.01     (-0.36)
	Diastolic_blood_pressure_5                                                 | 2263	 (15845, 43)             | 83.00     (-0.33)
	O_E___weight_2                                                             | 2263	 (15845, 43)             | 63.40     (-0.40)
	Systolic_blood_pressure_4                                                  | 2263	 (15845, 43)             | 142.00    (-0.20)
	............................................................new week............................................................
	Mirtazapine                                                                | 2266	 (15865, 43)             | nan       (nan)
	............................................................new week............................................................
	Nasal_steroids_optimal                                                     | 2273	 (15913, 43)             | nan       (nan)
	Mirtazapine                                                                | 2273	 (15914, 43)             | nan       (nan)

========================================================================================================================
DIAGNOSIS SUMMARY
['ALCOHOLMISUSE_V2', 'ALLERGICRHINITISCONJ', 'DEPRESSION']
========================================================================================================================


PREDICTED FUTURE EVENTS
========================================================================================================================
	EVENT                                                                     | AGE IN WEEKS (days, years)  | VALUE
	............................................................new week............................................................
	Mirtazapine                                                                | 2274	 (15920, 43)             | nan       (nan)
	............................................................new week............................................................
	SSRIs_Optimal                                                              | 2275	 (15927, 43)             | nan       (nan)
	............................................................new week............................................................
	Body_mass_index_3                                                          | 2276	 (15935, 43)             | 17.27     (-0.40)
	Ex_smoker_84                                                               | 2276	 (15935, 43)             | 23.83     (-0.20)
	O_E___weight_2                                                             | 2276	 (15935, 43)             | 48.03     (-0.43)
	............................................................new week............................................................
	Antihistamines_second_generation_H1_antagonists                            | 2278	 (15951, 43)             | nan       (nan)
	............................................................new week............................................................
	Mirtazapine                                                                | 2279	 (15953, 43)             | nan       (nan)
	............................................................new week............................................................
	Mirtazapine                                                                | 2280	 (15964, 43)             | nan       (nan)
	............................................................new week............................................................
	Nasal_steroids_optimal                                                     | 2282	 (15977, 43)             | nan       (nan)
	............................................................new week............................................................
	Mirtazapine                                                                | 2287	 (16011, 43)             | nan       (nan)
	Mirtazapine                                                                | 2287	 (16011, 43)             | nan       (nan)
	............................................................new week............................................................
	Mirtazapine                                                                | 2294	 (16061, 44)             | nan       (nan)
	............................................................new week............................................................
	Mirtazapine                                                                | 2298	 (16090, 44)             | nan       (nan)
	Mirtazapine                                                                | 2298	 (16092, 44)             | nan       (nan)
	............................................................new week............................................................
	Diastolic_blood_pressure_5                                                 | 2311	 (16179, 44)             | 93.90     (-0.31)
	PropranololAnxiety_mumpredict                                              | 2311	 (16183, 44)             | nan       (nan)
	Mirtazapine                                                                | 2311	 (16183, 44)             | nan       (nan)
	............................................................new week............................................................
	Mirtazapine                                                                | 2312	 (16187, 44)             | nan       (nan)
	............................................................new week............................................................
	Mirtazapine                                                                | 2315	 (16209, 44)             | nan       (nan)
	............................................................new week............................................................
	Mirtazapine                                                                | 2317	 (16221, 44)             | nan       (nan)
	PropranololAnxiety_mumpredict                                              | 2317	 (16223, 44)             | nan       (nan)
	............................................................new week............................................................
	Mirtazapine                                                                | 2318	 (16229, 44)             | nan       (nan)
	Mirtazapine                                                                | 2318	 (16232, 44)             | nan       (nan)
	............................................................new week............................................................
	Mirtazapine                                                                | 2319	 (16238, 44)             | nan       (nan)
	............................................................new week............................................................
	ANY_DEAFNESS_HEARING_LOSS_V2                                               | 2322	 (16256, 44)             | nan       (nan)
	............................................................new week............................................................
	Diastolic_blood_pressure_5                                                 | 2324	 (16269, 44)             | 84.67     (-0.33)
	Systolic_blood_pressure_4                                                  | 2324	 (16269, 44)             | 148.11    (-0.18)
	............................................................new week............................................................
	Mirtazapine                                                                | 2326	 (16284, 44)             | nan       (nan)
	Mirtazapine                                                                | 2326	 (16284, 44)             | nan       (nan)
	Mirtazapine                                                                | 2326	 (16287, 44)             | nan       (nan)
	............................................................new week............................................................
	Mirtazapine                                                                | 2329	 (16307, 44)             | nan       (nan)
	............................................................new week............................................................
	Mirtazapine                                                                | 2334	 (16342, 44)             | nan       (nan)
	............................................................new week............................................................
	Mirtazapine                                                                | 2336	 (16353, 44)             | nan       (nan)
	............................................................new week............................................................
	Mirtazapine                                                                | 2338	 (16366, 44)             | nan       (nan)
	Mirtazapine                                                                | 2338	 (16368, 44)             | nan       (nan)
	............................................................new week............................................................
	Mirtazapine                                                                | 2339	 (16377, 44)             | nan       (nan)
	............................................................new week............................................................
	Mirtazapine                                                                | 2341	 (16391, 44)             | nan       (nan)
	............................................................new week............................................................
	Mirtazapine                                                                | 2342	 (16395, 44)             | nan       (nan)
	Mirtazapine                                                                | 2342	 (16399, 44)             | nan       (nan)
	............................................................new week............................................................
	Mirtazapine                                                                | 2343	 (16404, 44)             | nan       (nan)
	Mirtazapine                                                                | 2343	 (16404, 44)             | nan       (nan)
	............................................................new week............................................................
	Mirtazapine                                                                | 2344	 (16410, 44)             | nan       (nan)
	Mirtazapine                                                                | 2344	 (16411, 44)             | nan       (nan)
	............................................................new week............................................................
	Mirtazapine                                                                | 2345	 (16417, 44)             | nan       (nan)
	Mirtazapine                                                                | 2345	 (16419, 44)             | nan       (nan)
	............................................................new week............................................................
	Mirtazapine                                                                | 2350	 (16452, 45)             | nan       (nan)
	............................................................new week............................................................
	Body_mass_index_3                                                          | 2353	 (16477, 45)             | 21.73     (-0.37)
	............................................................new week............................................................
	Insulin_Aurum_v2                                                           | 2354	 (16479, 45)             | nan       (nan)
	............................................................new week............................................................
	Mirtazapine                                                                | 2356	 (16494, 45)             | nan       (nan)
	............................................................new week............................................................
	Mirtazapine                                                                | 2357	 (16505, 45)             | nan       (nan)
	Mirtazapine                                                                | 2357	 (16505, 45)             | nan       (nan)
	............................................................new week............................................................
	Mirtazapine                                                                | 2359	 (16516, 45)             | nan       (nan)
	............................................................new week............................................................
	Mirtazapine                                                                | 2361	 (16530, 45)             | nan       (nan)
	............................................................new week............................................................
	Mirtazapine                                                                | 2364	 (16554, 45)             | nan       (nan)
	............................................................new week............................................................
	Mirtazapine                                                                | 2365	 (16561, 45)             | nan       (nan)
	............................................................new week............................................................
	Mirtazapine                                                                | 2366	 (16563, 45)             | nan       (nan)
	............................................................new week............................................................
	Mirtazapine                                                                | 2367	 (16569, 45)             | nan       (nan)
	............................................................new week............................................................
	Mirtazapine                                                                | 2368	 (16576, 45)             | nan       (nan)
	............................................................new week............................................................
	Mirtazapine                                                                | 2370	 (16592, 45)             | nan       (nan)
	............................................................new week............................................................
	Mirtazapine                                                                | 2372	 (16609, 45)             | nan       (nan)
	............................................................new week............................................................
	Mirtazapine                                                                | 2373	 (16616, 45)             | nan       (nan)
	............................................................new week............................................................
	Mirtazapine                                                                | 2383	 (16682, 45)             | nan       (nan)
	............................................................new week............................................................
	Mirtazapine                                                                | 2385	 (16698, 45)             | nan       (nan)
	............................................................new week............................................................
	Mirtazapine                                                                | 2386	 (16702, 45)             | nan       (nan)
	Mirtazapine                                                                | 2386	 (16704, 45)             | nan       (nan)
	Mirtazapine                                                                | 2386	 (16706, 45)             | nan       (nan)
	............................................................new week............................................................
	Mirtazapine                                                                | 2387	 (16709, 45)             | nan       (nan)
	Mirtazapine                                                                | 2387	 (16711, 45)             | nan       (nan)
	Body_mass_index_3                                                          | 2387	 (16715, 45)             | 17.45     (-0.40)
	Body_mass_index_3                                                          | 2387	 (16715, 45)             | 23.72     (-0.35)
	Diastolic_blood_pressure_5                                                 | 2387	 (16715, 45)             | 72.87     (-0.36)
	............................................................new week............................................................
	All_AntiArrhythmics_D2T                                                    | 2388	 (16720, 45)             | nan       (nan)
	Mirtazapine                                                                | 2388	 (16720, 45)             | nan       (nan)
	............................................................new week............................................................
	Antipsychotics_OPTIMAL                                                     | 2390	 (16735, 45)             | nan       (nan)
	............................................................new week............................................................
	Paracetamol_OPTIMAL                                                        | 2391	 (16737, 45)             | nan       (nan)
	............................................................new week............................................................
	Antipsychotics_OPTIMAL                                                     | 2400	 (16806, 46)             | nan       (nan)
	Mirtazapine                                                                | 2400	 (16806, 46)             | nan       (nan)
	............................................................new week............................................................
	Basophil_count_22                                                          | 2401	 (16810, 46)             | 0.11      (-0.48)
	............................................................new week............................................................
	Eosinophil_count_21                                                        | 2402	 (16815, 46)             | 0.16      (-0.47)
	Haematocrit_15                                                             | 2402	 (16817, 46)             | 0.38      (-0.12)
	Haemoglobin_A1c_level___IFCC_standardised_6                                | 2402	 (16819, 46)             | 52.50     (-0.31)
	Haemoglobin_estimation_9                                                   | 2402	 (16819, 46)             | 122.31    (-0.11)
	Lymphocyte_count_20                                                        | 2402	 (16819, 46)             | 2.38      (-0.49)
	............................................................new week............................................................
	Mean_corpusc_Hb_conc__MCHC__14                                             | 2403	 (16821, 46)             | 317.92    (0.13)
	Mean_corpusc_haemoglobin_MCH__13                                           | 2403	 (16824, 46)             | 27.43     (-0.23)
	Mean_corpuscular_volume__MCV__11                                           | 2403	 (16824, 46)             | 85.52     (-0.19)
	Monocyte_count_23                                                          | 2403	 (16824, 46)             | 0.75      (-0.46)
	Neutrophil_count_19                                                        | 2403	 (16824, 46)             | 2.22      (-0.46)
	Platelet_count_12                                                          | 2403	 (16826, 46)             | -3934.50  (-0.50)
	Red_blood_cell__RBC__count_10                                              | 2403	 (16826, 46)             | 4.47      (-0.49)
	Red_blood_cell_distribution_width_17                                       | 2403	 (16826, 46)             | 16.98     (-0.43)
	Serum_C_reactive_protein_level_59                                          | 2403	 (16826, 46)             | 6.61      (0.08)
	Serum_alanine_aminotransferase_level_45                                    | 2403	 (16826, 46)             | 81.29     (-0.50)
	Serum_albumin_51                                                           | 2403	 (16826, 46)             | 45.74     (-0.25)
	Serum_alkaline_phosphatase_50                                              | 2403	 (16826, 46)             | 102.78    (-0.49)
	Serum_calcium_39                                                           | 2403	 (16826, 46)             | 2.41      (-0.27)
	Serum_creatinine_31                                                        | 2403	 (16826, 46)             | 127.69    (-0.49)
	Serum_potassium_26                                                         | 2403	 (16826, 46)             | 3.87      (-0.12)
	Serum_sodium_24                                                            | 2403	 (16826, 46)             | 134.40    (-0.10)
	Serum_total_bilirubin_level_56                                             | 2403	 (16826, 46)             | 14.09     (-0.48)
	Serum_urea_level_29                                                        | 2403	 (16826, 46)             | 3.38      (-0.18)
	Total_alkaline_phosphatase_48                                              | 2403	 (16826, 46)             | 89.76     (0.15)
	Total_white_cell_count_18                                                  | 2403	 (16826, 46)             | 4.59      (-0.50)
	Mirtazapine                                                                | 2403	 (16826, 46)             | nan       (nan)
	Mirtazapine                                                                | 2403	 (16826, 46)             | nan       (nan)
	............................................................new week............................................................
	Insulin_Aurum_v2                                                           | 2413	 (16897, 46)             | nan       (nan)
	............................................................new week............................................................
	Mirtazapine                                                                | 2414	 (16899, 46)             | nan       (nan)
	............................................................new week............................................................
	Mirtazapine                                                                | 2418	 (16927, 46)             | nan       (nan)
	Mirtazapine                                                                | 2418	 (16930, 46)             | nan       (nan)
	............................................................new week............................................................
	Mirtazapine                                                                | 2421	 (16948, 46)             | nan       (nan)
	............................................................new week............................................................
	Mirtazapine                                                                | 2424	 (16974, 46)             | nan       (nan)
	............................................................new week............................................................
	Paracetamol_OPTIMAL                                                        | 2426	 (16985, 46)             | nan       (nan)
	............................................................new week............................................................
	Mirtazapine                                                                | 2427	 (16994, 46)             | nan       (nan)
	............................................................new week............................................................
	Mirtazapine                                                                | 2428	 (17001, 46)             | nan       (nan)
	............................................................new week............................................................
	Mirtazapine                                                                | 2429	 (17007, 46)             | nan       (nan)
	............................................................new week............................................................
	Mirtazapine                                                                | 2434	 (17043, 46)             | nan       (nan)
	............................................................new week............................................................
	SSRIs_Optimal                                                              | 2437	 (17064, 46)             | nan       (nan)
	............................................................new week............................................................
	all_contraceptive                                                          | 2443	 (17106, 46)             | nan       (nan)
	Mirtazapine                                                                | 2443	 (17107, 46)             | nan       (nan)
	............................................................new week............................................................
	Mirtazapine                                                                | 2446	 (17124, 46)             | nan       (nan)
	............................................................new week............................................................
	Paracetamol_OPTIMAL                                                        | 2450	 (17155, 47)             | nan       (nan)
	............................................................new week............................................................
	Paracetamol_OPTIMAL                                                        | 2451	 (17157, 47)             | nan       (nan)
	Paracetamol_OPTIMAL                                                        | 2451	 (17157, 47)             | nan       (nan)
	............................................................new week............................................................
	Current_smoker_83                                                          | 2456	 (17193, 47)             | 13.21     (-0.33)
	............................................................new week............................................................
	PropranololAnxiety_mumpredict                                              | 2457	 (17199, 47)             | nan       (nan)
	............................................................new week............................................................
	Mirtazapine                                                                | 2462	 (17239, 47)             | nan       (nan)
	Paracetamol_OPTIMAL                                                        | 2462	 (17239, 47)             | nan       (nan)
	............................................................new week............................................................
	PropranololAnxiety_mumpredict                                              | 2465	 (17255, 47)             | nan       (nan)
	Mirtazapine                                                                | 2465	 (17259, 47)             | nan       (nan)
	Paracetamol_OPTIMAL                                                        | 2465	 (17259, 47)             | nan       (nan)
	SSRIs_Optimal                                                              | 2465	 (17259, 47)             | nan       (nan)
	............................................................new week............................................................
	Mirtazapine                                                                | 2471	 (17301, 47)             | nan       (nan)
	............................................................new week............................................................
	Paracetamol_OPTIMAL                                                        | 2472	 (17307, 47)             | nan       (nan)
	SSRIs_Optimal                                                              | 2472	 (17310, 47)             | nan       (nan)
	............................................................new week............................................................
	Diastolic_blood_pressure_5                                                 | 2474	 (17321, 47)             | 68.84     (-0.37)
	Systolic_blood_pressure_4                                                  | 2474	 (17323, 47)             | 123.62    (-0.25)
	............................................................new week............................................................
	Diastolic_blood_pressure_5                                                 | 2476	 (17332, 47)             | 75.65     (-0.35)
	O_E___weight_2                                                             | 2476	 (17334, 47)             | 61.44     (-0.41)
	Systolic_blood_pressure_4                                                  | 2476	 (17334, 47)             | 149.81    (-0.18)
	Mirtazapine                                                                | 2476	 (17338, 47)             | nan       (nan)
	............................................................new week............................................................
	Paracetamol_OPTIMAL                                                        | 2477	 (17339, 47)             | nan       (nan)
	Mirtazapine                                                                | 2477	 (17341, 47)             | nan       (nan)
	............................................................new week............................................................
	Paracetamol_OPTIMAL                                                        | 2478	 (17349, 47)             | nan       (nan)
	............................................................new week............................................................
	Anxiolytics_mumpredict                                                     | 2479	 (17358, 47)             | nan       (nan)
	Benzodiazepines                                                            | 2479	 (17358, 47)             | nan       (nan)
	............................................................new week............................................................
	Mirtazapine                                                                | 2482	 (17374, 47)             | nan       (nan)
	Paracetamol_OPTIMAL                                                        | 2482	 (17376, 47)             | nan       (nan)
	............................................................new week............................................................
	Mirtazapine                                                                | 2483	 (17381, 47)             | nan       (nan)
	............................................................new week............................................................
	SGLT2inhibitors_Optimal                                                    | 2485	 (17396, 47)             | nan       (nan)
	............................................................new week............................................................
	Mirtazapine                                                                | 2487	 (17409, 47)             | nan       (nan)
