STATIC INFORMATION
========================================================================================================================
	SEX:               M
	IMD:               5.0
	ETHNICITY:         BLACK
	birth_year:        1978.0


GIVEN PATIENT CONTEXT
========================================================================================================================
	EVENT                                                                     | AGE IN WEEKS (days, years)   | VALUE
	............................................................new week............................................................
	ALCOHOLMISUSE_V2                                                           | 1777	 (12445, 34)             | nan       (nan)
	............................................................new week............................................................
	Body_mass_index_3                                                          | 1778	 (12449, 34)             | 25.20     (-0.34)
	Diastolic_blood_pressure_5                                                 | 1778	 (12449, 34)             | 80.00     (-0.34)
	O_E___height_1                                                             | 1778	 (12449, 34)             | 167.00    (0.08)
	O_E___weight_2                                                             | 1778	 (12449, 34)             | 70.20     (-0.39)
	Systolic_blood_pressure_4                                                  | 1778	 (12449, 34)             | 142.00    (-0.20)
	............................................................new week............................................................
	Nasal_steroids_optimal                                                     | 1814	 (12701, 34)             | nan       (nan)
	............................................................new week............................................................
	Nasal_steroids_optimal                                                     | 1820	 (12745, 34)             | nan       (nan)
	............................................................new week............................................................
	GFR_calculated_abbreviated_MDRD_34                                         | 1830	 (12816, 35)             | nan       (nan)
	Haemoglobin_estimation_9                                                   | 1830	 (12816, 35)             | 143.00    (-0.04)
	Lymphocyte_count_20                                                        | 1830	 (12816, 35)             | 0.90      (-0.50)
	Mean_corpusc_Hb_conc__MCHC__14                                             | 1830	 (12816, 35)             | 322.00    (0.14)
	Mean_corpusc_haemoglobin_MCH__13                                           | 1830	 (12816, 35)             | 30.60     (-0.20)
	Mean_corpuscular_volume__MCV__11                                           | 1830	 (12816, 35)             | 95.20     (-0.14)
	Monocyte_count_23                                                          | 1830	 (12816, 35)             | 0.20      (-0.49)
	Neutrophil_count_19                                                        | 1830	 (12816, 35)             | 1.00      (-0.48)
	Platelet_count_12                                                          | 1830	 (12816, 35)             | 258.09    (-0.50)
	Red_blood_cell__RBC__count_10                                              | 1830	 (12816, 35)             | 4.69      (-0.49)
	Red_blood_cell_distribution_width_17                                       | 1830	 (12816, 35)             | 12.80     (-0.47)
	Serum_C_reactive_protein_level_59                                          | 1830	 (12816, 35)             | 4.00      (-0.03)
	Serum_alanine_aminotransferase_level_45                                    | 1830	 (12816, 35)             | 44.00     (-0.50)
	Serum_albumin_51                                                           | 1830	 (12816, 35)             | 42.00     (-0.28)
	Serum_alkaline_phosphatase_50                                              | 1830	 (12816, 35)             | 32.00     (-0.50)
	Serum_bilirubin_level_53                                                   | 1830	 (12816, 35)             | 13.00     (-0.48)
	Serum_creatinine_31                                                        | 1830	 (12816, 35)             | 85.00     (-0.49)
	Serum_gamma_glutamyl_transferase_level_57                                  | 1830	 (12816, 35)             | 38.00     (0.04)
	Serum_potassium_26                                                         | 1830	 (12816, 35)             | 4.10      (-0.10)
	Serum_sodium_24                                                            | 1830	 (12816, 35)             | 139.00    (-0.05)
	Serum_urea_level_29                                                        | 1830	 (12816, 35)             | 6.50      (0.13)
	Total_white_cell_count_18                                                  | 1830	 (12816, 35)             | 2.20      (-0.50)
	............................................................new week............................................................
	Haemoglobin_estimation_9                                                   | 1834	 (12842, 35)             | 148.00    (-0.02)
	Lymphocyte_count_20                                                        | 1834	 (12842, 35)             | 0.90      (-0.50)
	Mean_corpusc_Hb_conc__MCHC__14                                             | 1834	 (12842, 35)             | 317.00    (0.13)
	Mean_corpusc_haemoglobin_MCH__13                                           | 1834	 (12842, 35)             | 30.50     (-0.20)
	Mean_corpuscular_volume__MCV__11                                           | 1834	 (12842, 35)             | 96.30     (-0.14)
	Monocyte_count_23                                                          | 1834	 (12842, 35)             | 0.30      (-0.48)
	Neutrophil_count_19                                                        | 1834	 (12842, 35)             | 1.30      (-0.47)
	Platelet_count_12                                                          | 1834	 (12842, 35)             | 227.99    (-0.50)
	Red_blood_cell__RBC__count_10                                              | 1834	 (12842, 35)             | 4.86      (-0.49)
	Red_blood_cell_distribution_width_17                                       | 1834	 (12842, 35)             | 12.20     (-0.48)
	Total_white_cell_count_18                                                  | 1834	 (12842, 35)             | 2.60      (-0.50)
	............................................................new week............................................................
	Haemoglobin_estimation_9                                                   | 1845	 (12920, 35)             | 151.00    (-0.01)
	Lymphocyte_count_20                                                        | 1845	 (12920, 35)             | 1.20      (-0.49)
	Mean_corpusc_Hb_conc__MCHC__14                                             | 1845	 (12920, 35)             | 322.00    (0.14)
	Mean_corpusc_haemoglobin_MCH__13                                           | 1845	 (12920, 35)             | 30.60     (-0.20)
	Mean_corpuscular_volume__MCV__11                                           | 1845	 (12920, 35)             | 95.00     (-0.15)
	Monocyte_count_23                                                          | 1845	 (12920, 35)             | 0.30      (-0.48)
	Neutrophil_count_19                                                        | 1845	 (12920, 35)             | 1.10      (-0.48)
	Platelet_count_12                                                          | 1845	 (12920, 35)             | 275.08    (-0.50)
	Red_blood_cell__RBC__count_10                                              | 1845	 (12920, 35)             | 4.93      (-0.49)
	Red_blood_cell_distribution_width_17                                       | 1845	 (12920, 35)             | 11.30     (-0.49)
	Total_white_cell_count_18                                                  | 1845	 (12920, 35)             | 2.60      (-0.50)
	............................................................new week............................................................
	Nasal_steroids_optimal                                                     | 1862	 (13039, 35)             | nan       (nan)
	Nasal_steroids_optimal                                                     | 1862	 (13039, 35)             | nan       (nan)
	Nasal_steroids_optimal                                                     | 1862	 (13040, 35)             | nan       (nan)
	............................................................new week............................................................
	Nasal_steroids_optimal                                                     | 1872	 (13110, 35)             | nan       (nan)
	............................................................new week............................................................
	Haemoglobin_estimation_9                                                   | 1895	 (13271, 36)             | 148.00    (-0.02)
	Lymphocyte_count_20                                                        | 1895	 (13271, 36)             | 1.70      (-0.49)
	Mean_corpusc_Hb_conc__MCHC__14                                             | 1895	 (13271, 36)             | 331.00    (0.16)
	Mean_corpusc_haemoglobin_MCH__13                                           | 1895	 (13271, 36)             | 31.20     (-0.19)
	Mean_corpuscular_volume__MCV__11                                           | 1895	 (13271, 36)             | 94.10     (-0.15)
	Monocyte_count_23                                                          | 1895	 (13271, 36)             | 0.40      (-0.48)
	Neutrophil_count_19                                                        | 1895	 (13271, 36)             | 1.40      (-0.47)
	Platelet_count_12                                                          | 1895	 (13271, 36)             | 250.94    (-0.50)
	Red_blood_cell__RBC__count_10                                              | 1895	 (13271, 36)             | 4.74      (-0.49)
	Red_blood_cell_distribution_width_17                                       | 1895	 (13271, 36)             | 11.80     (-0.48)
	Total_white_cell_count_18                                                  | 1895	 (13271, 36)             | 3.50      (-0.50)
	............................................................new week............................................................
	Nasal_steroids_optimal                                                     | 1929	 (13505, 37)             | nan       (nan)
	ALLERGICRHINITISCONJ                                                       | 1929	 (13505, 37)             | nan       (nan)
	............................................................new week............................................................
	Diastolic_blood_pressure_5                                                 | 1982	 (13877, 38)             | 72.00     (-0.36)
	Systolic_blood_pressure_4                                                  | 1982	 (13877, 38)             | 130.00    (-0.23)
	............................................................new week............................................................
	Haemoglobin_estimation_9                                                   | 2003	 (14027, 38)             | 147.00    (-0.03)
	Lymphocyte_count_20                                                        | 2003	 (14027, 38)             | 1.30      (-0.49)
	Mean_corpusc_Hb_conc__MCHC__14                                             | 2003	 (14027, 38)             | 331.00    (0.16)
	Mean_corpusc_haemoglobin_MCH__13                                           | 2003	 (14027, 38)             | 31.10     (-0.20)
	Mean_corpuscular_volume__MCV__11                                           | 2003	 (14027, 38)             | 93.90     (-0.15)
	Monocyte_count_23                                                          | 2003	 (14027, 38)             | 0.50      (-0.47)
	Neutrophil_count_19                                                        | 2003	 (14027, 38)             | 1.20      (-0.48)
	Platelet_count_12                                                          | 2003	 (14027, 38)             | 239.01    (-0.50)
	Red_blood_cell__RBC__count_10                                              | 2003	 (14027, 38)             | 4.73      (-0.49)
	Red_blood_cell_distribution_width_17                                       | 2003	 (14027, 38)             | 12.50     (-0.48)
	Total_white_cell_count_18                                                  | 2003	 (14027, 38)             | 3.10      (-0.50)
	............................................................new week............................................................
	Nasal_steroids_optimal                                                     | 2020	 (14142, 38)             | nan       (nan)
	............................................................new week............................................................
	Body_mass_index_3                                                          | 2033	 (14234, 38)             | 23.60     (-0.35)
	Diastolic_blood_pressure_5                                                 | 2033	 (14234, 38)             | 93.00     (-0.31)
	O_E___height_1                                                             | 2033	 (14234, 38)             | 167.00    (0.08)
	O_E___weight_2                                                             | 2033	 (14234, 38)             | 66.00     (-0.40)
	Systolic_blood_pressure_4                                                  | 2033	 (14234, 38)             | 139.00    (-0.21)
	............................................................new week............................................................
	Calculated_LDL_cholesterol_level_103                                       | 2034	 (14242, 39)             | 2.50      (-0.42)
	GFR_calculated_abbreviated_MDRD_34                                         | 2034	 (14242, 39)             | 60.00     (-0.30)
	Haemoglobin_A1c_level___IFCC_standardised_6                                | 2034	 (14242, 39)             | 29.00     (-0.40)
	Haemoglobin_estimation_9                                                   | 2034	 (14242, 39)             | 143.00    (-0.04)
	Lymphocyte_count_20                                                        | 2034	 (14242, 39)             | 1.20      (-0.49)
	Mean_corpusc_Hb_conc__MCHC__14                                             | 2034	 (14242, 39)             | 335.00    (0.16)
	Mean_corpusc_haemoglobin_MCH__13                                           | 2034	 (14242, 39)             | 31.50     (-0.19)
	Mean_corpuscular_volume__MCV__11                                           | 2034	 (14242, 39)             | 93.90     (-0.15)
	Monocyte_count_23                                                          | 2034	 (14242, 39)             | 0.50      (-0.47)
	Neutrophil_count_19                                                        | 2034	 (14242, 39)             | 1.40      (-0.47)
	Non_HDL_cholesterol_level_108                                              | 2034	 (14242, 39)             | 3.00      (-0.03)
	Platelet_count_12                                                          | 2034	 (14242, 39)             | 262.86    (-0.50)
	Red_blood_cell__RBC__count_10                                              | 2034	 (14242, 39)             | 4.54      (-0.49)
	Red_blood_cell_distribution_width_17                                       | 2034	 (14242, 39)             | 12.30     (-0.48)
	Serum_HDL_cholesterol_level_100                                            | 2034	 (14242, 39)             | 3.08      (0.29)
	Serum_TSH_level_71                                                         | 2034	 (14242, 39)             | 1.15      (-0.50)
	Serum_alanine_aminotransferase_level_45                                    | 2034	 (14242, 39)             | 52.00     (-0.50)
	Serum_albumin_51                                                           | 2034	 (14242, 39)             | 43.00     (-0.27)
	Serum_alkaline_phosphatase_50                                              | 2034	 (14242, 39)             | 50.00     (-0.50)
	Serum_bilirubin_level_53                                                   | 2034	 (14242, 39)             | 17.00     (-0.48)
	Serum_cholesterol_97                                                       | 2034	 (14242, 39)             | 6.10      (-0.41)
	Serum_creatinine_31                                                        | 2034	 (14242, 39)             | 88.00     (-0.49)
	Serum_potassium_26                                                         | 2034	 (14242, 39)             | 4.40      (-0.07)
	Serum_sodium_24                                                            | 2034	 (14242, 39)             | 140.00    (-0.05)
	Serum_triglycerides_105                                                    | 2034	 (14242, 39)             | 1.10      (-0.49)
	Serum_urea_level_29                                                        | 2034	 (14242, 39)             | 5.10      (-0.01)
	Total_cholesterol_HDL_ratio_95                                             | 2034	 (14242, 39)             | 2.00      (-0.50)
	Total_white_cell_count_18                                                  | 2034	 (14242, 39)             | 3.10      (-0.50)
	............................................................new week............................................................
	SSRIs_Optimal                                                              | 2061	 (14430, 39)             | nan       (nan)
	DEPRESSION                                                                 | 2061	 (14430, 39)             | nan       (nan)
	............................................................new week............................................................
	Body_mass_index_3                                                          | 2067	 (14471, 39)             | 24.00     (-0.35)
	Diastolic_blood_pressure_5                                                 | 2067	 (14471, 39)             | 99.00     (-0.29)
	O_E___weight_2                                                             | 2067	 (14471, 39)             | 67.00     (-0.40)
	Systolic_blood_pressure_4                                                  | 2067	 (14471, 39)             | 169.00    (-0.12)
	Calculated_LDL_cholesterol_level_103                                       | 2067	 (14474, 39)             | 2.80      (-0.41)
	GFR_calculated_abbreviated_MDRD_34                                         | 2067	 (14474, 39)             | 60.00     (-0.30)
	Haemoglobin_A1c_level___IFCC_standardised_6                                | 2067	 (14474, 39)             | 32.00     (-0.39)
	Non_HDL_cholesterol_level_108                                              | 2067	 (14474, 39)             | 3.30      (0.02)
	Serum_HDL_cholesterol_level_100                                            | 2067	 (14474, 39)             | 3.07      (0.29)
	Serum_TSH_level_71                                                         | 2067	 (14474, 39)             | 1.23      (-0.50)
	Serum_alanine_aminotransferase_level_45                                    | 2067	 (14474, 39)             | 44.00     (-0.50)
	Serum_albumin_51                                                           | 2067	 (14474, 39)             | 45.00     (-0.26)
	Serum_alkaline_phosphatase_50                                              | 2067	 (14474, 39)             | 40.00     (-0.50)
	Serum_bilirubin_level_53                                                   | 2067	 (14474, 39)             | 10.00     (-0.49)
	Serum_cholesterol_97                                                       | 2067	 (14474, 39)             | 6.30      (-0.41)
	Serum_creatinine_31                                                        | 2067	 (14474, 39)             | 87.00     (-0.49)
	Serum_potassium_26                                                         | 2067	 (14474, 39)             | 5.10      (0.01)
	Serum_sodium_24                                                            | 2067	 (14474, 39)             | 141.00    (-0.04)
	Serum_triglycerides_105                                                    | 2067	 (14474, 39)             | 0.96      (-0.49)
	Serum_urea_level_29                                                        | 2067	 (14474, 39)             | 4.90      (-0.03)
	Total_cholesterol_HDL_ratio_95                                             | 2067	 (14474, 39)             | 2.10      (-0.50)
	............................................................new week............................................................
	Diastolic_blood_pressure_5                                                 | 2068	 (14478, 39)             | 95.00     (-0.30)
	Diastolic_blood_pressure_5                                                 | 2068	 (14478, 39)             | 96.00     (-0.30)
	Systolic_blood_pressure_4                                                  | 2068	 (14478, 39)             | 163.00    (-0.14)
	Systolic_blood_pressure_4                                                  | 2068	 (14478, 39)             | 174.00    (-0.11)
	............................................................new week............................................................
	Diastolic_blood_pressure_5                                                 | 2104	 (14733, 40)             | 98.00     (-0.29)
	Systolic_blood_pressure_4                                                  | 2104	 (14733, 40)             | 154.00    (-0.16)
	............................................................new week............................................................
	Diastolic_blood_pressure_5                                                 | 2105	 (14740, 40)             | 105.00    (-0.28)
	Systolic_blood_pressure_4                                                  | 2105	 (14740, 40)             | 168.00    (-0.13)
	............................................................new week............................................................
	Haematocrit_15                                                             | 2119	 (14835, 40)             | 0.42      (-0.08)
	Haemoglobin_estimation_9                                                   | 2119	 (14835, 40)             | 138.00    (-0.06)
	Lymphocyte_count_20                                                        | 2119	 (14835, 40)             | 1.00      (-0.50)
	Mean_corpusc_Hb_conc__MCHC__14                                             | 2119	 (14835, 40)             | 326.00    (0.14)
	Mean_corpusc_haemoglobin_MCH__13                                           | 2119	 (14835, 40)             | 31.00     (-0.20)
	Mean_corpuscular_volume__MCV__11                                           | 2119	 (14835, 40)             | 94.90     (-0.15)
	Monocyte_count_23                                                          | 2119	 (14835, 40)             | 0.40      (-0.48)
	Neutrophil_count_19                                                        | 2119	 (14835, 40)             | 1.60      (-0.47)
	Platelet_count_12                                                          | 2119	 (14835, 40)             | 225.01    (-0.50)
	Red_blood_cell__RBC__count_10                                              | 2119	 (14835, 40)             | 4.47      (-0.49)
	Red_blood_cell_distribution_width_17                                       | 2119	 (14835, 40)             | 12.50     (-0.48)
	Total_white_cell_count_18                                                  | 2119	 (14835, 40)             | 3.10      (-0.50)
	............................................................new week............................................................
	Body_mass_index_3                                                          | 2143	 (15007, 41)             | 23.59     (-0.35)
	Current_smoker_83                                                          | 2143	 (15007, 41)             | nan       (nan)
	Diastolic_blood_pressure_5                                                 | 2143	 (15007, 41)             | 92.00     (-0.31)
	O_E___height_1                                                             | 2143	 (15007, 41)             | 166.00    (0.08)
	O_E___weight_2                                                             | 2143	 (15007, 41)             | 65.00     (-0.40)
	Serum_HDL_cholesterol_level_100                                            | 2143	 (15007, 41)             | 2.15      (0.05)
	Serum_total_cholesterol_level_98                                           | 2143	 (15007, 41)             | 6.26      (-0.40)
	Systolic_blood_pressure_4                                                  | 2143	 (15007, 41)             | 134.00    (-0.22)
	Total_cholesterol_HDL_ratio_95                                             | 2143	 (15007, 41)             | 2.90      (-0.49)
	............................................................new week............................................................
	Nasal_steroids_optimal                                                     | 2170	 (15192, 41)             | nan       (nan)
	............................................................new week............................................................
	Nasal_steroids_optimal                                                     | 2229	 (15609, 42)             | nan       (nan)
	............................................................new week............................................................
	Mirtazapine                                                                | 2232	 (15626, 42)             | nan       (nan)
	............................................................new week............................................................
	Antihistamines_second_generation_H1_antagonists                            | 2233	 (15635, 42)             | nan       (nan)
	............................................................new week............................................................
	Mirtazapine                                                                | 2234	 (15644, 42)             | nan       (nan)
	............................................................new week............................................................
	Mirtazapine                                                                | 2235	 (15651, 42)             | nan       (nan)
	Nasal_steroids_optimal                                                     | 2235	 (15651, 42)             | nan       (nan)
	............................................................new week............................................................
	Mirtazapine                                                                | 2239	 (15674, 42)             | nan       (nan)
	............................................................new week............................................................
	Mirtazapine                                                                | 2243	 (15703, 43)             | nan       (nan)
	............................................................new week............................................................
	Mirtazapine                                                                | 2247	 (15733, 43)             | nan       (nan)
	............................................................new week............................................................
	Mirtazapine                                                                | 2253	 (15772, 43)             | nan       (nan)
	............................................................new week............................................................
	Mirtazapine                                                                | 2259	 (15815, 43)             | nan       (nan)
	............................................................new week............................................................
	Body_mass_index_3                                                          | 2263	 (15845, 43)             | 23.01     (-0.36)
	Diastolic_blood_pressure_5                                                 | 2263	 (15845, 43)             | 83.00     (-0.33)
	O_E___weight_2                                                             | 2263	 (15845, 43)             | 63.40     (-0.40)
	Systolic_blood_pressure_4                                                  | 2263	 (15845, 43)             | 142.00    (-0.20)
	............................................................new week............................................................
	Mirtazapine                                                                | 2266	 (15865, 43)             | nan       (nan)
	............................................................new week............................................................
	Nasal_steroids_optimal                                                     | 2273	 (15913, 43)             | nan       (nan)
	Mirtazapine                                                                | 2273	 (15914, 43)             | nan       (nan)

========================================================================================================================
DIAGNOSIS SUMMARY
['ALCOHOLMISUSE_V2', 'ALLERGICRHINITISCONJ', 'DEPRESSION']
========================================================================================================================


PREDICTED FUTURE EVENTS
========================================================================================================================
	EVENT                                                                     | AGE IN WEEKS (days, years)  | VALUE
	Serum_folate_80                                                            | 2273	 (15914, 43)             | 10.67     (0.11)
	Serum_vitamin_B12_79                                                       | 2273	 (15914, 43)             | 1275.90   (-0.44)
	............................................................new week............................................................
	ANXIETY                                                                    | 2274	 (15924, 43)             | nan       (nan)
	............................................................new week............................................................
	Nasal_steroids_optimal                                                     | 2280	 (15960, 43)             | nan       (nan)
	............................................................new week............................................................
	Ex_smoker_84                                                               | 2294	 (16064, 44)             | 74.61     (0.43)
	............................................................new week............................................................
	Lipid_lowering_drugs_Optimal                                               | 2309	 (16168, 44)             | nan       (nan)
	Statins                                                                    | 2309	 (16168, 44)             | nan       (nan)
	............................................................new week............................................................
	Antihistamines_second_generation_H1_antagonists                            | 2312	 (16190, 44)             | nan       (nan)
	............................................................new week............................................................
	Nasal_steroids_optimal                                                     | 2315	 (16205, 44)             | nan       (nan)
	............................................................new week............................................................
	Nasal_steroids_optimal                                                     | 2316	 (16216, 44)             | nan       (nan)
	............................................................new week............................................................
	ALLERGICRHINITISCONJ                                                       | 2317	 (16223, 44)             | nan       (nan)
	............................................................new week............................................................
	NSAIDS_oral_OPTIMAL_final                                                  | 2318	 (16227, 44)             | nan       (nan)
	Lipid_lowering_drugs_Optimal                                               | 2318	 (16227, 44)             | nan       (nan)
	Nasal_steroids_optimal                                                     | 2318	 (16232, 44)             | nan       (nan)
	............................................................new week............................................................
	ALLERGICRHINITISCONJ                                                       | 2321	 (16251, 44)             | nan       (nan)
	............................................................new week............................................................
	Basophil_count_22                                                          | 2328	 (16302, 44)             | 0.07      (-0.48)
	Eosinophil_count_21                                                        | 2328	 (16302, 44)             | 0.41      (-0.44)
	Haematocrit_15                                                             | 2328	 (16302, 44)             | 0.39      (-0.11)
	Haemoglobin_A1c_level___IFCC_standardised_6                                | 2328	 (16302, 44)             | 39.45     (-0.36)
	Haemoglobin_A1c_level_8                                                    | 2328	 (16302, 44)             | 12.76     (-0.47)
	Haemoglobin_estimation_9                                                   | 2328	 (16302, 44)             | 125.70    (-0.10)
	............................................................new week............................................................
	Lymphocyte_count_20                                                        | 2329	 (16304, 44)             | 2.59      (-0.49)
	Mean_corpusc_Hb_conc__MCHC__14                                             | 2329	 (16305, 44)             | 325.26    (0.14)
	Mean_corpusc_haemoglobin_MCH__13                                           | 2329	 (16305, 44)             | 27.42     (-0.23)
	............................................................new week............................................................
	Mean_corpuscular_volume__MCV__11                                           | 2330	 (16311, 44)             | 83.85     (-0.19)
	Monocyte_count_23                                                          | 2330	 (16313, 44)             | 0.42      (-0.48)
	Neutrophil_count_19                                                        | 2330	 (16313, 44)             | 1.49      (-0.47)
	Platelet_count_12                                                          | 2330	 (16313, 44)             | 4610.12   (-0.50)
	Red_blood_cell__RBC__count_10                                              | 2330	 (16313, 44)             | 3.95      (-0.49)
	Red_blood_cell_distribution_width_17                                       | 2330	 (16313, 44)             | 15.29     (-0.45)
	Serum_HDL_cholesterol_level_100                                            | 2330	 (16313, 44)             | 1.71      (-0.06)
	Serum_TSH_level_71                                                         | 2330	 (16315, 44)             | 1.53      (-0.49)
	Serum_albumin_51                                                           | 2330	 (16315, 44)             | 45.14     (-0.26)
	Serum_alkaline_phosphatase_50                                              | 2330	 (16315, 44)             | 50.50     (-0.50)
	Serum_bilirubin_level_53                                                   | 2330	 (16315, 44)             | 1.90      (-0.50)
	Serum_cholesterol_97                                                       | 2330	 (16315, 44)             | 5.80      (-0.42)
	............................................................new week............................................................
	Serum_creatinine_31                                                        | 2331	 (16318, 44)             | 89.56     (-0.49)
	Serum_potassium_26                                                         | 2331	 (16320, 44)             | 3.99      (-0.11)
	Serum_sodium_24                                                            | 2331	 (16320, 44)             | 142.39    (-0.02)
	Total_white_cell_count_18                                                  | 2331	 (16320, 44)             | -4.81     (-0.50)
	............................................................new week............................................................
	SGLT2inhibitors_Optimal                                                    | 2332	 (16326, 44)             | nan       (nan)
	............................................................new week............................................................
	Lipid_lowering_drugs_Optimal                                               | 2335	 (16347, 44)             | nan       (nan)
	Nasal_steroids_optimal                                                     | 2335	 (16347, 44)             | nan       (nan)
	Statins                                                                    | 2335	 (16347, 44)             | nan       (nan)
	............................................................new week............................................................
	Metformin_612_A10BD2                                                       | 2338	 (16371, 44)             | nan       (nan)
	............................................................new week............................................................
	SABA_PUSHAsthma                                                            | 2340	 (16382, 44)             | nan       (nan)
	............................................................new week............................................................
	Lipid_lowering_drugs_Optimal                                               | 2345	 (16419, 44)             | nan       (nan)
	Statins                                                                    | 2345	 (16419, 44)             | nan       (nan)
	............................................................new week............................................................
	Lipid_lowering_drugs_Optimal                                               | 2348	 (16441, 45)             | nan       (nan)
	Statins                                                                    | 2348	 (16441, 45)             | nan       (nan)
	............................................................new week............................................................
	Metformin_612_A10BD2                                                       | 2352	 (16470, 45)             | nan       (nan)
	............................................................new week............................................................
	GFR_calculated_abbreviated_MDRD_34                                         | 2360	 (16523, 45)             | 73.91     (-0.25)
	Haemoglobin_A1c_level___IFCC_standardised_6                                | 2360	 (16525, 45)             | 34.16     (-0.38)
	Haemoglobin_A1c_level_8                                                    | 2360	 (16525, 45)             | 0.75      (-0.52)
	Haemoglobin_A1c_level_8                                                    | 2360	 (16525, 45)             | 21.96     (-0.43)
	Serum_HDL_cholesterol_level_100                                            | 2360	 (16526, 45)             | 1.31      (-0.16)
	Serum_alanine_aminotransferase_level_45                                    | 2360	 (16526, 45)             | -37.90    (-0.50)
	Serum_albumin_51                                                           | 2360	 (16526, 45)             | 42.78     (-0.27)
	............................................................new week............................................................
	Serum_alkaline_phosphatase_50                                              | 2361	 (16530, 45)             | 103.41    (-0.49)
	Serum_bilirubin_level_53                                                   | 2361	 (16530, 45)             | 7.79      (-0.49)
	Serum_calcium_39                                                           | 2361	 (16530, 45)             | 2.52      (-0.26)
	O_E___weight_2                                                             | 2361	 (16530, 45)             | 152.36    (-0.27)
	............................................................new week............................................................
	Metformin_612_A10BD2                                                       | 2362	 (16539, 45)             | nan       (nan)
	............................................................new week............................................................
	Lipid_lowering_drugs_Optimal                                               | 2365	 (16559, 45)             | nan       (nan)
	............................................................new week............................................................
	Statins                                                                    | 2366	 (16563, 45)             | nan       (nan)
	............................................................new week............................................................
	Metformin_612_A10BD2                                                       | 2368	 (16576, 45)             | nan       (nan)
	............................................................new week............................................................
	Nasal_steroids_optimal                                                     | 2375	 (16625, 45)             | nan       (nan)
	............................................................new week............................................................
	Haemoglobin_A1c_level___IFCC_standardised_6                                | 2382	 (16676, 45)             | 44.11     (-0.34)
	Serum_HDL_cholesterol_level_100                                            | 2382	 (16676, 45)             | 1.73      (-0.06)
	Serum_alanine_aminotransferase_level_45                                    | 2382	 (16676, 45)             | -8.34     (-0.50)
	Serum_albumin_51                                                           | 2382	 (16676, 45)             | 45.36     (-0.26)
	Serum_alkaline_phosphatase_50                                              | 2382	 (16676, 45)             | 29.44     (-0.50)
	Serum_bilirubin_level_53                                                   | 2382	 (16676, 45)             | 1.54      (-0.50)
	Serum_cholesterol_97                                                       | 2382	 (16678, 45)             | 5.71      (-0.42)
	Serum_cholesterol_HDL_ratio_94                                             | 2382	 (16678, 45)             | 3.87      (-0.49)
	Serum_creatinine_31                                                        | 2382	 (16678, 45)             | 79.43     (-0.49)
	Serum_non_high_density_lipoprotein_cholesterol_level_107                   | 2382	 (16680, 45)             | 3.30      (0.34)
	Serum_potassium_26                                                         | 2382	 (16680, 45)             | 5.19      (0.01)
	............................................................new week............................................................
	Serum_sodium_24                                                            | 2383	 (16682, 45)             | 139.99    (-0.05)
	eGFR_using_creatinine_CKD_EPI_per_1_73_square_metres_33                    | 2383	 (16682, 45)             | 87.70     (-0.27)
	Lipid_lowering_drugs_Optimal                                               | 2383	 (16684, 45)             | nan       (nan)
	Statins                                                                    | 2383	 (16685, 45)             | nan       (nan)
	............................................................new week............................................................
	Lipid_lowering_drugs_Optimal                                               | 2388	 (16718, 45)             | nan       (nan)
	Statins                                                                    | 2388	 (16722, 45)             | nan       (nan)
	............................................................new week............................................................
	Body_mass_index_3                                                          | 2394	 (16762, 45)             | 26.10     (-0.33)
	Diastolic_blood_pressure_5                                                 | 2394	 (16764, 45)             | 76.07     (-0.35)
	Haemoglobin_A1c_level___IFCC_standardised_6                                | 2394	 (16764, 45)             | 43.55     (-0.34)
	HbA1c_level__DCCT_aligned__7                                               | 2394	 (16764, 45)             | 14.15     (-0.46)
	............................................................new week............................................................
	Never_smoked_tobacco_85                                                    | 2395	 (16766, 45)             | 0.00      (0.54)
	O_E___height_1                                                             | 2395	 (16768, 45)             | 162.46    (0.07)
	............................................................new week............................................................
	O_E___weight_2                                                             | 2396	 (16777, 45)             | 70.78     (-0.39)
	Serum_HDL_cholesterol_level_100                                            | 2396	 (16777, 45)             | 1.36      (-0.15)
	Serum_cholesterol_97                                                       | 2396	 (16777, 45)             | 4.27      (-0.45)
	............................................................new week............................................................
	Serum_cholesterol_HDL_ratio_94                                             | 2397	 (16779, 45)             | 3.60      (-0.49)
	Serum_creatinine_31                                                        | 2397	 (16779, 45)             | 52.94     (-0.49)
	Serum_non_high_density_lipoprotein_cholesterol_level_107                   | 2397	 (16782, 45)             | 2.02      (0.02)
	Serum_potassium_26                                                         | 2397	 (16784, 45)             | 5.38      (0.03)
	Serum_sodium_24                                                            | 2397	 (16784, 45)             | 140.41    (-0.04)
	............................................................new week............................................................
	Serum_urea_level_29                                                        | 2398	 (16786, 45)             | 2.92      (-0.22)
	eGFR_using_creatinine_CKD_EPI_per_1_73_square_metres_33                    | 2398	 (16788, 45)             | 82.35     (-0.28)
	Lipid_lowering_drugs_Optimal                                               | 2398	 (16790, 46)             | nan       (nan)
	............................................................new week............................................................
	Statins                                                                    | 2399	 (16793, 46)             | nan       (nan)
	............................................................new week............................................................
	Lipid_lowering_drugs_Optimal                                               | 2403	 (16822, 46)             | nan       (nan)
	Statins                                                                    | 2403	 (16824, 46)             | nan       (nan)
	............................................................new week............................................................
	ICS_PUSHAsthma                                                             | 2405	 (16841, 46)             | nan       (nan)
	............................................................new week............................................................
	Nasal_steroids_optimal                                                     | 2407	 (16852, 46)             | nan       (nan)
	............................................................new week............................................................
	Mirtazapine                                                                | 2409	 (16864, 46)             | nan       (nan)
	Nasal_steroids_optimal                                                     | 2409	 (16864, 46)             | nan       (nan)
	............................................................new week............................................................
	Lipid_lowering_drugs_Optimal                                               | 2419	 (16936, 46)             | nan       (nan)
	Statins                                                                    | 2419	 (16936, 46)             | nan       (nan)
	............................................................new week............................................................
	Basophil_count_22                                                          | 2421	 (16949, 46)             | 0.08      (-0.48)
	Eosinophil_count_21                                                        | 2421	 (16952, 46)             | 0.60      (-0.42)
	............................................................new week............................................................
	Haematocrit_15                                                             | 2422	 (16958, 46)             | 0.45      (-0.05)
	Haemoglobin_A1c_level___IFCC_standardised_6                                | 2422	 (16958, 46)             | 51.86     (-0.31)
	Haemoglobin_estimation_9                                                   | 2422	 (16958, 46)             | 151.59    (-0.01)
	Lymphocyte_count_20                                                        | 2422	 (16958, 46)             | 3.59      (-0.48)
	Mean_corpusc_Hb_conc__MCHC__14                                             | 2422	 (16958, 46)             | 331.78    (0.16)
	Mean_corpusc_haemoglobin_MCH__13                                           | 2422	 (16958, 46)             | 29.46     (-0.21)
	Mean_corpuscular_volume__MCV__11                                           | 2422	 (16959, 46)             | 89.45     (-0.17)
	............................................................new week............................................................
	Monocyte_count_23                                                          | 2423	 (16961, 46)             | 0.64      (-0.47)
	Neutrophil_count_19                                                        | 2423	 (16963, 46)             | 1.80      (-0.46)
	Platelet_count_12                                                          | 2423	 (16965, 46)             | 2082.59   (-0.50)
	Red_blood_cell__RBC__count_10                                              | 2423	 (16965, 46)             | 3.93      (-0.49)
	Red_blood_cell_distribution_width_17                                       | 2423	 (16965, 46)             | 12.43     (-0.48)
	Serum_HDL_cholesterol_level_100                                            | 2423	 (16965, 46)             | 1.40      (-0.14)
	Serum_alanine_aminotransferase_level_45                                    | 2423	 (16965, 46)             | -72.58    (-0.50)
	Serum_albumin_51                                                           | 2423	 (16965, 46)             | 45.47     (-0.26)
	............................................................new week............................................................
	Serum_alkaline_phosphatase_50                                              | 2424	 (16969, 46)             | 81.50     (-0.50)
	Serum_bilirubin_level_53                                                   | 2424	 (16969, 46)             | 14.55     (-0.48)
	Serum_calcium_39                                                           | 2424	 (16969, 46)             | 2.39      (-0.27)
	Serum_cholesterol_97                                                       | 2424	 (16969, 46)             | 4.16      (-0.45)
	Serum_cholesterol_HDL_ratio_94                                             | 2424	 (16970, 46)             | 3.00      (-0.49)
	Serum_creatinine_31                                                        | 2424	 (16970, 46)             | 109.37    (-0.49)
	Serum_non_high_density_lipoprotein_cholesterol_level_107                   | 2424	 (16970, 46)             | 3.08      (0.29)
	Serum_potassium_26                                                         | 2424	 (16970, 46)             | 4.80      (-0.03)
	Serum_sodium_24                                                            | 2424	 (16972, 46)             | 138.02    (-0.06)
	Serum_triglycerides_105                                                    | 2424	 (16972, 46)             | -0.02     (-0.50)
	Serum_urea_level_29                                                        | 2424	 (16974, 46)             | 5.02      (-0.01)
	............................................................new week............................................................
	Total_white_cell_count_18                                                  | 2425	 (16976, 46)             | 6.01      (-0.50)
	O_E___weight_2                                                             | 2425	 (16976, 46)             | 59.54     (-0.41)
	Nasal_steroids_optimal                                                     | 2425	 (16976, 46)             | nan       (nan)
	............................................................new week............................................................
	ICS_PUSHAsthma                                                             | 2447	 (17133, 46)             | nan       (nan)
	LKA_PUSHAsthma                                                             | 2447	 (17135, 46)             | nan       (nan)
	............................................................new week............................................................
	Nasal_steroids_optimal                                                     | 2448	 (17137, 46)             | nan       (nan)
	............................................................new week............................................................
	Lipid_lowering_drugs_Optimal                                               | 2455	 (17191, 47)             | nan       (nan)
	............................................................new week............................................................
	Statins                                                                    | 2456	 (17197, 47)             | nan       (nan)
	............................................................new week............................................................
	ICS_PUSHAsthma                                                             | 2485	 (17396, 47)             | nan       (nan)
	............................................................new week............................................................
	LKA_PUSHAsthma                                                             | 2486	 (17405, 47)             | nan       (nan)
	............................................................new week............................................................
	Lipid_lowering_drugs_Optimal                                               | 2487	 (17414, 47)             | nan       (nan)
	Statins                                                                    | 2487	 (17414, 47)             | nan       (nan)
