STATIC INFORMATION
========================================================================================================================
	SEX:               M
	IMD:               5.0
	ETHNICITY:         BLACK
	birth_year:        1978.0


GIVEN PATIENT CONTEXT
========================================================================================================================
	EVENT                                                                     | AGE IN WEEKS (days, years)   | VALUE
	............................................................new week............................................................
	ALCOHOLMISUSE_V2                                                           | 1777	 (12445, 34)             | nan       (nan)
	............................................................new week............................................................
	Body_mass_index_3                                                          | 1778	 (12449, 34)             | 25.20     (-0.34)
	Diastolic_blood_pressure_5                                                 | 1778	 (12449, 34)             | 80.00     (-0.34)
	O_E___height_1                                                             | 1778	 (12449, 34)             | 167.00    (0.08)
	O_E___weight_2                                                             | 1778	 (12449, 34)             | 70.20     (-0.39)
	Systolic_blood_pressure_4                                                  | 1778	 (12449, 34)             | 142.00    (-0.20)
	............................................................new week............................................................
	Nasal_steroids_optimal                                                     | 1814	 (12701, 34)             | nan       (nan)
	............................................................new week............................................................
	Nasal_steroids_optimal                                                     | 1820	 (12745, 34)             | nan       (nan)
	............................................................new week............................................................
	GFR_calculated_abbreviated_MDRD_34                                         | 1830	 (12816, 35)             | nan       (nan)
	Haemoglobin_estimation_9                                                   | 1830	 (12816, 35)             | 143.00    (-0.04)
	Lymphocyte_count_20                                                        | 1830	 (12816, 35)             | 0.90      (-0.50)
	Mean_corpusc_Hb_conc__MCHC__14                                             | 1830	 (12816, 35)             | 322.00    (0.14)
	Mean_corpusc_haemoglobin_MCH__13                                           | 1830	 (12816, 35)             | 30.60     (-0.20)
	Mean_corpuscular_volume__MCV__11                                           | 1830	 (12816, 35)             | 95.20     (-0.14)
	Monocyte_count_23                                                          | 1830	 (12816, 35)             | 0.20      (-0.49)
	Neutrophil_count_19                                                        | 1830	 (12816, 35)             | 1.00      (-0.48)
	Platelet_count_12                                                          | 1830	 (12816, 35)             | 258.09    (-0.50)
	Red_blood_cell__RBC__count_10                                              | 1830	 (12816, 35)             | 4.69      (-0.49)
	Red_blood_cell_distribution_width_17                                       | 1830	 (12816, 35)             | 12.80     (-0.47)
	Serum_C_reactive_protein_level_59                                          | 1830	 (12816, 35)             | 4.00      (-0.03)
	Serum_alanine_aminotransferase_level_45                                    | 1830	 (12816, 35)             | 44.00     (-0.50)
	Serum_albumin_51                                                           | 1830	 (12816, 35)             | 42.00     (-0.28)
	Serum_alkaline_phosphatase_50                                              | 1830	 (12816, 35)             | 32.00     (-0.50)
	Serum_bilirubin_level_53                                                   | 1830	 (12816, 35)             | 13.00     (-0.48)
	Serum_creatinine_31                                                        | 1830	 (12816, 35)             | 85.00     (-0.49)
	Serum_gamma_glutamyl_transferase_level_57                                  | 1830	 (12816, 35)             | 38.00     (0.04)
	Serum_potassium_26                                                         | 1830	 (12816, 35)             | 4.10      (-0.10)
	Serum_sodium_24                                                            | 1830	 (12816, 35)             | 139.00    (-0.05)
	Serum_urea_level_29                                                        | 1830	 (12816, 35)             | 6.50      (0.13)
	Total_white_cell_count_18                                                  | 1830	 (12816, 35)             | 2.20      (-0.50)
	............................................................new week............................................................
	Haemoglobin_estimation_9                                                   | 1834	 (12842, 35)             | 148.00    (-0.02)
	Lymphocyte_count_20                                                        | 1834	 (12842, 35)             | 0.90      (-0.50)
	Mean_corpusc_Hb_conc__MCHC__14                                             | 1834	 (12842, 35)             | 317.00    (0.13)
	Mean_corpusc_haemoglobin_MCH__13                                           | 1834	 (12842, 35)             | 30.50     (-0.20)
	Mean_corpuscular_volume__MCV__11                                           | 1834	 (12842, 35)             | 96.30     (-0.14)
	Monocyte_count_23                                                          | 1834	 (12842, 35)             | 0.30      (-0.48)
	Neutrophil_count_19                                                        | 1834	 (12842, 35)             | 1.30      (-0.47)
	Platelet_count_12                                                          | 1834	 (12842, 35)             | 227.99    (-0.50)
	Red_blood_cell__RBC__count_10                                              | 1834	 (12842, 35)             | 4.86      (-0.49)
	Red_blood_cell_distribution_width_17                                       | 1834	 (12842, 35)             | 12.20     (-0.48)
	Total_white_cell_count_18                                                  | 1834	 (12842, 35)             | 2.60      (-0.50)
	............................................................new week............................................................
	Haemoglobin_estimation_9                                                   | 1845	 (12920, 35)             | 151.00    (-0.01)
	Lymphocyte_count_20                                                        | 1845	 (12920, 35)             | 1.20      (-0.49)
	Mean_corpusc_Hb_conc__MCHC__14                                             | 1845	 (12920, 35)             | 322.00    (0.14)
	Mean_corpusc_haemoglobin_MCH__13                                           | 1845	 (12920, 35)             | 30.60     (-0.20)
	Mean_corpuscular_volume__MCV__11                                           | 1845	 (12920, 35)             | 95.00     (-0.15)
	Monocyte_count_23                                                          | 1845	 (12920, 35)             | 0.30      (-0.48)
	Neutrophil_count_19                                                        | 1845	 (12920, 35)             | 1.10      (-0.48)
	Platelet_count_12                                                          | 1845	 (12920, 35)             | 275.08    (-0.50)
	Red_blood_cell__RBC__count_10                                              | 1845	 (12920, 35)             | 4.93      (-0.49)
	Red_blood_cell_distribution_width_17                                       | 1845	 (12920, 35)             | 11.30     (-0.49)
	Total_white_cell_count_18                                                  | 1845	 (12920, 35)             | 2.60      (-0.50)
	............................................................new week............................................................
	Nasal_steroids_optimal                                                     | 1862	 (13039, 35)             | nan       (nan)
	Nasal_steroids_optimal                                                     | 1862	 (13039, 35)             | nan       (nan)
	Nasal_steroids_optimal                                                     | 1862	 (13040, 35)             | nan       (nan)
	............................................................new week............................................................
	Nasal_steroids_optimal                                                     | 1872	 (13110, 35)             | nan       (nan)
	............................................................new week............................................................
	Haemoglobin_estimation_9                                                   | 1895	 (13271, 36)             | 148.00    (-0.02)
	Lymphocyte_count_20                                                        | 1895	 (13271, 36)             | 1.70      (-0.49)
	Mean_corpusc_Hb_conc__MCHC__14                                             | 1895	 (13271, 36)             | 331.00    (0.16)
	Mean_corpusc_haemoglobin_MCH__13                                           | 1895	 (13271, 36)             | 31.20     (-0.19)
	Mean_corpuscular_volume__MCV__11                                           | 1895	 (13271, 36)             | 94.10     (-0.15)
	Monocyte_count_23                                                          | 1895	 (13271, 36)             | 0.40      (-0.48)
	Neutrophil_count_19                                                        | 1895	 (13271, 36)             | 1.40      (-0.47)
	Platelet_count_12                                                          | 1895	 (13271, 36)             | 250.94    (-0.50)
	Red_blood_cell__RBC__count_10                                              | 1895	 (13271, 36)             | 4.74      (-0.49)
	Red_blood_cell_distribution_width_17                                       | 1895	 (13271, 36)             | 11.80     (-0.48)
	Total_white_cell_count_18                                                  | 1895	 (13271, 36)             | 3.50      (-0.50)
	............................................................new week............................................................
	Nasal_steroids_optimal                                                     | 1929	 (13505, 37)             | nan       (nan)
	ALLERGICRHINITISCONJ                                                       | 1929	 (13505, 37)             | nan       (nan)
	............................................................new week............................................................
	Diastolic_blood_pressure_5                                                 | 1982	 (13877, 38)             | 72.00     (-0.36)
	Systolic_blood_pressure_4                                                  | 1982	 (13877, 38)             | 130.00    (-0.23)
	............................................................new week............................................................
	Haemoglobin_estimation_9                                                   | 2003	 (14027, 38)             | 147.00    (-0.03)
	Lymphocyte_count_20                                                        | 2003	 (14027, 38)             | 1.30      (-0.49)
	Mean_corpusc_Hb_conc__MCHC__14                                             | 2003	 (14027, 38)             | 331.00    (0.16)
	Mean_corpusc_haemoglobin_MCH__13                                           | 2003	 (14027, 38)             | 31.10     (-0.20)
	Mean_corpuscular_volume__MCV__11                                           | 2003	 (14027, 38)             | 93.90     (-0.15)
	Monocyte_count_23                                                          | 2003	 (14027, 38)             | 0.50      (-0.47)
	Neutrophil_count_19                                                        | 2003	 (14027, 38)             | 1.20      (-0.48)
	Platelet_count_12                                                          | 2003	 (14027, 38)             | 239.01    (-0.50)
	Red_blood_cell__RBC__count_10                                              | 2003	 (14027, 38)             | 4.73      (-0.49)
	Red_blood_cell_distribution_width_17                                       | 2003	 (14027, 38)             | 12.50     (-0.48)
	Total_white_cell_count_18                                                  | 2003	 (14027, 38)             | 3.10      (-0.50)
	............................................................new week............................................................
	Nasal_steroids_optimal                                                     | 2020	 (14142, 38)             | nan       (nan)
	............................................................new week............................................................
	Body_mass_index_3                                                          | 2033	 (14234, 38)             | 23.60     (-0.35)
	Diastolic_blood_pressure_5                                                 | 2033	 (14234, 38)             | 93.00     (-0.31)
	O_E___height_1                                                             | 2033	 (14234, 38)             | 167.00    (0.08)
	O_E___weight_2                                                             | 2033	 (14234, 38)             | 66.00     (-0.40)
	Systolic_blood_pressure_4                                                  | 2033	 (14234, 38)             | 139.00    (-0.21)
	............................................................new week............................................................
	Calculated_LDL_cholesterol_level_103                                       | 2034	 (14242, 39)             | 2.50      (-0.42)
	GFR_calculated_abbreviated_MDRD_34                                         | 2034	 (14242, 39)             | 60.00     (-0.30)
	Haemoglobin_A1c_level___IFCC_standardised_6                                | 2034	 (14242, 39)             | 29.00     (-0.40)
	Haemoglobin_estimation_9                                                   | 2034	 (14242, 39)             | 143.00    (-0.04)
	Lymphocyte_count_20                                                        | 2034	 (14242, 39)             | 1.20      (-0.49)
	Mean_corpusc_Hb_conc__MCHC__14                                             | 2034	 (14242, 39)             | 335.00    (0.16)
	Mean_corpusc_haemoglobin_MCH__13                                           | 2034	 (14242, 39)             | 31.50     (-0.19)
	Mean_corpuscular_volume__MCV__11                                           | 2034	 (14242, 39)             | 93.90     (-0.15)
	Monocyte_count_23                                                          | 2034	 (14242, 39)             | 0.50      (-0.47)
	Neutrophil_count_19                                                        | 2034	 (14242, 39)             | 1.40      (-0.47)
	Non_HDL_cholesterol_level_108                                              | 2034	 (14242, 39)             | 3.00      (-0.03)
	Platelet_count_12                                                          | 2034	 (14242, 39)             | 262.86    (-0.50)
	Red_blood_cell__RBC__count_10                                              | 2034	 (14242, 39)             | 4.54      (-0.49)
	Red_blood_cell_distribution_width_17                                       | 2034	 (14242, 39)             | 12.30     (-0.48)
	Serum_HDL_cholesterol_level_100                                            | 2034	 (14242, 39)             | 3.08      (0.29)
	Serum_TSH_level_71                                                         | 2034	 (14242, 39)             | 1.15      (-0.50)
	Serum_alanine_aminotransferase_level_45                                    | 2034	 (14242, 39)             | 52.00     (-0.50)
	Serum_albumin_51                                                           | 2034	 (14242, 39)             | 43.00     (-0.27)
	Serum_alkaline_phosphatase_50                                              | 2034	 (14242, 39)             | 50.00     (-0.50)
	Serum_bilirubin_level_53                                                   | 2034	 (14242, 39)             | 17.00     (-0.48)
	Serum_cholesterol_97                                                       | 2034	 (14242, 39)             | 6.10      (-0.41)
	Serum_creatinine_31                                                        | 2034	 (14242, 39)             | 88.00     (-0.49)
	Serum_potassium_26                                                         | 2034	 (14242, 39)             | 4.40      (-0.07)
	Serum_sodium_24                                                            | 2034	 (14242, 39)             | 140.00    (-0.05)
	Serum_triglycerides_105                                                    | 2034	 (14242, 39)             | 1.10      (-0.49)
	Serum_urea_level_29                                                        | 2034	 (14242, 39)             | 5.10      (-0.01)
	Total_cholesterol_HDL_ratio_95                                             | 2034	 (14242, 39)             | 2.00      (-0.50)
	Total_white_cell_count_18                                                  | 2034	 (14242, 39)             | 3.10      (-0.50)
	............................................................new week............................................................
	SSRIs_Optimal                                                              | 2061	 (14430, 39)             | nan       (nan)
	DEPRESSION                                                                 | 2061	 (14430, 39)             | nan       (nan)
	............................................................new week............................................................
	Body_mass_index_3                                                          | 2067	 (14471, 39)             | 24.00     (-0.35)
	Diastolic_blood_pressure_5                                                 | 2067	 (14471, 39)             | 99.00     (-0.29)
	O_E___weight_2                                                             | 2067	 (14471, 39)             | 67.00     (-0.40)
	Systolic_blood_pressure_4                                                  | 2067	 (14471, 39)             | 169.00    (-0.12)
	Calculated_LDL_cholesterol_level_103                                       | 2067	 (14474, 39)             | 2.80      (-0.41)
	GFR_calculated_abbreviated_MDRD_34                                         | 2067	 (14474, 39)             | 60.00     (-0.30)
	Haemoglobin_A1c_level___IFCC_standardised_6                                | 2067	 (14474, 39)             | 32.00     (-0.39)
	Non_HDL_cholesterol_level_108                                              | 2067	 (14474, 39)             | 3.30      (0.02)
	Serum_HDL_cholesterol_level_100                                            | 2067	 (14474, 39)             | 3.07      (0.29)
	Serum_TSH_level_71                                                         | 2067	 (14474, 39)             | 1.23      (-0.50)
	Serum_alanine_aminotransferase_level_45                                    | 2067	 (14474, 39)             | 44.00     (-0.50)
	Serum_albumin_51                                                           | 2067	 (14474, 39)             | 45.00     (-0.26)
	Serum_alkaline_phosphatase_50                                              | 2067	 (14474, 39)             | 40.00     (-0.50)
	Serum_bilirubin_level_53                                                   | 2067	 (14474, 39)             | 10.00     (-0.49)
	Serum_cholesterol_97                                                       | 2067	 (14474, 39)             | 6.30      (-0.41)
	Serum_creatinine_31                                                        | 2067	 (14474, 39)             | 87.00     (-0.49)
	Serum_potassium_26                                                         | 2067	 (14474, 39)             | 5.10      (0.01)
	Serum_sodium_24                                                            | 2067	 (14474, 39)             | 141.00    (-0.04)
	Serum_triglycerides_105                                                    | 2067	 (14474, 39)             | 0.96      (-0.49)
	Serum_urea_level_29                                                        | 2067	 (14474, 39)             | 4.90      (-0.03)
	Total_cholesterol_HDL_ratio_95                                             | 2067	 (14474, 39)             | 2.10      (-0.50)
	............................................................new week............................................................
	Diastolic_blood_pressure_5                                                 | 2068	 (14478, 39)             | 95.00     (-0.30)
	Diastolic_blood_pressure_5                                                 | 2068	 (14478, 39)             | 96.00     (-0.30)
	Systolic_blood_pressure_4                                                  | 2068	 (14478, 39)             | 163.00    (-0.14)
	Systolic_blood_pressure_4                                                  | 2068	 (14478, 39)             | 174.00    (-0.11)
	............................................................new week............................................................
	Diastolic_blood_pressure_5                                                 | 2104	 (14733, 40)             | 98.00     (-0.29)
	Systolic_blood_pressure_4                                                  | 2104	 (14733, 40)             | 154.00    (-0.16)
	............................................................new week............................................................
	Diastolic_blood_pressure_5                                                 | 2105	 (14740, 40)             | 105.00    (-0.28)
	Systolic_blood_pressure_4                                                  | 2105	 (14740, 40)             | 168.00    (-0.13)
	............................................................new week............................................................
	Haematocrit_15                                                             | 2119	 (14835, 40)             | 0.42      (-0.08)
	Haemoglobin_estimation_9                                                   | 2119	 (14835, 40)             | 138.00    (-0.06)
	Lymphocyte_count_20                                                        | 2119	 (14835, 40)             | 1.00      (-0.50)
	Mean_corpusc_Hb_conc__MCHC__14                                             | 2119	 (14835, 40)             | 326.00    (0.14)
	Mean_corpusc_haemoglobin_MCH__13                                           | 2119	 (14835, 40)             | 31.00     (-0.20)
	Mean_corpuscular_volume__MCV__11                                           | 2119	 (14835, 40)             | 94.90     (-0.15)
	Monocyte_count_23                                                          | 2119	 (14835, 40)             | 0.40      (-0.48)
	Neutrophil_count_19                                                        | 2119	 (14835, 40)             | 1.60      (-0.47)
	Platelet_count_12                                                          | 2119	 (14835, 40)             | 225.01    (-0.50)
	Red_blood_cell__RBC__count_10                                              | 2119	 (14835, 40)             | 4.47      (-0.49)
	Red_blood_cell_distribution_width_17                                       | 2119	 (14835, 40)             | 12.50     (-0.48)
	Total_white_cell_count_18                                                  | 2119	 (14835, 40)             | 3.10      (-0.50)
	............................................................new week............................................................
	Body_mass_index_3                                                          | 2143	 (15007, 41)             | 23.59     (-0.35)
	Current_smoker_83                                                          | 2143	 (15007, 41)             | nan       (nan)
	Diastolic_blood_pressure_5                                                 | 2143	 (15007, 41)             | 92.00     (-0.31)
	O_E___height_1                                                             | 2143	 (15007, 41)             | 166.00    (0.08)
	O_E___weight_2                                                             | 2143	 (15007, 41)             | 65.00     (-0.40)
	Serum_HDL_cholesterol_level_100                                            | 2143	 (15007, 41)             | 2.15      (0.05)
	Serum_total_cholesterol_level_98                                           | 2143	 (15007, 41)             | 6.26      (-0.40)
	Systolic_blood_pressure_4                                                  | 2143	 (15007, 41)             | 134.00    (-0.22)
	Total_cholesterol_HDL_ratio_95                                             | 2143	 (15007, 41)             | 2.90      (-0.49)
	............................................................new week............................................................
	Nasal_steroids_optimal                                                     | 2170	 (15192, 41)             | nan       (nan)
	............................................................new week............................................................
	Nasal_steroids_optimal                                                     | 2229	 (15609, 42)             | nan       (nan)
	............................................................new week............................................................
	Mirtazapine                                                                | 2232	 (15626, 42)             | nan       (nan)
	............................................................new week............................................................
	Antihistamines_second_generation_H1_antagonists                            | 2233	 (15635, 42)             | nan       (nan)
	............................................................new week............................................................
	Mirtazapine                                                                | 2234	 (15644, 42)             | nan       (nan)
	............................................................new week............................................................
	Mirtazapine                                                                | 2235	 (15651, 42)             | nan       (nan)
	Nasal_steroids_optimal                                                     | 2235	 (15651, 42)             | nan       (nan)
	............................................................new week............................................................
	Mirtazapine                                                                | 2239	 (15674, 42)             | nan       (nan)
	............................................................new week............................................................
	Mirtazapine                                                                | 2243	 (15703, 43)             | nan       (nan)
	............................................................new week............................................................
	Mirtazapine                                                                | 2247	 (15733, 43)             | nan       (nan)
	............................................................new week............................................................
	Mirtazapine                                                                | 2253	 (15772, 43)             | nan       (nan)
	............................................................new week............................................................
	Mirtazapine                                                                | 2259	 (15815, 43)             | nan       (nan)
	............................................................new week............................................................
	Body_mass_index_3                                                          | 2263	 (15845, 43)             | 23.01     (-0.36)
	Diastolic_blood_pressure_5                                                 | 2263	 (15845, 43)             | 83.00     (-0.33)
	O_E___weight_2                                                             | 2263	 (15845, 43)             | 63.40     (-0.40)
	Systolic_blood_pressure_4                                                  | 2263	 (15845, 43)             | 142.00    (-0.20)
	............................................................new week............................................................
	Mirtazapine                                                                | 2266	 (15865, 43)             | nan       (nan)
	............................................................new week............................................................
	Nasal_steroids_optimal                                                     | 2273	 (15913, 43)             | nan       (nan)
	Mirtazapine                                                                | 2273	 (15914, 43)             | nan       (nan)

========================================================================================================================
DIAGNOSIS SUMMARY
['ALCOHOLMISUSE_V2', 'ALLERGICRHINITISCONJ', 'DEPRESSION']
========================================================================================================================


PREDICTED FUTURE EVENTS
========================================================================================================================
	EVENT                                                                     | AGE IN WEEKS (days, years)  | VALUE
	............................................................new week............................................................
	Mirtazapine                                                                | 2275	 (15931, 43)             | nan       (nan)
	............................................................new week............................................................
	Mirtazapine                                                                | 2290	 (16031, 43)             | nan       (nan)
	............................................................new week............................................................
	Mirtazapine                                                                | 2296	 (16077, 44)             | nan       (nan)
	............................................................new week............................................................
	GFR_calculated_abbreviated_MDRD_34                                         | 2301	 (16108, 44)             | 84.03     (-0.22)
	Serum_HDL_cholesterol_level_100                                            | 2301	 (16108, 44)             | 1.57      (-0.10)
	Serum_TSH_level_71                                                         | 2301	 (16108, 44)             | 3.72      (-0.49)
	Serum_alanine_aminotransferase_level_45                                    | 2301	 (16108, 44)             | 87.06     (-0.50)
	Serum_albumin_51                                                           | 2301	 (16112, 44)             | 47.58     (-0.24)
	Serum_alkaline_phosphatase_50                                              | 2301	 (16112, 44)             | 53.12     (-0.50)
	............................................................new week............................................................
	Serum_cholesterol_HDL_ratio_94                                             | 2302	 (16114, 44)             | 4.67      (-0.49)
	Serum_creatinine_31                                                        | 2302	 (16114, 44)             | 77.65     (-0.49)
	Serum_potassium_26                                                         | 2302	 (16119, 44)             | 4.25      (-0.08)
	............................................................new week............................................................
	Serum_sodium_24                                                            | 2303	 (16121, 44)             | 139.17    (-0.05)
	Serum_urea_level_29                                                        | 2303	 (16121, 44)             | 2.69      (-0.24)
	Mirtazapine                                                                | 2303	 (16125, 44)             | nan       (nan)
	............................................................new week............................................................
	Eosinophil_count_21                                                        | 2304	 (16130, 44)             | 0.34      (-0.45)
	Haematocrit_15                                                             | 2304	 (16130, 44)             | 0.42      (-0.08)
	Haemoglobin_estimation_9                                                   | 2304	 (16130, 44)             | 139.32    (-0.05)
	Lymphocyte_count_20                                                        | 2304	 (16130, 44)             | 2.02      (-0.49)
	Mean_corpusc_Hb_conc__MCHC__14                                             | 2304	 (16130, 44)             | 338.40    (0.17)
	Mean_corpusc_haemoglobin_MCH__13                                           | 2304	 (16130, 44)             | 32.71     (-0.18)
	Mean_corpuscular_volume__MCV__11                                           | 2304	 (16130, 44)             | 97.37     (-0.14)
	Monocyte_count_23                                                          | 2304	 (16130, 44)             | 0.41      (-0.48)
	Neutrophil_count_19                                                        | 2304	 (16130, 44)             | 1.32      (-0.47)
	Platelet_count_12                                                          | 2304	 (16130, 44)             | 494.72    (-0.50)
	Red_blood_cell__RBC__count_10                                              | 2304	 (16132, 44)             | 4.75      (-0.49)
	Red_blood_cell_distribution_width_17                                       | 2304	 (16132, 44)             | 12.53     (-0.48)
	Serum_HDL_cholesterol_level_100                                            | 2304	 (16132, 44)             | 2.01      (0.02)
	Serum_TSH_level_71                                                         | 2304	 (16134, 44)             | 2.34      (-0.49)
	Serum_alanine_aminotransferase_level_45                                    | 2304	 (16134, 44)             | 13.60     (-0.50)
	............................................................new week............................................................
	Serum_albumin_51                                                           | 2305	 (16136, 44)             | 47.57     (-0.24)
	Serum_alkaline_phosphatase_50                                              | 2305	 (16136, 44)             | 90.66     (-0.50)
	Serum_bilirubin_level_53                                                   | 2305	 (16136, 44)             | 10.55     (-0.49)
	Serum_calcium_39                                                           | 2305	 (16139, 44)             | 2.41      (-0.27)
	............................................................new week............................................................
	Serum_cholesterol_97                                                       | 2306	 (16145, 44)             | 5.95      (-0.41)
	Serum_cholesterol_HDL_ratio_94                                             | 2306	 (16147, 44)             | 3.16      (-0.49)
	Serum_creatinine_31                                                        | 2306	 (16147, 44)             | 46.79     (-0.50)
	Serum_potassium_26                                                         | 2306	 (16147, 44)             | 4.32      (-0.07)
	Serum_sodium_24                                                            | 2306	 (16148, 44)             | 138.83    (-0.06)
	Serum_triglycerides_105                                                    | 2306	 (16148, 44)             | 3.00      (-0.47)
	Serum_urea_level_29                                                        | 2306	 (16148, 44)             | 5.53      (0.04)
	Urine_albumin_creatinine_ratio_35                                          | 2306	 (16148, 44)             | 25.06     (-0.41)
	Mirtazapine                                                                | 2306	 (16148, 44)             | nan       (nan)
	............................................................new week............................................................
	Mirtazapine                                                                | 2317	 (16220, 44)             | nan       (nan)
	............................................................new week............................................................
	Mirtazapine                                                                | 2318	 (16229, 44)             | nan       (nan)
	............................................................new week............................................................
	Basophil_count_22                                                          | 2324	 (16271, 44)             | 0.12      (-0.48)
	Eosinophil_count_21                                                        | 2324	 (16271, 44)             | 0.17      (-0.47)
	Haematocrit_15                                                             | 2324	 (16271, 44)             | 0.42      (-0.08)
	Haemoglobin_estimation_9                                                   | 2324	 (16271, 44)             | 140.24    (-0.05)
	Lymphocyte_count_20                                                        | 2324	 (16271, 44)             | 2.53      (-0.49)
	............................................................new week............................................................
	Mean_corpusc_Hb_conc__MCHC__14                                             | 2325	 (16276, 44)             | 339.54    (0.17)
	Mean_corpusc_haemoglobin_MCH__13                                           | 2325	 (16278, 44)             | 32.86     (-0.18)
	............................................................new week............................................................
	Mean_corpuscular_volume__MCV__11                                           | 2326	 (16282, 44)             | 97.48     (-0.14)
	Monocyte_count_23                                                          | 2326	 (16285, 44)             | 0.37      (-0.48)
	Neutrophil_count_19                                                        | 2326	 (16285, 44)             | 1.60      (-0.47)
	............................................................new week............................................................
	Platelet_count_12                                                          | 2327	 (16289, 44)             | 5574.52   (-0.50)
	Plasma_TSH_level_73                                                        | 2327	 (16289, 44)             | -246.58   (-0.99)
	Platelet_count_12                                                          | 2327	 (16289, 44)             | -51735.04 (-0.51)
	Platelet_count_12                                                          | 2327	 (16289, 44)             | -796831.88(-0.58)
	Red_blood_cell__RBC__count_10                                              | 2327	 (16289, 44)             | 5.65      (-0.49)
	Red_blood_cell_distribution_width_17                                       | 2327	 (16289, 44)             | 12.90     (-0.47)
	Serum_TSH_level_71                                                         | 2327	 (16289, 44)             | 2.19      (-0.49)
	Serum_albumin_51                                                           | 2327	 (16291, 44)             | 44.22     (-0.26)
	Serum_alkaline_phosphatase_50                                              | 2327	 (16291, 44)             | 77.63     (-0.50)
	Serum_bilirubin_level_53                                                   | 2327	 (16291, 44)             | 4.16      (-0.49)
	Serum_creatinine_31                                                        | 2327	 (16291, 44)             | 100.11    (-0.49)
	Serum_potassium_26                                                         | 2327	 (16291, 44)             | 4.66      (-0.04)
	Serum_sodium_24                                                            | 2327	 (16293, 44)             | 139.31    (-0.05)
	Serum_urea_level_29                                                        | 2327	 (16293, 44)             | 6.09      (0.09)
	............................................................new week............................................................
	Serum_urea_level_29                                                        | 2328	 (16300, 44)             | 5.42      (0.02)
	Total_white_cell_count_18                                                  | 2328	 (16302, 44)             | 13.31     (-0.50)
	............................................................new week............................................................
	Mirtazapine                                                                | 2329	 (16305, 44)             | nan       (nan)
	Mirtazapine                                                                | 2329	 (16305, 44)             | nan       (nan)
	............................................................new week............................................................
	Mirtazapine                                                                | 2337	 (16364, 44)             | nan       (nan)
	............................................................new week............................................................
	Mirtazapine                                                                | 2344	 (16408, 44)             | nan       (nan)
	............................................................new week............................................................
	Body_mass_index_3                                                          | 2352	 (16470, 45)             | 22.86     (-0.36)
	............................................................new week............................................................
	SSRIs_Optimal                                                              | 2353	 (16472, 45)             | nan       (nan)
	Mirtazapine                                                                | 2353	 (16474, 45)             | nan       (nan)
	............................................................new week............................................................
	SSRIs_Optimal                                                              | 2354	 (16479, 45)             | nan       (nan)
	SSRIs_Optimal                                                              | 2354	 (16481, 45)             | nan       (nan)
	............................................................new week............................................................
	SSRIs_Optimal                                                              | 2361	 (16530, 45)             | nan       (nan)
	............................................................new week............................................................
	ACE_Inhibitors_D2T                                                         | 2368	 (16579, 45)             | nan       (nan)
	............................................................new week............................................................
	Mirtazapine                                                                | 2369	 (16583, 45)             | nan       (nan)
	SSRIs_Optimal                                                              | 2369	 (16583, 45)             | nan       (nan)
	SSRIs_Optimal                                                              | 2369	 (16589, 45)             | nan       (nan)
	............................................................new week............................................................
	ACE_Inhibitors_D2T                                                         | 2371	 (16603, 45)             | nan       (nan)
	............................................................new week............................................................
	ACE_Inhibitors_D2T                                                         | 2375	 (16631, 45)             | nan       (nan)
	............................................................new week............................................................
	SSRIs_Optimal                                                              | 2376	 (16636, 45)             | nan       (nan)
	............................................................new week............................................................
	ACE_Inhibitors_D2T                                                         | 2387	 (16711, 45)             | nan       (nan)
	............................................................new week............................................................
	Mirtazapine                                                                | 2388	 (16716, 45)             | nan       (nan)
	ACE_Inhibitors_D2T                                                         | 2388	 (16718, 45)             | nan       (nan)
	............................................................new week............................................................
	ACE_Inhibitors_D2T                                                         | 2393	 (16753, 45)             | nan       (nan)
	............................................................new week............................................................
	Mirtazapine                                                                | 2395	 (16769, 45)             | nan       (nan)
	............................................................new week............................................................
	SSRIs_Optimal                                                              | 2396	 (16773, 45)             | nan       (nan)
	............................................................new week............................................................
	ACE_Inhibitors_D2T                                                         | 2403	 (16824, 46)             | nan       (nan)
	............................................................new week............................................................
	Mirtazapine                                                                | 2404	 (16832, 46)             | nan       (nan)
	............................................................new week............................................................
	SSRIs_Optimal                                                              | 2405	 (16835, 46)             | nan       (nan)
	............................................................new week............................................................
	ACE_Inhibitors_D2T                                                         | 2407	 (16855, 46)             | nan       (nan)
	ACE_Inhibitors_D2T                                                         | 2407	 (16855, 46)             | nan       (nan)
	............................................................new week............................................................
	ACE_Inhibitors_D2T                                                         | 2408	 (16857, 46)             | nan       (nan)
	ACE_Inhibitors_D2T                                                         | 2408	 (16857, 46)             | nan       (nan)
	............................................................new week............................................................
	Mirtazapine                                                                | 2409	 (16868, 46)             | nan       (nan)
	............................................................new week............................................................
	ACE_Inhibitors_D2T                                                         | 2410	 (16874, 46)             | nan       (nan)
	............................................................new week............................................................
	ACE_Inhibitors_D2T                                                         | 2413	 (16892, 46)             | nan       (nan)
	............................................................new week............................................................
	ACE_Inhibitors_D2T                                                         | 2422	 (16958, 46)             | nan       (nan)
	............................................................new week............................................................
	ACE_Inhibitors_D2T                                                         | 2423	 (16965, 46)             | nan       (nan)
	............................................................new week............................................................
	GFR_calculated_abbreviated_MDRD_34                                         | 2424	 (16970, 46)             | 93.64     (-0.19)
	Haemoglobin_A1c_level___IFCC_standardised_6                                | 2424	 (16972, 46)             | 31.25     (-0.39)
	Serum_creatinine_31                                                        | 2424	 (16972, 46)             | 455.74    (-0.45)
	Serum_gamma_glutamyl_transferase_level_57                                  | 2424	 (16972, 46)             | 37.54     (0.04)
	Serum_potassium_26                                                         | 2424	 (16972, 46)             | 4.15      (-0.09)
	Serum_sodium_24                                                            | 2424	 (16972, 46)             | 139.61    (-0.05)
	............................................................new week............................................................
	Serum_urea_level_29                                                        | 2425	 (16976, 46)             | 5.53      (0.04)
	............................................................new week............................................................
	ACE_Inhibitors_D2T                                                         | 2429	 (17009, 46)             | nan       (nan)
	............................................................new week............................................................
	ACE_Inhibitors_D2T                                                         | 2434	 (17038, 46)             | nan       (nan)
	............................................................new week............................................................
	ACE_Inhibitors_D2T                                                         | 2442	 (17100, 46)             | nan       (nan)
	............................................................new week............................................................
	ACE_Inhibitors_D2T                                                         | 2450	 (17151, 46)             | nan       (nan)
	............................................................new week............................................................
	ACE_Inhibitors_D2T                                                         | 2451	 (17157, 47)             | nan       (nan)
	............................................................new week............................................................
	ACE_Inhibitors_D2T                                                         | 2461	 (17232, 47)             | nan       (nan)
	............................................................new week............................................................
	ACE_Inhibitors_D2T                                                         | 2465	 (17257, 47)             | nan       (nan)
	............................................................new week............................................................
	ACE_Inhibitors_D2T                                                         | 2473	 (17316, 47)             | nan       (nan)
	............................................................new week............................................................
	ACE_Inhibitors_D2T                                                         | 2484	 (17389, 47)             | nan       (nan)
	............................................................new week............................................................
	ACE_Inhibitors_D2T                                                         | 2485	 (17400, 47)             | nan       (nan)
	............................................................new week............................................................
	ACE_Inhibitors_D2T                                                         | 2486	 (17403, 47)             | nan       (nan)
	............................................................new week............................................................
	ACE_Inhibitors_D2T                                                         | 2487	 (17411, 47)             | nan       (nan)
	............................................................new week............................................................
	ACE_Inhibitors_D2T                                                         | 2489	 (17425, 47)             | nan       (nan)
	............................................................new week............................................................
	ACE_Inhibitors_D2T                                                         | 2496	 (17476, 47)             | nan       (nan)
	............................................................new week............................................................
	ACE_Inhibitors_D2T                                                         | 2504	 (17531, 48)             | nan       (nan)
	Diastolic_blood_pressure_5                                                 | 2504	 (17531, 48)             | 89.79     (-0.32)
	Systolic_blood_pressure_4                                                  | 2504	 (17531, 48)             | 138.30    (-0.21)
	............................................................new week............................................................
	Diastolic_blood_pressure_5                                                 | 2505	 (17540, 48)             | 102.87    (-0.28)
	Systolic_blood_pressure_4                                                  | 2505	 (17540, 48)             | 140.17    (-0.20)
	............................................................new week............................................................
	ACE_Inhibitors_D2T                                                         | 2506	 (17542, 48)             | nan       (nan)
	............................................................new week............................................................
	ACE_Inhibitors_D2T                                                         | 2508	 (17557, 48)             | nan       (nan)
	............................................................new week............................................................
	ACE_Inhibitors_D2T                                                         | 2524	 (17672, 48)             | nan       (nan)
	............................................................new week............................................................
	Diastolic_blood_pressure_5                                                 | 2525	 (17679, 48)             | 95.61     (-0.30)
	Systolic_blood_pressure_4                                                  | 2525	 (17679, 48)             | 147.19    (-0.18)
	............................................................new week............................................................
	ACE_Inhibitors_D2T                                                         | 2528	 (17696, 48)             | nan       (nan)
	............................................................new week............................................................
	Levothyroxine_                                                             | 2529	 (17703, 48)             | nan       (nan)
	............................................................new week............................................................
	Never_smoked_tobacco_85                                                    | 2538	 (17769, 48)             | 0.00      (0.26)
	............................................................new week............................................................
	Metformin_612_A10BD2                                                       | 2541	 (17791, 48)             | nan       (nan)
	............................................................new week............................................................
	NSAIDS_oral_OPTIMAL_final                                                  | 2542	 (17794, 48)             | nan       (nan)
	............................................................new week............................................................
	Diastolic_blood_pressure_5                                                 | 2543	 (17807, 48)             | 88.66     (-0.32)
	Systolic_blood_pressure_4                                                  | 2543	 (17807, 48)             | 145.45    (-0.19)
	............................................................new week............................................................
	BRONCHIECTASIS                                                             | 2544	 (17809, 48)             | nan       (nan)
	ACE_Inhibitors_D2T                                                         | 2544	 (17809, 48)             | nan       (nan)
	............................................................new week............................................................
	Basophil_count_22                                                          | 2545	 (17818, 48)             | -0.03     (-0.49)
	Eosinophil_count_21                                                        | 2545	 (17818, 48)             | -0.03     (-0.48)
	GFR_calculated_abbreviated_MDRD_34                                         | 2545	 (17818, 48)             | 76.89     (-0.24)
	Haemoglobin_A1c_level___IFCC_standardised_6                                | 2545	 (17818, 48)             | 35.98     (-0.37)
