STATIC INFORMATION
========================================================================================================================
	SEX:               M
	IMD:               5.0
	ETHNICITY:         BLACK
	birth_year:        1978.0


GIVEN PATIENT CONTEXT
========================================================================================================================
	EVENT                                                                     | AGE IN WEEKS (days, years)   | VALUE
	............................................................new week............................................................
	ALCOHOLMISUSE_V2                                                           | 1777	 (12445, 34)             | nan       (nan)
	............................................................new week............................................................
	Body_mass_index_3                                                          | 1778	 (12449, 34)             | 25.20     (-0.34)
	Diastolic_blood_pressure_5                                                 | 1778	 (12449, 34)             | 80.00     (-0.34)
	O_E___height_1                                                             | 1778	 (12449, 34)             | 167.00    (0.08)
	O_E___weight_2                                                             | 1778	 (12449, 34)             | 70.20     (-0.39)
	Systolic_blood_pressure_4                                                  | 1778	 (12449, 34)             | 142.00    (-0.20)
	............................................................new week............................................................
	Nasal_steroids_optimal                                                     | 1814	 (12701, 34)             | nan       (nan)
	............................................................new week............................................................
	Nasal_steroids_optimal                                                     | 1820	 (12745, 34)             | nan       (nan)
	............................................................new week............................................................
	GFR_calculated_abbreviated_MDRD_34                                         | 1830	 (12816, 35)             | nan       (nan)
	Haemoglobin_estimation_9                                                   | 1830	 (12816, 35)             | 143.00    (-0.04)
	Lymphocyte_count_20                                                        | 1830	 (12816, 35)             | 0.90      (-0.50)
	Mean_corpusc_Hb_conc__MCHC__14                                             | 1830	 (12816, 35)             | 322.00    (0.14)
	Mean_corpusc_haemoglobin_MCH__13                                           | 1830	 (12816, 35)             | 30.60     (-0.20)
	Mean_corpuscular_volume__MCV__11                                           | 1830	 (12816, 35)             | 95.20     (-0.14)
	Monocyte_count_23                                                          | 1830	 (12816, 35)             | 0.20      (-0.49)
	Neutrophil_count_19                                                        | 1830	 (12816, 35)             | 1.00      (-0.48)
	Platelet_count_12                                                          | 1830	 (12816, 35)             | 258.09    (-0.50)
	Red_blood_cell__RBC__count_10                                              | 1830	 (12816, 35)             | 4.69      (-0.49)
	Red_blood_cell_distribution_width_17                                       | 1830	 (12816, 35)             | 12.80     (-0.47)
	Serum_C_reactive_protein_level_59                                          | 1830	 (12816, 35)             | 4.00      (-0.03)
	Serum_alanine_aminotransferase_level_45                                    | 1830	 (12816, 35)             | 44.00     (-0.50)
	Serum_albumin_51                                                           | 1830	 (12816, 35)             | 42.00     (-0.28)
	Serum_alkaline_phosphatase_50                                              | 1830	 (12816, 35)             | 32.00     (-0.50)
	Serum_bilirubin_level_53                                                   | 1830	 (12816, 35)             | 13.00     (-0.48)
	Serum_creatinine_31                                                        | 1830	 (12816, 35)             | 85.00     (-0.49)
	Serum_gamma_glutamyl_transferase_level_57                                  | 1830	 (12816, 35)             | 38.00     (0.04)
	Serum_potassium_26                                                         | 1830	 (12816, 35)             | 4.10      (-0.10)
	Serum_sodium_24                                                            | 1830	 (12816, 35)             | 139.00    (-0.05)
	Serum_urea_level_29                                                        | 1830	 (12816, 35)             | 6.50      (0.13)
	Total_white_cell_count_18                                                  | 1830	 (12816, 35)             | 2.20      (-0.50)
	............................................................new week............................................................
	Haemoglobin_estimation_9                                                   | 1834	 (12842, 35)             | 148.00    (-0.02)
	Lymphocyte_count_20                                                        | 1834	 (12842, 35)             | 0.90      (-0.50)
	Mean_corpusc_Hb_conc__MCHC__14                                             | 1834	 (12842, 35)             | 317.00    (0.13)
	Mean_corpusc_haemoglobin_MCH__13                                           | 1834	 (12842, 35)             | 30.50     (-0.20)
	Mean_corpuscular_volume__MCV__11                                           | 1834	 (12842, 35)             | 96.30     (-0.14)
	Monocyte_count_23                                                          | 1834	 (12842, 35)             | 0.30      (-0.48)
	Neutrophil_count_19                                                        | 1834	 (12842, 35)             | 1.30      (-0.47)
	Platelet_count_12                                                          | 1834	 (12842, 35)             | 227.99    (-0.50)
	Red_blood_cell__RBC__count_10                                              | 1834	 (12842, 35)             | 4.86      (-0.49)
	Red_blood_cell_distribution_width_17                                       | 1834	 (12842, 35)             | 12.20     (-0.48)
	Total_white_cell_count_18                                                  | 1834	 (12842, 35)             | 2.60      (-0.50)
	............................................................new week............................................................
	Haemoglobin_estimation_9                                                   | 1845	 (12920, 35)             | 151.00    (-0.01)
	Lymphocyte_count_20                                                        | 1845	 (12920, 35)             | 1.20      (-0.49)
	Mean_corpusc_Hb_conc__MCHC__14                                             | 1845	 (12920, 35)             | 322.00    (0.14)
	Mean_corpusc_haemoglobin_MCH__13                                           | 1845	 (12920, 35)             | 30.60     (-0.20)
	Mean_corpuscular_volume__MCV__11                                           | 1845	 (12920, 35)             | 95.00     (-0.15)
	Monocyte_count_23                                                          | 1845	 (12920, 35)             | 0.30      (-0.48)
	Neutrophil_count_19                                                        | 1845	 (12920, 35)             | 1.10      (-0.48)
	Platelet_count_12                                                          | 1845	 (12920, 35)             | 275.08    (-0.50)
	Red_blood_cell__RBC__count_10                                              | 1845	 (12920, 35)             | 4.93      (-0.49)
	Red_blood_cell_distribution_width_17                                       | 1845	 (12920, 35)             | 11.30     (-0.49)
	Total_white_cell_count_18                                                  | 1845	 (12920, 35)             | 2.60      (-0.50)
	............................................................new week............................................................
	Nasal_steroids_optimal                                                     | 1862	 (13039, 35)             | nan       (nan)
	Nasal_steroids_optimal                                                     | 1862	 (13039, 35)             | nan       (nan)
	Nasal_steroids_optimal                                                     | 1862	 (13040, 35)             | nan       (nan)
	............................................................new week............................................................
	Nasal_steroids_optimal                                                     | 1872	 (13110, 35)             | nan       (nan)
	............................................................new week............................................................
	Haemoglobin_estimation_9                                                   | 1895	 (13271, 36)             | 148.00    (-0.02)
	Lymphocyte_count_20                                                        | 1895	 (13271, 36)             | 1.70      (-0.49)
	Mean_corpusc_Hb_conc__MCHC__14                                             | 1895	 (13271, 36)             | 331.00    (0.16)
	Mean_corpusc_haemoglobin_MCH__13                                           | 1895	 (13271, 36)             | 31.20     (-0.19)
	Mean_corpuscular_volume__MCV__11                                           | 1895	 (13271, 36)             | 94.10     (-0.15)
	Monocyte_count_23                                                          | 1895	 (13271, 36)             | 0.40      (-0.48)
	Neutrophil_count_19                                                        | 1895	 (13271, 36)             | 1.40      (-0.47)
	Platelet_count_12                                                          | 1895	 (13271, 36)             | 250.94    (-0.50)
	Red_blood_cell__RBC__count_10                                              | 1895	 (13271, 36)             | 4.74      (-0.49)
	Red_blood_cell_distribution_width_17                                       | 1895	 (13271, 36)             | 11.80     (-0.48)
	Total_white_cell_count_18                                                  | 1895	 (13271, 36)             | 3.50      (-0.50)
	............................................................new week............................................................
	Nasal_steroids_optimal                                                     | 1929	 (13505, 37)             | nan       (nan)
	ALLERGICRHINITISCONJ                                                       | 1929	 (13505, 37)             | nan       (nan)
	............................................................new week............................................................
	Diastolic_blood_pressure_5                                                 | 1982	 (13877, 38)             | 72.00     (-0.36)
	Systolic_blood_pressure_4                                                  | 1982	 (13877, 38)             | 130.00    (-0.23)
	............................................................new week............................................................
	Haemoglobin_estimation_9                                                   | 2003	 (14027, 38)             | 147.00    (-0.03)
	Lymphocyte_count_20                                                        | 2003	 (14027, 38)             | 1.30      (-0.49)
	Mean_corpusc_Hb_conc__MCHC__14                                             | 2003	 (14027, 38)             | 331.00    (0.16)
	Mean_corpusc_haemoglobin_MCH__13                                           | 2003	 (14027, 38)             | 31.10     (-0.20)
	Mean_corpuscular_volume__MCV__11                                           | 2003	 (14027, 38)             | 93.90     (-0.15)
	Monocyte_count_23                                                          | 2003	 (14027, 38)             | 0.50      (-0.47)
	Neutrophil_count_19                                                        | 2003	 (14027, 38)             | 1.20      (-0.48)
	Platelet_count_12                                                          | 2003	 (14027, 38)             | 239.01    (-0.50)
	Red_blood_cell__RBC__count_10                                              | 2003	 (14027, 38)             | 4.73      (-0.49)
	Red_blood_cell_distribution_width_17                                       | 2003	 (14027, 38)             | 12.50     (-0.48)
	Total_white_cell_count_18                                                  | 2003	 (14027, 38)             | 3.10      (-0.50)
	............................................................new week............................................................
	Nasal_steroids_optimal                                                     | 2020	 (14142, 38)             | nan       (nan)
	............................................................new week............................................................
	Body_mass_index_3                                                          | 2033	 (14234, 38)             | 23.60     (-0.35)
	Diastolic_blood_pressure_5                                                 | 2033	 (14234, 38)             | 93.00     (-0.31)
	O_E___height_1                                                             | 2033	 (14234, 38)             | 167.00    (0.08)
	O_E___weight_2                                                             | 2033	 (14234, 38)             | 66.00     (-0.40)
	Systolic_blood_pressure_4                                                  | 2033	 (14234, 38)             | 139.00    (-0.21)
	............................................................new week............................................................
	Calculated_LDL_cholesterol_level_103                                       | 2034	 (14242, 39)             | 2.50      (-0.42)
	GFR_calculated_abbreviated_MDRD_34                                         | 2034	 (14242, 39)             | 60.00     (-0.30)
	Haemoglobin_A1c_level___IFCC_standardised_6                                | 2034	 (14242, 39)             | 29.00     (-0.40)
	Haemoglobin_estimation_9                                                   | 2034	 (14242, 39)             | 143.00    (-0.04)
	Lymphocyte_count_20                                                        | 2034	 (14242, 39)             | 1.20      (-0.49)
	Mean_corpusc_Hb_conc__MCHC__14                                             | 2034	 (14242, 39)             | 335.00    (0.16)
	Mean_corpusc_haemoglobin_MCH__13                                           | 2034	 (14242, 39)             | 31.50     (-0.19)
	Mean_corpuscular_volume__MCV__11                                           | 2034	 (14242, 39)             | 93.90     (-0.15)
	Monocyte_count_23                                                          | 2034	 (14242, 39)             | 0.50      (-0.47)
	Neutrophil_count_19                                                        | 2034	 (14242, 39)             | 1.40      (-0.47)
	Non_HDL_cholesterol_level_108                                              | 2034	 (14242, 39)             | 3.00      (-0.03)
	Platelet_count_12                                                          | 2034	 (14242, 39)             | 262.86    (-0.50)
	Red_blood_cell__RBC__count_10                                              | 2034	 (14242, 39)             | 4.54      (-0.49)
	Red_blood_cell_distribution_width_17                                       | 2034	 (14242, 39)             | 12.30     (-0.48)
	Serum_HDL_cholesterol_level_100                                            | 2034	 (14242, 39)             | 3.08      (0.29)
	Serum_TSH_level_71                                                         | 2034	 (14242, 39)             | 1.15      (-0.50)
	Serum_alanine_aminotransferase_level_45                                    | 2034	 (14242, 39)             | 52.00     (-0.50)
	Serum_albumin_51                                                           | 2034	 (14242, 39)             | 43.00     (-0.27)
	Serum_alkaline_phosphatase_50                                              | 2034	 (14242, 39)             | 50.00     (-0.50)
	Serum_bilirubin_level_53                                                   | 2034	 (14242, 39)             | 17.00     (-0.48)
	Serum_cholesterol_97                                                       | 2034	 (14242, 39)             | 6.10      (-0.41)
	Serum_creatinine_31                                                        | 2034	 (14242, 39)             | 88.00     (-0.49)
	Serum_potassium_26                                                         | 2034	 (14242, 39)             | 4.40      (-0.07)
	Serum_sodium_24                                                            | 2034	 (14242, 39)             | 140.00    (-0.05)
	Serum_triglycerides_105                                                    | 2034	 (14242, 39)             | 1.10      (-0.49)
	Serum_urea_level_29                                                        | 2034	 (14242, 39)             | 5.10      (-0.01)
	Total_cholesterol_HDL_ratio_95                                             | 2034	 (14242, 39)             | 2.00      (-0.50)
	Total_white_cell_count_18                                                  | 2034	 (14242, 39)             | 3.10      (-0.50)
	............................................................new week............................................................
	SSRIs_Optimal                                                              | 2061	 (14430, 39)             | nan       (nan)
	DEPRESSION                                                                 | 2061	 (14430, 39)             | nan       (nan)
	............................................................new week............................................................
	Body_mass_index_3                                                          | 2067	 (14471, 39)             | 24.00     (-0.35)
	Diastolic_blood_pressure_5                                                 | 2067	 (14471, 39)             | 99.00     (-0.29)
	O_E___weight_2                                                             | 2067	 (14471, 39)             | 67.00     (-0.40)
	Systolic_blood_pressure_4                                                  | 2067	 (14471, 39)             | 169.00    (-0.12)
	Calculated_LDL_cholesterol_level_103                                       | 2067	 (14474, 39)             | 2.80      (-0.41)
	GFR_calculated_abbreviated_MDRD_34                                         | 2067	 (14474, 39)             | 60.00     (-0.30)
	Haemoglobin_A1c_level___IFCC_standardised_6                                | 2067	 (14474, 39)             | 32.00     (-0.39)
	Non_HDL_cholesterol_level_108                                              | 2067	 (14474, 39)             | 3.30      (0.02)
	Serum_HDL_cholesterol_level_100                                            | 2067	 (14474, 39)             | 3.07      (0.29)
	Serum_TSH_level_71                                                         | 2067	 (14474, 39)             | 1.23      (-0.50)
	Serum_alanine_aminotransferase_level_45                                    | 2067	 (14474, 39)             | 44.00     (-0.50)
	Serum_albumin_51                                                           | 2067	 (14474, 39)             | 45.00     (-0.26)
	Serum_alkaline_phosphatase_50                                              | 2067	 (14474, 39)             | 40.00     (-0.50)
	Serum_bilirubin_level_53                                                   | 2067	 (14474, 39)             | 10.00     (-0.49)
	Serum_cholesterol_97                                                       | 2067	 (14474, 39)             | 6.30      (-0.41)
	Serum_creatinine_31                                                        | 2067	 (14474, 39)             | 87.00     (-0.49)
	Serum_potassium_26                                                         | 2067	 (14474, 39)             | 5.10      (0.01)
	Serum_sodium_24                                                            | 2067	 (14474, 39)             | 141.00    (-0.04)
	Serum_triglycerides_105                                                    | 2067	 (14474, 39)             | 0.96      (-0.49)
	Serum_urea_level_29                                                        | 2067	 (14474, 39)             | 4.90      (-0.03)
	Total_cholesterol_HDL_ratio_95                                             | 2067	 (14474, 39)             | 2.10      (-0.50)
	............................................................new week............................................................
	Diastolic_blood_pressure_5                                                 | 2068	 (14478, 39)             | 95.00     (-0.30)
	Diastolic_blood_pressure_5                                                 | 2068	 (14478, 39)             | 96.00     (-0.30)
	Systolic_blood_pressure_4                                                  | 2068	 (14478, 39)             | 163.00    (-0.14)
	Systolic_blood_pressure_4                                                  | 2068	 (14478, 39)             | 174.00    (-0.11)
	............................................................new week............................................................
	Diastolic_blood_pressure_5                                                 | 2104	 (14733, 40)             | 98.00     (-0.29)
	Systolic_blood_pressure_4                                                  | 2104	 (14733, 40)             | 154.00    (-0.16)
	............................................................new week............................................................
	Diastolic_blood_pressure_5                                                 | 2105	 (14740, 40)             | 105.00    (-0.28)
	Systolic_blood_pressure_4                                                  | 2105	 (14740, 40)             | 168.00    (-0.13)
	............................................................new week............................................................
	Haematocrit_15                                                             | 2119	 (14835, 40)             | 0.42      (-0.08)
	Haemoglobin_estimation_9                                                   | 2119	 (14835, 40)             | 138.00    (-0.06)
	Lymphocyte_count_20                                                        | 2119	 (14835, 40)             | 1.00      (-0.50)
	Mean_corpusc_Hb_conc__MCHC__14                                             | 2119	 (14835, 40)             | 326.00    (0.14)
	Mean_corpusc_haemoglobin_MCH__13                                           | 2119	 (14835, 40)             | 31.00     (-0.20)
	Mean_corpuscular_volume__MCV__11                                           | 2119	 (14835, 40)             | 94.90     (-0.15)
	Monocyte_count_23                                                          | 2119	 (14835, 40)             | 0.40      (-0.48)
	Neutrophil_count_19                                                        | 2119	 (14835, 40)             | 1.60      (-0.47)
	Platelet_count_12                                                          | 2119	 (14835, 40)             | 225.01    (-0.50)
	Red_blood_cell__RBC__count_10                                              | 2119	 (14835, 40)             | 4.47      (-0.49)
	Red_blood_cell_distribution_width_17                                       | 2119	 (14835, 40)             | 12.50     (-0.48)
	Total_white_cell_count_18                                                  | 2119	 (14835, 40)             | 3.10      (-0.50)
	............................................................new week............................................................
	Body_mass_index_3                                                          | 2143	 (15007, 41)             | 23.59     (-0.35)
	Current_smoker_83                                                          | 2143	 (15007, 41)             | nan       (nan)
	Diastolic_blood_pressure_5                                                 | 2143	 (15007, 41)             | 92.00     (-0.31)
	O_E___height_1                                                             | 2143	 (15007, 41)             | 166.00    (0.08)
	O_E___weight_2                                                             | 2143	 (15007, 41)             | 65.00     (-0.40)
	Serum_HDL_cholesterol_level_100                                            | 2143	 (15007, 41)             | 2.15      (0.05)
	Serum_total_cholesterol_level_98                                           | 2143	 (15007, 41)             | 6.26      (-0.40)
	Systolic_blood_pressure_4                                                  | 2143	 (15007, 41)             | 134.00    (-0.22)
	Total_cholesterol_HDL_ratio_95                                             | 2143	 (15007, 41)             | 2.90      (-0.49)
	............................................................new week............................................................
	Nasal_steroids_optimal                                                     | 2170	 (15192, 41)             | nan       (nan)
	............................................................new week............................................................
	Nasal_steroids_optimal                                                     | 2229	 (15609, 42)             | nan       (nan)
	............................................................new week............................................................
	Mirtazapine                                                                | 2232	 (15626, 42)             | nan       (nan)
	............................................................new week............................................................
	Antihistamines_second_generation_H1_antagonists                            | 2233	 (15635, 42)             | nan       (nan)
	............................................................new week............................................................
	Mirtazapine                                                                | 2234	 (15644, 42)             | nan       (nan)
	............................................................new week............................................................
	Mirtazapine                                                                | 2235	 (15651, 42)             | nan       (nan)
	Nasal_steroids_optimal                                                     | 2235	 (15651, 42)             | nan       (nan)
	............................................................new week............................................................
	Mirtazapine                                                                | 2239	 (15674, 42)             | nan       (nan)
	............................................................new week............................................................
	Mirtazapine                                                                | 2243	 (15703, 43)             | nan       (nan)
	............................................................new week............................................................
	Mirtazapine                                                                | 2247	 (15733, 43)             | nan       (nan)
	............................................................new week............................................................
	Mirtazapine                                                                | 2253	 (15772, 43)             | nan       (nan)
	............................................................new week............................................................
	Mirtazapine                                                                | 2259	 (15815, 43)             | nan       (nan)
	............................................................new week............................................................
	Body_mass_index_3                                                          | 2263	 (15845, 43)             | 23.01     (-0.36)
	Diastolic_blood_pressure_5                                                 | 2263	 (15845, 43)             | 83.00     (-0.33)
	O_E___weight_2                                                             | 2263	 (15845, 43)             | 63.40     (-0.40)
	Systolic_blood_pressure_4                                                  | 2263	 (15845, 43)             | 142.00    (-0.20)
	............................................................new week............................................................
	Mirtazapine                                                                | 2266	 (15865, 43)             | nan       (nan)
	............................................................new week............................................................
	Nasal_steroids_optimal                                                     | 2273	 (15913, 43)             | nan       (nan)
	Mirtazapine                                                                | 2273	 (15914, 43)             | nan       (nan)

========================================================================================================================
DIAGNOSIS SUMMARY
['ALCOHOLMISUSE_V2', 'ALLERGICRHINITISCONJ', 'DEPRESSION']
========================================================================================================================


PREDICTED FUTURE EVENTS
========================================================================================================================
	EVENT                                                                     | AGE IN WEEKS (days, years)  | VALUE
	............................................................new week............................................................
	Mirtazapine                                                                | 2281	 (15971, 43)             | nan       (nan)
	............................................................new week............................................................
	Mirtazapine                                                                | 2285	 (15999, 43)             | nan       (nan)
	............................................................new week............................................................
	Ex_smoker_84                                                               | 2290	 (16035, 43)             | -177.25   (-2.72)
	............................................................new week............................................................
	Mirtazapine                                                                | 2291	 (16039, 43)             | nan       (nan)
	Mirtazapine                                                                | 2291	 (16042, 43)             | nan       (nan)
	............................................................new week............................................................
	Mirtazapine                                                                | 2295	 (16066, 44)             | nan       (nan)
	Mirtazapine                                                                | 2295	 (16066, 44)             | nan       (nan)
	............................................................new week............................................................
	Mirtazapine                                                                | 2298	 (16088, 44)             | nan       (nan)
	Mirtazapine                                                                | 2298	 (16090, 44)             | nan       (nan)
	............................................................new week............................................................
	Mirtazapine                                                                | 2299	 (16094, 44)             | nan       (nan)
	Mirtazapine                                                                | 2299	 (16097, 44)             | nan       (nan)
	............................................................new week............................................................
	Mirtazapine                                                                | 2304	 (16134, 44)             | nan       (nan)
	............................................................new week............................................................
	Mirtazapine                                                                | 2311	 (16179, 44)             | nan       (nan)
	............................................................new week............................................................
	Mirtazapine                                                                | 2315	 (16207, 44)             | nan       (nan)
	............................................................new week............................................................
	Mirtazapine                                                                | 2329	 (16309, 44)             | nan       (nan)
	............................................................new week............................................................
	Mirtazapine                                                                | 2332	 (16324, 44)             | nan       (nan)
	............................................................new week............................................................
	Mirtazapine                                                                | 2333	 (16335, 44)             | nan       (nan)
	............................................................new week............................................................
	Mirtazapine                                                                | 2343	 (16402, 44)             | nan       (nan)
	............................................................new week............................................................
	Mirtazapine                                                                | 2344	 (16410, 44)             | nan       (nan)
	............................................................new week............................................................
	Mirtazapine                                                                | 2357	 (16499, 45)             | nan       (nan)
	Mirtazapine                                                                | 2357	 (16499, 45)             | nan       (nan)
	............................................................new week............................................................
	Mirtazapine                                                                | 2371	 (16601, 45)             | nan       (nan)
	Mirtazapine                                                                | 2371	 (16601, 45)             | nan       (nan)
	............................................................new week............................................................
	Mirtazapine                                                                | 2380	 (16665, 45)             | nan       (nan)
	............................................................new week............................................................
	Mirtazapine                                                                | 2384	 (16689, 45)             | nan       (nan)
	............................................................new week............................................................
	Mirtazapine                                                                | 2406	 (16848, 46)             | nan       (nan)
	............................................................new week............................................................
	Mirtazapine                                                                | 2407	 (16850, 46)             | nan       (nan)
	............................................................new week............................................................
	Mirtazapine                                                                | 2411	 (16877, 46)             | nan       (nan)
	............................................................new week............................................................
	Mirtazapine                                                                | 2427	 (16989, 46)             | nan       (nan)
	............................................................new week............................................................
	Mirtazapine                                                                | 2430	 (17011, 46)             | nan       (nan)
	............................................................new week............................................................
	Mirtazapine                                                                | 2434	 (17040, 46)             | nan       (nan)
	............................................................new week............................................................
	Mirtazapine                                                                | 2439	 (17076, 46)             | nan       (nan)
	............................................................new week............................................................
	PropranololAnxiety_mumpredict                                              | 2441	 (17093, 46)             | nan       (nan)
	............................................................new week............................................................
	SSRIs_Optimal                                                              | 2444	 (17113, 46)             | nan       (nan)
	............................................................new week............................................................
	Mirtazapine                                                                | 2449	 (17144, 46)             | nan       (nan)
	............................................................new week............................................................
	SSRIs_Optimal                                                              | 2452	 (17170, 47)             | nan       (nan)
	Mirtazapine                                                                | 2452	 (17170, 47)             | nan       (nan)
	............................................................new week............................................................
	Mirtazapine                                                                | 2453	 (17173, 47)             | nan       (nan)
	............................................................new week............................................................
	Mirtazapine                                                                | 2458	 (17208, 47)             | nan       (nan)
	............................................................new week............................................................
	Mirtazapine                                                                | 2461	 (17230, 47)             | nan       (nan)
	............................................................new week............................................................
	Mirtazapine                                                                | 2462	 (17237, 47)             | nan       (nan)
	............................................................new week............................................................
	Mirtazapine                                                                | 2464	 (17250, 47)             | nan       (nan)
	............................................................new week............................................................
	Mirtazapine                                                                | 2465	 (17255, 47)             | nan       (nan)
	Mirtazapine                                                                | 2465	 (17257, 47)             | nan       (nan)
	............................................................new week............................................................
	Mirtazapine                                                                | 2466	 (17266, 47)             | nan       (nan)
	............................................................new week............................................................
	Mirtazapine                                                                | 2467	 (17272, 47)             | nan       (nan)
	............................................................new week............................................................
	Mirtazapine                                                                | 2469	 (17283, 47)             | nan       (nan)
	Mirtazapine                                                                | 2469	 (17283, 47)             | nan       (nan)
	............................................................new week............................................................
	Mirtazapine                                                                | 2478	 (17350, 47)             | nan       (nan)
	............................................................new week............................................................
	Mirtazapine                                                                | 2488	 (17422, 47)             | nan       (nan)
	............................................................new week............................................................
	Mirtazapine                                                                | 2492	 (17444, 47)             | nan       (nan)
	............................................................new week............................................................
	Mirtazapine                                                                | 2494	 (17458, 47)             | nan       (nan)
	Mirtazapine                                                                | 2494	 (17464, 47)             | nan       (nan)
	............................................................new week............................................................
	Mirtazapine                                                                | 2499	 (17497, 47)             | nan       (nan)
	............................................................new week............................................................
	Mirtazapine                                                                | 2502	 (17517, 47)             | nan       (nan)
	Mirtazapine                                                                | 2502	 (17518, 47)             | nan       (nan)
	............................................................new week............................................................
	Mirtazapine                                                                | 2508	 (17559, 48)             | nan       (nan)
	............................................................new week............................................................
	Mirtazapine                                                                | 2513	 (17593, 48)             | nan       (nan)
	............................................................new week............................................................
	Mirtazapine                                                                | 2521	 (17652, 48)             | nan       (nan)
	............................................................new week............................................................
	Mirtazapine                                                                | 2526	 (17683, 48)             | nan       (nan)
	............................................................new week............................................................
	Mirtazapine                                                                | 2528	 (17701, 48)             | nan       (nan)
	............................................................new week............................................................
	Mirtazapine                                                                | 2530	 (17712, 48)             | nan       (nan)
	............................................................new week............................................................
	Mirtazapine                                                                | 2538	 (17771, 48)             | nan       (nan)
	............................................................new week............................................................
	Mirtazapine                                                                | 2545	 (17818, 48)             | nan       (nan)
	Mirtazapine                                                                | 2545	 (17818, 48)             | nan       (nan)
	Mirtazapine                                                                | 2545	 (17818, 48)             | nan       (nan)
	............................................................new week............................................................
	Mirtazapine                                                                | 2546	 (17827, 48)             | nan       (nan)
	............................................................new week............................................................
	Mirtazapine                                                                | 2551	 (17862, 48)             | nan       (nan)
	............................................................new week............................................................
	Mirtazapine                                                                | 2563	 (17946, 49)             | nan       (nan)
	............................................................new week............................................................
	Mirtazapine                                                                | 2564	 (17948, 49)             | nan       (nan)
	............................................................new week............................................................
	Mirtazapine                                                                | 2566	 (17964, 49)             | nan       (nan)
	............................................................new week............................................................
	Mirtazapine                                                                | 2567	 (17972, 49)             | nan       (nan)
	............................................................new week............................................................
	Mirtazapine                                                                | 2575	 (18030, 49)             | nan       (nan)
	............................................................new week............................................................
	Mirtazapine                                                                | 2579	 (18056, 49)             | nan       (nan)
	............................................................new week............................................................
	Mirtazapine                                                                | 2585	 (18096, 49)             | nan       (nan)
	............................................................new week............................................................
	Mirtazapine                                                                | 2587	 (18109, 49)             | nan       (nan)
	............................................................new week............................................................
	Mirtazapine                                                                | 2588	 (18119, 49)             | nan       (nan)
	............................................................new week............................................................
	Mirtazapine                                                                | 2589	 (18125, 49)             | nan       (nan)
	Mirtazapine                                                                | 2589	 (18125, 49)             | nan       (nan)
	............................................................new week............................................................
	Mirtazapine                                                                | 2595	 (18167, 49)             | nan       (nan)
	............................................................new week............................................................
	Mirtazapine                                                                | 2600	 (18200, 49)             | nan       (nan)
	............................................................new week............................................................
	Mirtazapine                                                                | 2624	 (18370, 50)             | nan       (nan)
	............................................................new week............................................................
	Mirtazapine                                                                | 2646	 (18527, 50)             | nan       (nan)
	............................................................new week............................................................
	Mirtazapine                                                                | 2648	 (18541, 50)             | nan       (nan)
	............................................................new week............................................................
	Mirtazapine                                                                | 2653	 (18576, 50)             | nan       (nan)
	............................................................new week............................................................
	Mirtazapine                                                                | 2662	 (18635, 51)             | nan       (nan)
	............................................................new week............................................................
	Mirtazapine                                                                | 2668	 (18678, 51)             | nan       (nan)
	............................................................new week............................................................
	Mirtazapine                                                                | 2669	 (18684, 51)             | nan       (nan)
	............................................................new week............................................................
	Mirtazapine                                                                | 2671	 (18697, 51)             | nan       (nan)
	Mirtazapine                                                                | 2671	 (18699, 51)             | nan       (nan)
	............................................................new week............................................................
	Mirtazapine                                                                | 2680	 (18761, 51)             | nan       (nan)
	............................................................new week............................................................
	Mirtazapine                                                                | 2682	 (18777, 51)             | nan       (nan)
	............................................................new week............................................................
	Mirtazapine                                                                | 2683	 (18781, 51)             | nan       (nan)
	............................................................new week............................................................
	Mirtazapine                                                                | 2685	 (18799, 51)             | nan       (nan)
	............................................................new week............................................................
	Mirtazapine                                                                | 2688	 (18816, 51)             | nan       (nan)
	............................................................new week............................................................
	Mirtazapine                                                                | 2689	 (18823, 51)             | nan       (nan)
	Mirtazapine                                                                | 2689	 (18825, 51)             | nan       (nan)
	............................................................new week............................................................
	Mirtazapine                                                                | 2691	 (18843, 51)             | nan       (nan)
	............................................................new week............................................................
	Mirtazapine                                                                | 2694	 (18858, 51)             | nan       (nan)
	............................................................new week............................................................
	Mirtazapine                                                                | 2697	 (18883, 51)             | nan       (nan)
	............................................................new week............................................................
	Mirtazapine                                                                | 2699	 (18894, 51)             | nan       (nan)
	............................................................new week............................................................
	Mirtazapine                                                                | 2702	 (18920, 51)             | nan       (nan)
	............................................................new week............................................................
	Mirtazapine                                                                | 2704	 (18934, 51)             | nan       (nan)
	............................................................new week............................................................
	Mirtazapine                                                                | 2706	 (18945, 51)             | nan       (nan)
	............................................................new week............................................................
	Mirtazapine                                                                | 2711	 (18982, 52)             | nan       (nan)
	............................................................new week............................................................
	Mirtazapine                                                                | 2712	 (18987, 52)             | nan       (nan)
	Mirtazapine                                                                | 2712	 (18989, 52)             | nan       (nan)
	Mirtazapine                                                                | 2712	 (18989, 52)             | nan       (nan)
	............................................................new week............................................................
	Mirtazapine                                                                | 2715	 (19007, 52)             | nan       (nan)
	............................................................new week............................................................
	Mirtazapine                                                                | 2717	 (19022, 52)             | nan       (nan)
	............................................................new week............................................................
	Mirtazapine                                                                | 2720	 (19040, 52)             | nan       (nan)
	Mirtazapine                                                                | 2720	 (19044, 52)             | nan       (nan)
	Insulin_Aurum_v2                                                           | 2720	 (19046, 52)             | nan       (nan)
	Mirtazapine                                                                | 2720	 (19046, 52)             | nan       (nan)
	............................................................new week............................................................
	Mirtazapine                                                                | 2721	 (19049, 52)             | nan       (nan)
	............................................................new week............................................................
	Mirtazapine                                                                | 2723	 (19062, 52)             | nan       (nan)
	............................................................new week............................................................
	Mirtazapine                                                                | 2724	 (19068, 52)             | nan       (nan)
	............................................................new week............................................................
	Mirtazapine                                                                | 2725	 (19075, 52)             | nan       (nan)
	............................................................new week............................................................
	Mirtazapine                                                                | 2729	 (19108, 52)             | nan       (nan)
	............................................................new week............................................................
	Mirtazapine                                                                | 2730	 (19113, 52)             | nan       (nan)
	............................................................new week............................................................
	Mirtazapine                                                                | 2731	 (19122, 52)             | nan       (nan)
	............................................................new week............................................................
	Mirtazapine                                                                | 2734	 (19143, 52)             | nan       (nan)
	............................................................new week............................................................
	Mirtazapine                                                                | 2735	 (19148, 52)             | nan       (nan)
	............................................................new week............................................................
	Mirtazapine                                                                | 2737	 (19163, 52)             | nan       (nan)
	............................................................new week............................................................
	Mirtazapine                                                                | 2741	 (19188, 52)             | nan       (nan)
	............................................................new week............................................................
	Mirtazapine                                                                | 2746	 (19225, 52)             | nan       (nan)
	Mirtazapine                                                                | 2746	 (19227, 52)             | nan       (nan)
	............................................................new week............................................................
	Mirtazapine                                                                | 2750	 (19256, 52)             | nan       (nan)
	............................................................new week............................................................
	Mirtazapine                                                                | 2752	 (19265, 52)             | nan       (nan)
	Mirtazapine                                                                | 2752	 (19269, 52)             | nan       (nan)
	............................................................new week............................................................
	Mirtazapine                                                                | 2753	 (19276, 52)             | nan       (nan)
	............................................................new week............................................................
	Mirtazapine                                                                | 2761	 (19327, 52)             | nan       (nan)
	............................................................new week............................................................
	Mirtazapine                                                                | 2762	 (19336, 52)             | nan       (nan)
	............................................................new week............................................................
	Mirtazapine                                                                | 2763	 (19343, 52)             | nan       (nan)
	............................................................new week............................................................
	Mirtazapine                                                                | 2765	 (19358, 53)             | nan       (nan)
	............................................................new week............................................................
	Mirtazapine                                                                | 2766	 (19362, 53)             | nan       (nan)
	Mirtazapine                                                                | 2766	 (19362, 53)             | nan       (nan)
	Mirtazapine                                                                | 2766	 (19364, 53)             | nan       (nan)
	Mirtazapine                                                                | 2766	 (19365, 53)             | nan       (nan)
	Mirtazapine                                                                | 2766	 (19367, 53)             | nan       (nan)
	............................................................new week............................................................
	Mirtazapine                                                                | 2767	 (19369, 53)             | nan       (nan)
	............................................................new week............................................................
	Mirtazapine                                                                | 2768	 (19382, 53)             | nan       (nan)
	............................................................new week............................................................
	Mirtazapine                                                                | 2769	 (19384, 53)             | nan       (nan)
	Mirtazapine                                                                | 2769	 (19389, 53)             | nan       (nan)
	............................................................new week............................................................
	Mirtazapine                                                                | 2773	 (19417, 53)             | nan       (nan)
	............................................................new week............................................................
	Mirtazapine                                                                | 2775	 (19426, 53)             | nan       (nan)
	............................................................new week............................................................
	Mirtazapine                                                                | 2777	 (19440, 53)             | nan       (nan)
	Mirtazapine                                                                | 2777	 (19442, 53)             | nan       (nan)
	Mirtazapine                                                                | 2777	 (19444, 53)             | nan       (nan)
	Mirtazapine                                                                | 2777	 (19444, 53)             | nan       (nan)
