STATIC INFORMATION
========================================================================================================================
	SEX:               M
	IMD:               5.0
	ETHNICITY:         BLACK
	birth_year:        1978.0


GIVEN PATIENT CONTEXT
========================================================================================================================
	EVENT                                                                     | AGE IN WEEKS (days, years)   | VALUE
	............................................................new week............................................................
	ALCOHOLMISUSE_V2                                                           | 1777	 (12445, 34)             | nan       (nan)
	............................................................new week............................................................
	Body_mass_index_3                                                          | 1778	 (12449, 34)             | 25.20     (-0.34)
	Diastolic_blood_pressure_5                                                 | 1778	 (12449, 34)             | 80.00     (-0.34)
	O_E___height_1                                                             | 1778	 (12449, 34)             | 167.00    (0.08)
	O_E___weight_2                                                             | 1778	 (12449, 34)             | 70.20     (-0.39)
	Systolic_blood_pressure_4                                                  | 1778	 (12449, 34)             | 142.00    (-0.20)
	............................................................new week............................................................
	Nasal_steroids_optimal                                                     | 1814	 (12701, 34)             | nan       (nan)
	............................................................new week............................................................
	Nasal_steroids_optimal                                                     | 1820	 (12745, 34)             | nan       (nan)
	............................................................new week............................................................
	GFR_calculated_abbreviated_MDRD_34                                         | 1830	 (12816, 35)             | nan       (nan)
	Haemoglobin_estimation_9                                                   | 1830	 (12816, 35)             | 143.00    (-0.04)
	Lymphocyte_count_20                                                        | 1830	 (12816, 35)             | 0.90      (-0.50)
	Mean_corpusc_Hb_conc__MCHC__14                                             | 1830	 (12816, 35)             | 322.00    (0.14)
	Mean_corpusc_haemoglobin_MCH__13                                           | 1830	 (12816, 35)             | 30.60     (-0.20)
	Mean_corpuscular_volume__MCV__11                                           | 1830	 (12816, 35)             | 95.20     (-0.14)
	Monocyte_count_23                                                          | 1830	 (12816, 35)             | 0.20      (-0.49)
	Neutrophil_count_19                                                        | 1830	 (12816, 35)             | 1.00      (-0.48)
	Platelet_count_12                                                          | 1830	 (12816, 35)             | 258.09    (-0.50)
	Red_blood_cell__RBC__count_10                                              | 1830	 (12816, 35)             | 4.69      (-0.49)
	Red_blood_cell_distribution_width_17                                       | 1830	 (12816, 35)             | 12.80     (-0.47)
	Serum_C_reactive_protein_level_59                                          | 1830	 (12816, 35)             | 4.00      (-0.03)
	Serum_alanine_aminotransferase_level_45                                    | 1830	 (12816, 35)             | 44.00     (-0.50)
	Serum_albumin_51                                                           | 1830	 (12816, 35)             | 42.00     (-0.28)
	Serum_alkaline_phosphatase_50                                              | 1830	 (12816, 35)             | 32.00     (-0.50)
	Serum_bilirubin_level_53                                                   | 1830	 (12816, 35)             | 13.00     (-0.48)
	Serum_creatinine_31                                                        | 1830	 (12816, 35)             | 85.00     (-0.49)
	Serum_gamma_glutamyl_transferase_level_57                                  | 1830	 (12816, 35)             | 38.00     (0.04)
	Serum_potassium_26                                                         | 1830	 (12816, 35)             | 4.10      (-0.10)
	Serum_sodium_24                                                            | 1830	 (12816, 35)             | 139.00    (-0.05)
	Serum_urea_level_29                                                        | 1830	 (12816, 35)             | 6.50      (0.13)
	Total_white_cell_count_18                                                  | 1830	 (12816, 35)             | 2.20      (-0.50)
	............................................................new week............................................................
	Haemoglobin_estimation_9                                                   | 1834	 (12842, 35)             | 148.00    (-0.02)
	Lymphocyte_count_20                                                        | 1834	 (12842, 35)             | 0.90      (-0.50)
	Mean_corpusc_Hb_conc__MCHC__14                                             | 1834	 (12842, 35)             | 317.00    (0.13)
	Mean_corpusc_haemoglobin_MCH__13                                           | 1834	 (12842, 35)             | 30.50     (-0.20)
	Mean_corpuscular_volume__MCV__11                                           | 1834	 (12842, 35)             | 96.30     (-0.14)
	Monocyte_count_23                                                          | 1834	 (12842, 35)             | 0.30      (-0.48)
	Neutrophil_count_19                                                        | 1834	 (12842, 35)             | 1.30      (-0.47)
	Platelet_count_12                                                          | 1834	 (12842, 35)             | 227.99    (-0.50)
	Red_blood_cell__RBC__count_10                                              | 1834	 (12842, 35)             | 4.86      (-0.49)
	Red_blood_cell_distribution_width_17                                       | 1834	 (12842, 35)             | 12.20     (-0.48)
	Total_white_cell_count_18                                                  | 1834	 (12842, 35)             | 2.60      (-0.50)
	............................................................new week............................................................
	Haemoglobin_estimation_9                                                   | 1845	 (12920, 35)             | 151.00    (-0.01)
	Lymphocyte_count_20                                                        | 1845	 (12920, 35)             | 1.20      (-0.49)
	Mean_corpusc_Hb_conc__MCHC__14                                             | 1845	 (12920, 35)             | 322.00    (0.14)
	Mean_corpusc_haemoglobin_MCH__13                                           | 1845	 (12920, 35)             | 30.60     (-0.20)
	Mean_corpuscular_volume__MCV__11                                           | 1845	 (12920, 35)             | 95.00     (-0.15)
	Monocyte_count_23                                                          | 1845	 (12920, 35)             | 0.30      (-0.48)
	Neutrophil_count_19                                                        | 1845	 (12920, 35)             | 1.10      (-0.48)
	Platelet_count_12                                                          | 1845	 (12920, 35)             | 275.08    (-0.50)
	Red_blood_cell__RBC__count_10                                              | 1845	 (12920, 35)             | 4.93      (-0.49)
	Red_blood_cell_distribution_width_17                                       | 1845	 (12920, 35)             | 11.30     (-0.49)
	Total_white_cell_count_18                                                  | 1845	 (12920, 35)             | 2.60      (-0.50)
	............................................................new week............................................................
	Nasal_steroids_optimal                                                     | 1862	 (13039, 35)             | nan       (nan)
	Nasal_steroids_optimal                                                     | 1862	 (13039, 35)             | nan       (nan)
	Nasal_steroids_optimal                                                     | 1862	 (13040, 35)             | nan       (nan)
	............................................................new week............................................................
	Nasal_steroids_optimal                                                     | 1872	 (13110, 35)             | nan       (nan)
	............................................................new week............................................................
	Haemoglobin_estimation_9                                                   | 1895	 (13271, 36)             | 148.00    (-0.02)
	Lymphocyte_count_20                                                        | 1895	 (13271, 36)             | 1.70      (-0.49)
	Mean_corpusc_Hb_conc__MCHC__14                                             | 1895	 (13271, 36)             | 331.00    (0.16)
	Mean_corpusc_haemoglobin_MCH__13                                           | 1895	 (13271, 36)             | 31.20     (-0.19)
	Mean_corpuscular_volume__MCV__11                                           | 1895	 (13271, 36)             | 94.10     (-0.15)
	Monocyte_count_23                                                          | 1895	 (13271, 36)             | 0.40      (-0.48)
	Neutrophil_count_19                                                        | 1895	 (13271, 36)             | 1.40      (-0.47)
	Platelet_count_12                                                          | 1895	 (13271, 36)             | 250.94    (-0.50)
	Red_blood_cell__RBC__count_10                                              | 1895	 (13271, 36)             | 4.74      (-0.49)
	Red_blood_cell_distribution_width_17                                       | 1895	 (13271, 36)             | 11.80     (-0.48)
	Total_white_cell_count_18                                                  | 1895	 (13271, 36)             | 3.50      (-0.50)
	............................................................new week............................................................
	Nasal_steroids_optimal                                                     | 1929	 (13505, 37)             | nan       (nan)
	ALLERGICRHINITISCONJ                                                       | 1929	 (13505, 37)             | nan       (nan)
	............................................................new week............................................................
	Diastolic_blood_pressure_5                                                 | 1982	 (13877, 38)             | 72.00     (-0.36)
	Systolic_blood_pressure_4                                                  | 1982	 (13877, 38)             | 130.00    (-0.23)
	............................................................new week............................................................
	Haemoglobin_estimation_9                                                   | 2003	 (14027, 38)             | 147.00    (-0.03)
	Lymphocyte_count_20                                                        | 2003	 (14027, 38)             | 1.30      (-0.49)
	Mean_corpusc_Hb_conc__MCHC__14                                             | 2003	 (14027, 38)             | 331.00    (0.16)
	Mean_corpusc_haemoglobin_MCH__13                                           | 2003	 (14027, 38)             | 31.10     (-0.20)
	Mean_corpuscular_volume__MCV__11                                           | 2003	 (14027, 38)             | 93.90     (-0.15)
	Monocyte_count_23                                                          | 2003	 (14027, 38)             | 0.50      (-0.47)
	Neutrophil_count_19                                                        | 2003	 (14027, 38)             | 1.20      (-0.48)
	Platelet_count_12                                                          | 2003	 (14027, 38)             | 239.01    (-0.50)
	Red_blood_cell__RBC__count_10                                              | 2003	 (14027, 38)             | 4.73      (-0.49)
	Red_blood_cell_distribution_width_17                                       | 2003	 (14027, 38)             | 12.50     (-0.48)
	Total_white_cell_count_18                                                  | 2003	 (14027, 38)             | 3.10      (-0.50)
	............................................................new week............................................................
	Nasal_steroids_optimal                                                     | 2020	 (14142, 38)             | nan       (nan)
	............................................................new week............................................................
	Body_mass_index_3                                                          | 2033	 (14234, 38)             | 23.60     (-0.35)
	Diastolic_blood_pressure_5                                                 | 2033	 (14234, 38)             | 93.00     (-0.31)
	O_E___height_1                                                             | 2033	 (14234, 38)             | 167.00    (0.08)
	O_E___weight_2                                                             | 2033	 (14234, 38)             | 66.00     (-0.40)
	Systolic_blood_pressure_4                                                  | 2033	 (14234, 38)             | 139.00    (-0.21)
	............................................................new week............................................................
	Calculated_LDL_cholesterol_level_103                                       | 2034	 (14242, 39)             | 2.50      (-0.42)
	GFR_calculated_abbreviated_MDRD_34                                         | 2034	 (14242, 39)             | 60.00     (-0.30)
	Haemoglobin_A1c_level___IFCC_standardised_6                                | 2034	 (14242, 39)             | 29.00     (-0.40)
	Haemoglobin_estimation_9                                                   | 2034	 (14242, 39)             | 143.00    (-0.04)
	Lymphocyte_count_20                                                        | 2034	 (14242, 39)             | 1.20      (-0.49)
	Mean_corpusc_Hb_conc__MCHC__14                                             | 2034	 (14242, 39)             | 335.00    (0.16)
	Mean_corpusc_haemoglobin_MCH__13                                           | 2034	 (14242, 39)             | 31.50     (-0.19)
	Mean_corpuscular_volume__MCV__11                                           | 2034	 (14242, 39)             | 93.90     (-0.15)
	Monocyte_count_23                                                          | 2034	 (14242, 39)             | 0.50      (-0.47)
	Neutrophil_count_19                                                        | 2034	 (14242, 39)             | 1.40      (-0.47)
	Non_HDL_cholesterol_level_108                                              | 2034	 (14242, 39)             | 3.00      (-0.03)
	Platelet_count_12                                                          | 2034	 (14242, 39)             | 262.86    (-0.50)
	Red_blood_cell__RBC__count_10                                              | 2034	 (14242, 39)             | 4.54      (-0.49)
	Red_blood_cell_distribution_width_17                                       | 2034	 (14242, 39)             | 12.30     (-0.48)
	Serum_HDL_cholesterol_level_100                                            | 2034	 (14242, 39)             | 3.08      (0.29)
	Serum_TSH_level_71                                                         | 2034	 (14242, 39)             | 1.15      (-0.50)
	Serum_alanine_aminotransferase_level_45                                    | 2034	 (14242, 39)             | 52.00     (-0.50)
	Serum_albumin_51                                                           | 2034	 (14242, 39)             | 43.00     (-0.27)
	Serum_alkaline_phosphatase_50                                              | 2034	 (14242, 39)             | 50.00     (-0.50)
	Serum_bilirubin_level_53                                                   | 2034	 (14242, 39)             | 17.00     (-0.48)
	Serum_cholesterol_97                                                       | 2034	 (14242, 39)             | 6.10      (-0.41)
	Serum_creatinine_31                                                        | 2034	 (14242, 39)             | 88.00     (-0.49)
	Serum_potassium_26                                                         | 2034	 (14242, 39)             | 4.40      (-0.07)
	Serum_sodium_24                                                            | 2034	 (14242, 39)             | 140.00    (-0.05)
	Serum_triglycerides_105                                                    | 2034	 (14242, 39)             | 1.10      (-0.49)
	Serum_urea_level_29                                                        | 2034	 (14242, 39)             | 5.10      (-0.01)
	Total_cholesterol_HDL_ratio_95                                             | 2034	 (14242, 39)             | 2.00      (-0.50)
	Total_white_cell_count_18                                                  | 2034	 (14242, 39)             | 3.10      (-0.50)
	............................................................new week............................................................
	SSRIs_Optimal                                                              | 2061	 (14430, 39)             | nan       (nan)
	DEPRESSION                                                                 | 2061	 (14430, 39)             | nan       (nan)
	............................................................new week............................................................
	Body_mass_index_3                                                          | 2067	 (14471, 39)             | 24.00     (-0.35)
	Diastolic_blood_pressure_5                                                 | 2067	 (14471, 39)             | 99.00     (-0.29)
	O_E___weight_2                                                             | 2067	 (14471, 39)             | 67.00     (-0.40)
	Systolic_blood_pressure_4                                                  | 2067	 (14471, 39)             | 169.00    (-0.12)
	Calculated_LDL_cholesterol_level_103                                       | 2067	 (14474, 39)             | 2.80      (-0.41)
	GFR_calculated_abbreviated_MDRD_34                                         | 2067	 (14474, 39)             | 60.00     (-0.30)
	Haemoglobin_A1c_level___IFCC_standardised_6                                | 2067	 (14474, 39)             | 32.00     (-0.39)
	Non_HDL_cholesterol_level_108                                              | 2067	 (14474, 39)             | 3.30      (0.02)
	Serum_HDL_cholesterol_level_100                                            | 2067	 (14474, 39)             | 3.07      (0.29)
	Serum_TSH_level_71                                                         | 2067	 (14474, 39)             | 1.23      (-0.50)
	Serum_alanine_aminotransferase_level_45                                    | 2067	 (14474, 39)             | 44.00     (-0.50)
	Serum_albumin_51                                                           | 2067	 (14474, 39)             | 45.00     (-0.26)
	Serum_alkaline_phosphatase_50                                              | 2067	 (14474, 39)             | 40.00     (-0.50)
	Serum_bilirubin_level_53                                                   | 2067	 (14474, 39)             | 10.00     (-0.49)
	Serum_cholesterol_97                                                       | 2067	 (14474, 39)             | 6.30      (-0.41)
	Serum_creatinine_31                                                        | 2067	 (14474, 39)             | 87.00     (-0.49)
	Serum_potassium_26                                                         | 2067	 (14474, 39)             | 5.10      (0.01)
	Serum_sodium_24                                                            | 2067	 (14474, 39)             | 141.00    (-0.04)
	Serum_triglycerides_105                                                    | 2067	 (14474, 39)             | 0.96      (-0.49)
	Serum_urea_level_29                                                        | 2067	 (14474, 39)             | 4.90      (-0.03)
	Total_cholesterol_HDL_ratio_95                                             | 2067	 (14474, 39)             | 2.10      (-0.50)
	............................................................new week............................................................
	Diastolic_blood_pressure_5                                                 | 2068	 (14478, 39)             | 95.00     (-0.30)
	Diastolic_blood_pressure_5                                                 | 2068	 (14478, 39)             | 96.00     (-0.30)
	Systolic_blood_pressure_4                                                  | 2068	 (14478, 39)             | 163.00    (-0.14)
	Systolic_blood_pressure_4                                                  | 2068	 (14478, 39)             | 174.00    (-0.11)
	............................................................new week............................................................
	Diastolic_blood_pressure_5                                                 | 2104	 (14733, 40)             | 98.00     (-0.29)
	Systolic_blood_pressure_4                                                  | 2104	 (14733, 40)             | 154.00    (-0.16)
	............................................................new week............................................................
	Diastolic_blood_pressure_5                                                 | 2105	 (14740, 40)             | 105.00    (-0.28)
	Systolic_blood_pressure_4                                                  | 2105	 (14740, 40)             | 168.00    (-0.13)
	............................................................new week............................................................
	Haematocrit_15                                                             | 2119	 (14835, 40)             | 0.42      (-0.08)
	Haemoglobin_estimation_9                                                   | 2119	 (14835, 40)             | 138.00    (-0.06)
	Lymphocyte_count_20                                                        | 2119	 (14835, 40)             | 1.00      (-0.50)
	Mean_corpusc_Hb_conc__MCHC__14                                             | 2119	 (14835, 40)             | 326.00    (0.14)
	Mean_corpusc_haemoglobin_MCH__13                                           | 2119	 (14835, 40)             | 31.00     (-0.20)
	Mean_corpuscular_volume__MCV__11                                           | 2119	 (14835, 40)             | 94.90     (-0.15)
	Monocyte_count_23                                                          | 2119	 (14835, 40)             | 0.40      (-0.48)
	Neutrophil_count_19                                                        | 2119	 (14835, 40)             | 1.60      (-0.47)
	Platelet_count_12                                                          | 2119	 (14835, 40)             | 225.01    (-0.50)
	Red_blood_cell__RBC__count_10                                              | 2119	 (14835, 40)             | 4.47      (-0.49)
	Red_blood_cell_distribution_width_17                                       | 2119	 (14835, 40)             | 12.50     (-0.48)
	Total_white_cell_count_18                                                  | 2119	 (14835, 40)             | 3.10      (-0.50)
	............................................................new week............................................................
	Body_mass_index_3                                                          | 2143	 (15007, 41)             | 23.59     (-0.35)
	Current_smoker_83                                                          | 2143	 (15007, 41)             | nan       (nan)
	Diastolic_blood_pressure_5                                                 | 2143	 (15007, 41)             | 92.00     (-0.31)
	O_E___height_1                                                             | 2143	 (15007, 41)             | 166.00    (0.08)
	O_E___weight_2                                                             | 2143	 (15007, 41)             | 65.00     (-0.40)
	Serum_HDL_cholesterol_level_100                                            | 2143	 (15007, 41)             | 2.15      (0.05)
	Serum_total_cholesterol_level_98                                           | 2143	 (15007, 41)             | 6.26      (-0.40)
	Systolic_blood_pressure_4                                                  | 2143	 (15007, 41)             | 134.00    (-0.22)
	Total_cholesterol_HDL_ratio_95                                             | 2143	 (15007, 41)             | 2.90      (-0.49)
	............................................................new week............................................................
	Nasal_steroids_optimal                                                     | 2170	 (15192, 41)             | nan       (nan)
	............................................................new week............................................................
	Nasal_steroids_optimal                                                     | 2229	 (15609, 42)             | nan       (nan)
	............................................................new week............................................................
	Mirtazapine                                                                | 2232	 (15626, 42)             | nan       (nan)
	............................................................new week............................................................
	Antihistamines_second_generation_H1_antagonists                            | 2233	 (15635, 42)             | nan       (nan)
	............................................................new week............................................................
	Mirtazapine                                                                | 2234	 (15644, 42)             | nan       (nan)
	............................................................new week............................................................
	Mirtazapine                                                                | 2235	 (15651, 42)             | nan       (nan)
	Nasal_steroids_optimal                                                     | 2235	 (15651, 42)             | nan       (nan)
	............................................................new week............................................................
	Mirtazapine                                                                | 2239	 (15674, 42)             | nan       (nan)
	............................................................new week............................................................
	Mirtazapine                                                                | 2243	 (15703, 43)             | nan       (nan)
	............................................................new week............................................................
	Mirtazapine                                                                | 2247	 (15733, 43)             | nan       (nan)
	............................................................new week............................................................
	Mirtazapine                                                                | 2253	 (15772, 43)             | nan       (nan)
	............................................................new week............................................................
	Mirtazapine                                                                | 2259	 (15815, 43)             | nan       (nan)
	............................................................new week............................................................
	Body_mass_index_3                                                          | 2263	 (15845, 43)             | 23.01     (-0.36)
	Diastolic_blood_pressure_5                                                 | 2263	 (15845, 43)             | 83.00     (-0.33)
	O_E___weight_2                                                             | 2263	 (15845, 43)             | 63.40     (-0.40)
	Systolic_blood_pressure_4                                                  | 2263	 (15845, 43)             | 142.00    (-0.20)
	............................................................new week............................................................
	Mirtazapine                                                                | 2266	 (15865, 43)             | nan       (nan)
	............................................................new week............................................................
	Nasal_steroids_optimal                                                     | 2273	 (15913, 43)             | nan       (nan)
	Mirtazapine                                                                | 2273	 (15914, 43)             | nan       (nan)

========================================================================================================================
DIAGNOSIS SUMMARY
['ALCOHOLMISUSE_V2', 'ALLERGICRHINITISCONJ', 'DEPRESSION']
========================================================================================================================


PREDICTED FUTURE EVENTS
========================================================================================================================
	EVENT                                                                     | AGE IN WEEKS (days, years)  | VALUE
	............................................................new week............................................................
	Mirtazapine                                                                | 2286	 (16006, 43)             | nan       (nan)
	............................................................new week............................................................
	Body_mass_index_3                                                          | 2288	 (16019, 43)             | 21.00     (-0.37)
	Ex_smoker_84                                                               | 2288	 (16019, 43)             | -122.22   (-2.03)
	SSRIs_Optimal                                                              | 2288	 (16019, 43)             | nan       (nan)
	............................................................new week............................................................
	Diastolic_blood_pressure_5                                                 | 2311	 (16181, 44)             | 74.94     (-0.36)
	Systolic_blood_pressure_4                                                  | 2311	 (16181, 44)             | 131.50    (-0.23)
	............................................................new week............................................................
	SSRIs_Optimal                                                              | 2315	 (16209, 44)             | nan       (nan)
	............................................................new week............................................................
	SSRIs_Optimal                                                              | 2323	 (16265, 44)             | nan       (nan)
	............................................................new week............................................................
	Mirtazapine                                                                | 2325	 (16278, 44)             | nan       (nan)
	............................................................new week............................................................
	SSRIs_Optimal                                                              | 2328	 (16302, 44)             | nan       (nan)
	............................................................new week............................................................
	SSRIs_Optimal                                                              | 2331	 (16318, 44)             | nan       (nan)
	............................................................new week............................................................
	SSRIs_Optimal                                                              | 2336	 (16355, 44)             | nan       (nan)
	............................................................new week............................................................
	SSRIs_Optimal                                                              | 2340	 (16384, 44)             | nan       (nan)
	............................................................new week............................................................
	Diastolic_blood_pressure_5                                                 | 2345	 (16417, 44)             | 88.85     (-0.32)
	Systolic_blood_pressure_4                                                  | 2345	 (16417, 44)             | 138.68    (-0.21)
	............................................................new week............................................................
	Nasal_steroids_optimal                                                     | 2347	 (16433, 45)             | nan       (nan)
	............................................................new week............................................................
	SSRIs_Optimal                                                              | 2348	 (16439, 45)             | nan       (nan)
	............................................................new week............................................................
	SSRIs_Optimal                                                              | 2349	 (16444, 45)             | nan       (nan)
	SSRIs_Optimal                                                              | 2349	 (16444, 45)             | nan       (nan)
	............................................................new week............................................................
	SSRIs_Optimal                                                              | 2353	 (16472, 45)             | nan       (nan)
	............................................................new week............................................................
	Vitamin_D                                                                  | 2354	 (16484, 45)             | nan       (nan)
	Body_mass_index_3                                                          | 2354	 (16484, 45)             | 27.35     (-0.32)
	Diastolic_blood_pressure_5                                                 | 2354	 (16484, 45)             | 94.37     (-0.30)
	O_E___weight_2                                                             | 2354	 (16484, 45)             | 73.37     (-0.39)
	............................................................new week............................................................
	Systolic_blood_pressure_4                                                  | 2355	 (16486, 45)             | 145.28    (-0.19)
	SSRIs_Optimal                                                              | 2355	 (16488, 45)             | nan       (nan)
	............................................................new week............................................................
	SSRIs_Optimal                                                              | 2359	 (16517, 45)             | nan       (nan)
	............................................................new week............................................................
	SSRIs_Optimal                                                              | 2361	 (16528, 45)             | nan       (nan)
	............................................................new week............................................................
	SSRIs_Optimal                                                              | 2371	 (16600, 45)             | nan       (nan)
	SSRIs_Optimal                                                              | 2371	 (16603, 45)             | nan       (nan)
	............................................................new week............................................................
	SSRIs_Optimal                                                              | 2373	 (16612, 45)             | nan       (nan)
	SSRIs_Optimal                                                              | 2373	 (16614, 45)             | nan       (nan)
	............................................................new week............................................................
	SSRIs_Optimal                                                              | 2381	 (16671, 45)             | nan       (nan)
	............................................................new week............................................................
	SSRIs_Optimal                                                              | 2388	 (16716, 45)             | nan       (nan)
	............................................................new week............................................................
	SSRIs_Optimal                                                              | 2389	 (16724, 45)             | nan       (nan)
	............................................................new week............................................................
	Body_mass_index_3                                                          | 2394	 (16762, 45)             | 25.76     (-0.33)
	Current_smoker_83                                                          | 2394	 (16764, 45)             | 6.35      (-0.42)
	............................................................new week............................................................
	Anxiolytics_mumpredict                                                     | 2395	 (16766, 45)             | nan       (nan)
	Benzodiazepines                                                            | 2395	 (16766, 45)             | nan       (nan)
	SSRIs_Optimal                                                              | 2395	 (16768, 45)             | nan       (nan)
	PropranololAnxiety_mumpredict                                              | 2395	 (16769, 45)             | nan       (nan)
	............................................................new week............................................................
	SSRIs_Optimal                                                              | 2397	 (16780, 45)             | nan       (nan)
	............................................................new week............................................................
	PropranololAnxiety_mumpredict                                              | 2405	 (16837, 46)             | nan       (nan)
	............................................................new week............................................................
	Anxiolytics_mumpredict                                                     | 2406	 (16846, 46)             | nan       (nan)
	Benzodiazepines                                                            | 2406	 (16846, 46)             | nan       (nan)
	............................................................new week............................................................
	PropranololAnxiety_mumpredict                                              | 2407	 (16850, 46)             | nan       (nan)
	SSRIs_Optimal                                                              | 2407	 (16855, 46)             | nan       (nan)
	............................................................new week............................................................
	PropranololAnxiety_mumpredict                                              | 2417	 (16925, 46)             | nan       (nan)
	............................................................new week............................................................
	Anxiolytics_mumpredict                                                     | 2421	 (16947, 46)             | nan       (nan)
	Benzodiazepines                                                            | 2421	 (16948, 46)             | nan       (nan)
	............................................................new week............................................................
	PropranololAnxiety_mumpredict                                              | 2422	 (16956, 46)             | nan       (nan)
	SSRIs_Optimal                                                              | 2422	 (16956, 46)             | nan       (nan)
	............................................................new week............................................................
	Anxiolytics_mumpredict                                                     | 2423	 (16961, 46)             | nan       (nan)
	Benzodiazepines                                                            | 2423	 (16965, 46)             | nan       (nan)
	............................................................new week............................................................
	Anxiolytics_mumpredict                                                     | 2425	 (16978, 46)             | nan       (nan)
	Benzodiazepines                                                            | 2425	 (16978, 46)             | nan       (nan)
	SSRIs_Optimal                                                              | 2425	 (16978, 46)             | nan       (nan)
	............................................................new week............................................................
	Anxiolytics_mumpredict                                                     | 2429	 (17009, 46)             | nan       (nan)
	Benzodiazepines                                                            | 2429	 (17009, 46)             | nan       (nan)
	PropranololAnxiety_mumpredict                                              | 2429	 (17009, 46)             | nan       (nan)
	............................................................new week............................................................
	Mirtazapine                                                                | 2430	 (17012, 46)             | nan       (nan)
	............................................................new week............................................................
	PropranololAnxiety_mumpredict                                              | 2431	 (17020, 46)             | nan       (nan)
	SSRIs_Optimal                                                              | 2431	 (17023, 46)             | nan       (nan)
	............................................................new week............................................................
	Benzodiazepines                                                            | 2432	 (17029, 46)             | nan       (nan)
	............................................................new week............................................................
	PropranololAnxiety_mumpredict                                              | 2433	 (17036, 46)             | nan       (nan)
	SSRIs_Optimal                                                              | 2433	 (17036, 46)             | nan       (nan)
	............................................................new week............................................................
	Anxiolytics_mumpredict                                                     | 2435	 (17045, 46)             | nan       (nan)
	Benzodiazepines                                                            | 2435	 (17047, 46)             | nan       (nan)
	............................................................new week............................................................
	Mirtazapine                                                                | 2436	 (17053, 46)             | nan       (nan)
	............................................................new week............................................................
	SSRIs_Optimal                                                              | 2437	 (17064, 46)             | nan       (nan)
	............................................................new week............................................................
	Anxiolytics_mumpredict                                                     | 2442	 (17095, 46)             | nan       (nan)
	Benzodiazepines                                                            | 2442	 (17095, 46)             | nan       (nan)
	PropranololAnxiety_mumpredict                                              | 2442	 (17095, 46)             | nan       (nan)
	SSRIs_Optimal                                                              | 2442	 (17095, 46)             | nan       (nan)
	Anxiolytics_mumpredict                                                     | 2442	 (17100, 46)             | nan       (nan)
	Benzodiazepines                                                            | 2442	 (17100, 46)             | nan       (nan)
	............................................................new week............................................................
	Plasma_TSH_level_73                                                        | 2445	 (17115, 46)             | 52.09     (-0.39)
	Serum_25_Hydroxy_vitamin_D3_level_88                                       | 2445	 (17117, 46)             | 23.18     (-0.31)
	Serum_TSH_level_71                                                         | 2445	 (17118, 46)             | 0.19      (-0.50)
	Serum_creatinine_31                                                        | 2445	 (17118, 46)             | 92.44     (-0.49)
	Serum_potassium_26                                                         | 2445	 (17120, 46)             | 4.63      (-0.04)
	Serum_sodium_24                                                            | 2445	 (17120, 46)             | 139.33    (-0.05)
	eGFR_using_creatinine_CKD_EPI_per_1_73_square_metres_33                    | 2445	 (17120, 46)             | 105.91    (-0.20)
	............................................................new week............................................................
	Mirtazapine                                                                | 2447	 (17129, 46)             | nan       (nan)
	PropranololAnxiety_mumpredict                                              | 2447	 (17129, 46)             | nan       (nan)
	............................................................new week............................................................
	Mirtazapine                                                                | 2448	 (17137, 46)             | nan       (nan)
	PropranololAnxiety_mumpredict                                              | 2448	 (17137, 46)             | nan       (nan)
	Mirtazapine                                                                | 2448	 (17137, 46)             | nan       (nan)
	PropranololAnxiety_mumpredict                                              | 2448	 (17142, 46)             | nan       (nan)
	............................................................new week............................................................
	Anxiolytics_mumpredict                                                     | 2449	 (17144, 46)             | nan       (nan)
	Benzodiazepines                                                            | 2449	 (17148, 46)             | nan       (nan)
	............................................................new week............................................................
	PropranololAnxiety_mumpredict                                              | 2452	 (17164, 47)             | nan       (nan)
	............................................................new week............................................................
	PropranololAnxiety_mumpredict                                              | 2454	 (17181, 47)             | nan       (nan)
	PropranololAnxiety_mumpredict                                              | 2454	 (17182, 47)             | nan       (nan)
	Vitamin_D                                                                  | 2454	 (17182, 47)             | nan       (nan)
	............................................................new week............................................................
	SSRIs_Optimal                                                              | 2460	 (17226, 47)             | nan       (nan)
	............................................................new week............................................................
	PropranololAnxiety_mumpredict                                              | 2462	 (17237, 47)             | nan       (nan)
	............................................................new week............................................................
	SSRIs_Optimal                                                              | 2464	 (17254, 47)             | nan       (nan)
	............................................................new week............................................................
	Serum_creatinine_31                                                        | 2474	 (17323, 47)             | -691.54   (-0.57)
	............................................................new week............................................................
	Serum_potassium_26                                                         | 2475	 (17325, 47)             | 4.98      (-0.01)
	Serum_sodium_24                                                            | 2475	 (17325, 47)             | 142.47    (-0.02)
	eGFR_using_creatinine_CKD_EPI_per_1_73_square_metres_33                    | 2475	 (17325, 47)             | 85.85     (-0.27)
	............................................................new week............................................................
	Mirtazapine                                                                | 2480	 (17360, 47)             | nan       (nan)
	PropranololAnxiety_mumpredict                                              | 2480	 (17361, 47)             | nan       (nan)
	SSRIs_Optimal                                                              | 2480	 (17361, 47)             | nan       (nan)
	............................................................new week............................................................
	SSRIs_Optimal                                                              | 2482	 (17378, 47)             | nan       (nan)
	............................................................new week............................................................
	SSRIs_Optimal                                                              | 2492	 (17445, 47)             | nan       (nan)
	............................................................new week............................................................
	PropranololAnxiety_mumpredict                                              | 2496	 (17478, 47)             | nan       (nan)
	............................................................new week............................................................
	SSRIs_Optimal                                                              | 2497	 (17482, 47)             | nan       (nan)
	Anxiolytics_mumpredict                                                     | 2497	 (17484, 47)             | nan       (nan)
	Benzodiazepines                                                            | 2497	 (17484, 47)             | nan       (nan)
	............................................................new week............................................................
	NSAIDS_oral_OPTIMAL_final                                                  | 2501	 (17513, 47)             | nan       (nan)
	Calcium_supplements_Optimal                                                | 2501	 (17513, 47)             | nan       (nan)
	Vitamin_D                                                                  | 2501	 (17513, 47)             | nan       (nan)
	............................................................new week............................................................
	SSRIs_Optimal                                                              | 2507	 (17553, 48)             | nan       (nan)
	............................................................new week............................................................
	Anxiolytics_mumpredict                                                     | 2514	 (17601, 48)             | nan       (nan)
	Benzodiazepines                                                            | 2514	 (17603, 48)             | nan       (nan)
	............................................................new week............................................................
	NSAIDS_oral_OPTIMAL_final                                                  | 2516	 (17612, 48)             | nan       (nan)
	PropranololAnxiety_mumpredict                                              | 2516	 (17615, 48)             | nan       (nan)
	PropranololAnxiety_mumpredict                                              | 2516	 (17617, 48)             | nan       (nan)
	............................................................new week............................................................
	Anxiolytics_mumpredict                                                     | 2519	 (17639, 48)             | nan       (nan)
	............................................................new week............................................................
	Benzodiazepines                                                            | 2520	 (17641, 48)             | nan       (nan)
	............................................................new week............................................................
	PropranololAnxiety_mumpredict                                              | 2522	 (17655, 48)             | nan       (nan)
	............................................................new week............................................................
	SSRIs_Optimal                                                              | 2524	 (17672, 48)             | nan       (nan)
	............................................................new week............................................................
	Anxiolytics_mumpredict                                                     | 2528	 (17696, 48)             | nan       (nan)
	Benzodiazepines                                                            | 2528	 (17696, 48)             | nan       (nan)
	............................................................new week............................................................
	Mirtazapine                                                                | 2529	 (17708, 48)             | nan       (nan)
	............................................................new week............................................................
	PropranololAnxiety_mumpredict                                              | 2530	 (17714, 48)             | nan       (nan)
	............................................................new week............................................................
	SSRIs_Optimal                                                              | 2531	 (17721, 48)             | nan       (nan)
	............................................................new week............................................................
	Vitamin_D                                                                  | 2533	 (17734, 48)             | nan       (nan)
	............................................................new week............................................................
	PropranololAnxiety_mumpredict                                              | 2539	 (17774, 48)             | nan       (nan)
	SSRIs_Optimal                                                              | 2539	 (17776, 48)             | nan       (nan)
	............................................................new week............................................................
	Anxiolytics_mumpredict                                                     | 2541	 (17791, 48)             | nan       (nan)
	Benzodiazepines                                                            | 2541	 (17791, 48)             | nan       (nan)
	............................................................new week............................................................
	SSRIs_Optimal                                                              | 2542	 (17796, 48)             | nan       (nan)
	Direct_Acting_Oral_Anticoagulants_DOAC                                     | 2542	 (17796, 48)             | nan       (nan)
	............................................................new week............................................................
	Anxiolytics_mumpredict                                                     | 2543	 (17802, 48)             | nan       (nan)
	Benzodiazepines                                                            | 2543	 (17802, 48)             | nan       (nan)
	SSRIs_Optimal                                                              | 2543	 (17802, 48)             | nan       (nan)
	............................................................new week............................................................
	SSRIs_Optimal                                                              | 2544	 (17814, 48)             | nan       (nan)
	Anxiolytics_mumpredict                                                     | 2544	 (17814, 48)             | nan       (nan)
	Benzodiazepines                                                            | 2544	 (17814, 48)             | nan       (nan)
	............................................................new week............................................................
	Mirtazapine                                                                | 2546	 (17825, 48)             | nan       (nan)
	Mirtazapine                                                                | 2546	 (17827, 48)             | nan       (nan)
	PropranololAnxiety_mumpredict                                              | 2546	 (17827, 48)             | nan       (nan)
	............................................................new week............................................................
	SSRIs_Optimal                                                              | 2547	 (17829, 48)             | nan       (nan)
	............................................................new week............................................................
	Direct_Acting_Oral_Anticoagulants_DOAC                                     | 2553	 (17873, 48)             | nan       (nan)
	PropranololAnxiety_mumpredict                                              | 2553	 (17873, 48)             | nan       (nan)
	SSRIs_Optimal                                                              | 2553	 (17875, 48)             | nan       (nan)
	Direct_Acting_Oral_Anticoagulants_DOAC                                     | 2553	 (17877, 48)             | nan       (nan)
