STATIC INFORMATION
========================================================================================================================
	SEX:               F
	IMD:               4.0
	ETHNICITY:         MIXED
	birth_year:        1940.0


GIVEN PATIENT CONTEXT
========================================================================================================================
	EVENT                                                                     | AGE IN WEEKS (days, years)   | VALUE
	............................................................new week............................................................
	HYPOTHYROIDISM_DRAFT_V1                                                    | 3520	 (24641, 67)             | nan       (nan)
	............................................................new week............................................................
	AST_serum_level_47                                                         | 3649	 (25544, 69)             | 22.00     (-0.50)
	GFR_calculated_abbreviated_MDRD_34                                         | 3649	 (25544, 69)             | 60.00     (-0.30)
	Haematocrit_15                                                             | 3649	 (25544, 69)             | 0.21      (-0.29)
	Haemoglobin_estimation_9                                                   | 3649	 (25544, 69)             | nan       (nan)
	Haemoglobin_estimation_9                                                   | 3649	 (25544, 69)             | nan       (nan)
	Mean_corpusc_Hb_conc__MCHC__14                                             | 3649	 (25544, 69)             | 27.90     (-0.46)
	Mean_corpusc_haemoglobin_MCH__13                                           | 3649	 (25544, 69)             | 16.30     (-0.35)
	Mean_corpuscular_volume__MCV__11                                           | 3649	 (25544, 69)             | 58.30     (-0.30)
	Platelet_count_12                                                          | 3649	 (25544, 69)             | 247.96    (-0.50)
	Red_blood_cell__RBC__count_10                                              | 3649	 (25544, 69)             | 3.65      (-0.49)
	Red_blood_cell_distribution_width_17                                       | 3649	 (25544, 69)             | nan       (nan)
	Serum_HDL_cholesterol_level_100                                            | 3649	 (25544, 69)             | 1.45      (-0.13)
	Serum_LDL_cholesterol_level_102                                            | 3649	 (25544, 69)             | 3.20      (-0.39)
	Serum_TSH_level_71                                                         | 3649	 (25544, 69)             | 100.00    (-0.30)
	Serum_albumin_51                                                           | 3649	 (25544, 69)             | 44.00     (-0.26)
	Serum_alkaline_phosphatase_50                                              | 3649	 (25544, 69)             | 91.00     (-0.50)
	Serum_cholesterol_97                                                       | 3649	 (25544, 69)             | 5.00      (-0.43)
	Serum_creatinine_31                                                        | 3649	 (25544, 69)             | 59.00     (-0.49)
	Serum_ferritin_63                                                          | 3649	 (25544, 69)             | 4.01      (-0.50)
	Serum_folate_80                                                            | 3649	 (25544, 69)             | 11.50     (0.14)
	Serum_free_T4_level_75                                                     | 3649	 (25544, 69)             | 5.50      (-0.50)
	Serum_potassium_26                                                         | 3649	 (25544, 69)             | 4.40      (-0.07)
	Serum_sodium_24                                                            | 3649	 (25544, 69)             | 140.00    (-0.05)
	Serum_total_bilirubin_level_56                                             | 3649	 (25544, 69)             | 9.00      (-0.49)
	Serum_triglycerides_105                                                    | 3649	 (25544, 69)             | 0.70      (-0.49)
	Serum_urea_level_29                                                        | 3649	 (25544, 69)             | 3.80      (-0.14)
	Serum_vitamin_B12_79                                                       | 3649	 (25544, 69)             | 147.00    (-0.49)
	Total_cholesterol_HDL_ratio_95                                             | 3649	 (25544, 69)             | 3.40      (-0.49)
	Total_white_cell_count_18                                                  | 3649	 (25544, 69)             | 4.30      (-0.50)
	............................................................new week............................................................
	Levothyroxine_                                                             | 3650	 (25552, 70)             | nan       (nan)
	............................................................new week............................................................
	Body_mass_index_3                                                          | 3652	 (25564, 70)             | 20.10     (-0.38)
	Diastolic_blood_pressure_5                                                 | 3652	 (25564, 70)             | 82.00     (-0.34)
	Never_smoked_tobacco_85                                                    | 3652	 (25564, 70)             | nan       (nan)
	O_E___height_1                                                             | 3652	 (25564, 70)             | 141.00    (-0.02)
	O_E___weight_2                                                             | 3652	 (25564, 70)             | 40.00     (-0.44)
	Systolic_blood_pressure_4                                                  | 3652	 (25564, 70)             | 162.00    (-0.14)
	............................................................new week............................................................
	Basophil_count_22                                                          | 3655	 (25586, 70)             | 0.00      (-0.49)
	Eosinophil_count_21                                                        | 3655	 (25586, 70)             | 0.20      (-0.46)
	Haematocrit_15                                                             | 3655	 (25586, 70)             | 0.31      (-0.19)
	Haemoglobin_estimation_9                                                   | 3655	 (25586, 70)             | nan       (nan)
	Lymphocyte_count_20                                                        | 3655	 (25586, 70)             | 1.00      (-0.50)
	Mean_corpusc_Hb_conc__MCHC__14                                             | 3655	 (25586, 70)             | 29.90     (-0.46)
	Mean_corpusc_haemoglobin_MCH__13                                           | 3655	 (25586, 70)             | 21.10     (-0.30)
	Mean_corpuscular_volume__MCV__11                                           | 3655	 (25586, 70)             | 70.50     (-0.25)
	Monocyte_count_23                                                          | 3655	 (25586, 70)             | 0.40      (-0.48)
	Neutrophil_count_19                                                        | 3655	 (25586, 70)             | 2.80      (-0.44)
	Platelet_count_12                                                          | 3655	 (25586, 70)             | 247.06    (-0.50)
	Red_blood_cell__RBC__count_10                                              | 3655	 (25586, 70)             | 4.47      (-0.49)
	Red_blood_cell_distribution_width_17                                       | 3655	 (25586, 70)             | 27.50     (-0.31)
	Serum_TSH_level_71                                                         | 3655	 (25586, 70)             | 100.00    (-0.30)
	Serum_ferritin_63                                                          | 3655	 (25586, 70)             | 74.00     (-0.50)
	Serum_folate_80                                                            | 3655	 (25586, 70)             | 12.20     (0.17)
	Serum_free_T4_level_75                                                     | 3655	 (25586, 70)             | 4.00      (-0.50)
	Serum_vitamin_B12_79                                                       | 3655	 (25586, 70)             | 2000.00   (-0.40)
	Total_white_cell_count_18                                                  | 3655	 (25586, 70)             | 4.40      (-0.50)
	............................................................new week............................................................
	Basophil_count_22                                                          | 3660	 (25621, 70)             | 0.00      (-0.49)
	Eosinophil_count_21                                                        | 3660	 (25621, 70)             | 0.10      (-0.47)
	Haematocrit_15                                                             | 3660	 (25621, 70)             | 0.33      (-0.17)
	Haemoglobin_estimation_9                                                   | 3660	 (25621, 70)             | 10.20     (-0.50)
	Lymphocyte_count_20                                                        | 3660	 (25621, 70)             | 0.90      (-0.50)
	Mean_corpusc_Hb_conc__MCHC__14                                             | 3660	 (25621, 70)             | 31.00     (-0.46)
	Mean_corpusc_haemoglobin_MCH__13                                           | 3660	 (25621, 70)             | 22.30     (-0.28)
	Mean_corpuscular_volume__MCV__11                                           | 3660	 (25621, 70)             | 72.10     (-0.24)
	Monocyte_count_23                                                          | 3660	 (25621, 70)             | 0.50      (-0.47)
	Neutrophil_count_19                                                        | 3660	 (25621, 70)             | 3.20      (-0.44)
	Platelet_count_12                                                          | 3660	 (25621, 70)             | 233.95    (-0.50)
	Red_blood_cell__RBC__count_10                                              | 3660	 (25621, 70)             | 4.59      (-0.49)
	Red_blood_cell_distribution_width_17                                       | 3660	 (25621, 70)             | 20.80     (-0.38)
	Serum_TSH_level_71                                                         | 3660	 (25621, 70)             | 100.00    (-0.30)
	Serum_ferritin_63                                                          | 3660	 (25621, 70)             | 74.00     (-0.50)
	Serum_free_T4_level_75                                                     | 3660	 (25621, 70)             | 3.20      (-0.50)
	Total_white_cell_count_18                                                  | 3660	 (25621, 70)             | 4.70      (-0.50)
	............................................................new week............................................................
	Levothyroxine_                                                             | 3714	 (26000, 71)             | nan       (nan)
	Weak_Opioids_Final                                                         | 3714	 (26000, 71)             | nan       (nan)
	............................................................new week............................................................
	ALLCANCER_NOHAEM_NOBCC                                                     | 3716	 (26015, 71)             | nan       (nan)
	............................................................new week............................................................
	Levothyroxine_                                                             | 3721	 (26048, 71)             | nan       (nan)
	............................................................new week............................................................
	Levothyroxine_                                                             | 3726	 (26083, 71)             | nan       (nan)
	............................................................new week............................................................
	Serum_TSH_level_71                                                         | 3732	 (26124, 71)             | 65.47     (-0.37)
	Serum_free_T4_level_75                                                     | 3732	 (26124, 71)             | 11.40     (-0.50)
	............................................................new week............................................................
	Levothyroxine_                                                             | 3734	 (26139, 71)             | nan       (nan)
	Levothyroxine_                                                             | 3734	 (26139, 71)             | nan       (nan)
	............................................................new week............................................................
	Body_mass_index_3                                                          | 3739	 (26173, 71)             | 20.10     (-0.38)
	Diastolic_blood_pressure_5                                                 | 3739	 (26173, 71)             | 78.00     (-0.35)
	Never_smoked_tobacco_85                                                    | 3739	 (26173, 71)             | nan       (nan)
	O_E___weight_2                                                             | 3739	 (26173, 71)             | 40.00     (-0.44)
	Systolic_blood_pressure_4                                                  | 3739	 (26173, 71)             | 146.00    (-0.19)
	Serum_TSH_level_71                                                         | 3739	 (26174, 71)             | 26.12     (-0.45)
	Serum_free_T4_level_75                                                     | 3739	 (26174, 71)             | 13.60     (-0.50)
	............................................................new week............................................................
	Levothyroxine_                                                             | 3742	 (26197, 71)             | nan       (nan)
	............................................................new week............................................................
	Levothyroxine_                                                             | 3751	 (26259, 71)             | nan       (nan)

========================================================================================================================
DIAGNOSIS SUMMARY
['HYPOTHYROIDISM_DRAFT_V1', 'ALLCANCER_NOHAEM_NOBCC']
========================================================================================================================


PREDICTED FUTURE EVENTS
========================================================================================================================
	EVENT                                                                     | AGE IN WEEKS (days, years)  | VALUE
	............................................................new week............................................................
	Levothyroxine_                                                             | 3752	 (26266, 71)             | nan       (nan)
	Levothyroxine_                                                             | 3752	 (26266, 71)             | nan       (nan)
	............................................................new week............................................................
	Levothyroxine_                                                             | 3754	 (26280, 72)             | nan       (nan)
	............................................................new week............................................................
	Levothyroxine_                                                             | 3757	 (26304, 72)             | nan       (nan)
	............................................................new week............................................................
	GFR_calculated_abbreviated_MDRD_34                                         | 3759	 (26315, 72)             | 54.46     (-0.32)
	Levothyroxine_                                                             | 3759	 (26317, 72)             | nan       (nan)
	............................................................new week............................................................
	Serum_TSH_level_71                                                         | 3764	 (26348, 72)             | 0.95      (-0.50)
	............................................................new week............................................................
	O_E___weight_2                                                             | 3770	 (26390, 72)             | 38.86     (-0.44)
	............................................................new week............................................................
	Levothyroxine_                                                             | 3792	 (26549, 72)             | nan       (nan)
	............................................................new week............................................................
	Serum_TSH_level_71                                                         | 3794	 (26560, 72)             | -15.04    (-0.53)
	............................................................new week............................................................
	Basophil_count_22                                                          | 3796	 (26576, 72)             | -0.15     (-0.51)
	............................................................new week............................................................
	Levothyroxine_                                                             | 3800	 (26604, 72)             | nan       (nan)
	............................................................new week............................................................
	Levothyroxine_                                                             | 3801	 (26613, 72)             | nan       (nan)
	............................................................new week............................................................
	Serum_TSH_level_71                                                         | 3805	 (26637, 72)             | -2.65     (-0.50)
	............................................................new week............................................................
	Levothyroxine_                                                             | 3806	 (26648, 73)             | nan       (nan)
	............................................................new week............................................................
	Serum_TSH_level_71                                                         | 3808	 (26662, 73)             | -8.76     (-0.52)
	............................................................new week............................................................
	Levothyroxine_                                                             | 3811	 (26682, 73)             | nan       (nan)
	............................................................new week............................................................
	Levothyroxine_                                                             | 3815	 (26710, 73)             | nan       (nan)
	............................................................new week............................................................
	Vitamin_D                                                                  | 3819	 (26739, 73)             | nan       (nan)
	............................................................new week............................................................
	Levothyroxine_                                                             | 3821	 (26748, 73)             | nan       (nan)
	............................................................new week............................................................
	Levothyroxine_                                                             | 3824	 (26772, 73)             | nan       (nan)
	............................................................new week............................................................
	Levothyroxine_                                                             | 3827	 (26792, 73)             | nan       (nan)
	............................................................new week............................................................
	Levothyroxine_                                                             | 3836	 (26852, 73)             | nan       (nan)
	............................................................new week............................................................
	Levothyroxine_                                                             | 3837	 (26861, 73)             | nan       (nan)
	ICS_PUSHAsthma                                                             | 3837	 (26865, 73)             | nan       (nan)
	............................................................new week............................................................
	Levothyroxine_                                                             | 3841	 (26887, 73)             | nan       (nan)
	............................................................new week............................................................
	Levothyroxine_                                                             | 3845	 (26916, 73)             | nan       (nan)
	Serum_creatinine_31                                                        | 3845	 (26918, 73)             | 6.72      (-0.50)
	............................................................new week............................................................
	Levothyroxine_                                                             | 3849	 (26944, 73)             | nan       (nan)
	............................................................new week............................................................
	Serum_TSH_level_71                                                         | 3850	 (26955, 73)             | -0.24     (-0.50)
	Levothyroxine_                                                             | 3850	 (26955, 73)             | nan       (nan)
	............................................................new week............................................................
	Serum_TSH_level_71                                                         | 3851	 (26958, 73)             | 10.99     (-0.48)
	............................................................new week............................................................
	Basophil_count_22                                                          | 3852	 (26964, 73)             | 0.02      (-0.49)
	Serum_ferritin_63                                                          | 3852	 (26964, 73)             | 1756.06   (-0.50)
	............................................................new week............................................................
	Levothyroxine_                                                             | 3853	 (26975, 73)             | nan       (nan)
	............................................................new week............................................................
	Serum_TSH_level_71                                                         | 3854	 (26984, 73)             | -7.81     (-0.51)
	............................................................new week............................................................
	Levothyroxine_                                                             | 3855	 (26989, 73)             | nan       (nan)
	............................................................new week............................................................
	Levothyroxine_                                                             | 3858	 (27006, 73)             | nan       (nan)
	............................................................new week............................................................
	Levothyroxine_                                                             | 3867	 (27070, 74)             | nan       (nan)
	............................................................new week............................................................
	Levothyroxine_                                                             | 3874	 (27119, 74)             | nan       (nan)
	............................................................new week............................................................
	Levothyroxine_                                                             | 3876	 (27137, 74)             | nan       (nan)
	............................................................new week............................................................
	Current_smoker_83                                                          | 3880	 (27166, 74)             | 10.84     (-0.36)
	Serum_free_T4_level_75                                                     | 3880	 (27166, 74)             | 75.23     (-0.49)
	............................................................new week............................................................
	Serum_TSH_level_71                                                         | 3881	 (27172, 74)             | 2.68      (-0.49)
	............................................................new week............................................................
	Levothyroxine_                                                             | 3889	 (27229, 74)             | nan       (nan)
	Levothyroxine_                                                             | 3889	 (27229, 74)             | nan       (nan)
	............................................................new week............................................................
	Basophil_count_22                                                          | 3903	 (27322, 74)             | -0.04     (-0.49)
	............................................................new week............................................................
	Levothyroxine_                                                             | 3906	 (27345, 74)             | nan       (nan)
	............................................................new week............................................................
	Serum_TSH_level_71                                                         | 3915	 (27411, 75)             | -7.24     (-0.51)
	............................................................new week............................................................
	Levothyroxine_                                                             | 3919	 (27437, 75)             | nan       (nan)
