STATIC INFORMATION
========================================================================================================================
	SEX:               F
	IMD:               4.0
	ETHNICITY:         MIXED
	birth_year:        1940.0


GIVEN PATIENT CONTEXT
========================================================================================================================
	EVENT                                                                     | AGE IN WEEKS (days, years)   | VALUE
	............................................................new week............................................................
	HYPOTHYROIDISM_DRAFT_V1                                                    | 3520	 (24641, 67)             | nan       (nan)
	............................................................new week............................................................
	AST_serum_level_47                                                         | 3649	 (25544, 69)             | 22.00     (-0.50)
	GFR_calculated_abbreviated_MDRD_34                                         | 3649	 (25544, 69)             | 60.00     (-0.30)
	Haematocrit_15                                                             | 3649	 (25544, 69)             | 0.21      (-0.29)
	Haemoglobin_estimation_9                                                   | 3649	 (25544, 69)             | nan       (nan)
	Haemoglobin_estimation_9                                                   | 3649	 (25544, 69)             | nan       (nan)
	Mean_corpusc_Hb_conc__MCHC__14                                             | 3649	 (25544, 69)             | 27.90     (-0.46)
	Mean_corpusc_haemoglobin_MCH__13                                           | 3649	 (25544, 69)             | 16.30     (-0.35)
	Mean_corpuscular_volume__MCV__11                                           | 3649	 (25544, 69)             | 58.30     (-0.30)
	Platelet_count_12                                                          | 3649	 (25544, 69)             | 247.96    (-0.50)
	Red_blood_cell__RBC__count_10                                              | 3649	 (25544, 69)             | 3.65      (-0.49)
	Red_blood_cell_distribution_width_17                                       | 3649	 (25544, 69)             | nan       (nan)
	Serum_HDL_cholesterol_level_100                                            | 3649	 (25544, 69)             | 1.45      (-0.13)
	Serum_LDL_cholesterol_level_102                                            | 3649	 (25544, 69)             | 3.20      (-0.39)
	Serum_TSH_level_71                                                         | 3649	 (25544, 69)             | 100.00    (-0.30)
	Serum_albumin_51                                                           | 3649	 (25544, 69)             | 44.00     (-0.26)
	Serum_alkaline_phosphatase_50                                              | 3649	 (25544, 69)             | 91.00     (-0.50)
	Serum_cholesterol_97                                                       | 3649	 (25544, 69)             | 5.00      (-0.43)
	Serum_creatinine_31                                                        | 3649	 (25544, 69)             | 59.00     (-0.49)
	Serum_ferritin_63                                                          | 3649	 (25544, 69)             | 4.01      (-0.50)
	Serum_folate_80                                                            | 3649	 (25544, 69)             | 11.50     (0.14)
	Serum_free_T4_level_75                                                     | 3649	 (25544, 69)             | 5.50      (-0.50)
	Serum_potassium_26                                                         | 3649	 (25544, 69)             | 4.40      (-0.07)
	Serum_sodium_24                                                            | 3649	 (25544, 69)             | 140.00    (-0.05)
	Serum_total_bilirubin_level_56                                             | 3649	 (25544, 69)             | 9.00      (-0.49)
	Serum_triglycerides_105                                                    | 3649	 (25544, 69)             | 0.70      (-0.49)
	Serum_urea_level_29                                                        | 3649	 (25544, 69)             | 3.80      (-0.14)
	Serum_vitamin_B12_79                                                       | 3649	 (25544, 69)             | 147.00    (-0.49)
	Total_cholesterol_HDL_ratio_95                                             | 3649	 (25544, 69)             | 3.40      (-0.49)
	Total_white_cell_count_18                                                  | 3649	 (25544, 69)             | 4.30      (-0.50)
	............................................................new week............................................................
	Levothyroxine_                                                             | 3650	 (25552, 70)             | nan       (nan)
	............................................................new week............................................................
	Body_mass_index_3                                                          | 3652	 (25564, 70)             | 20.10     (-0.38)
	Diastolic_blood_pressure_5                                                 | 3652	 (25564, 70)             | 82.00     (-0.34)
	Never_smoked_tobacco_85                                                    | 3652	 (25564, 70)             | nan       (nan)
	O_E___height_1                                                             | 3652	 (25564, 70)             | 141.00    (-0.02)
	O_E___weight_2                                                             | 3652	 (25564, 70)             | 40.00     (-0.44)
	Systolic_blood_pressure_4                                                  | 3652	 (25564, 70)             | 162.00    (-0.14)
	............................................................new week............................................................
	Basophil_count_22                                                          | 3655	 (25586, 70)             | 0.00      (-0.49)
	Eosinophil_count_21                                                        | 3655	 (25586, 70)             | 0.20      (-0.46)
	Haematocrit_15                                                             | 3655	 (25586, 70)             | 0.31      (-0.19)
	Haemoglobin_estimation_9                                                   | 3655	 (25586, 70)             | nan       (nan)
	Lymphocyte_count_20                                                        | 3655	 (25586, 70)             | 1.00      (-0.50)
	Mean_corpusc_Hb_conc__MCHC__14                                             | 3655	 (25586, 70)             | 29.90     (-0.46)
	Mean_corpusc_haemoglobin_MCH__13                                           | 3655	 (25586, 70)             | 21.10     (-0.30)
	Mean_corpuscular_volume__MCV__11                                           | 3655	 (25586, 70)             | 70.50     (-0.25)
	Monocyte_count_23                                                          | 3655	 (25586, 70)             | 0.40      (-0.48)
	Neutrophil_count_19                                                        | 3655	 (25586, 70)             | 2.80      (-0.44)
	Platelet_count_12                                                          | 3655	 (25586, 70)             | 247.06    (-0.50)
	Red_blood_cell__RBC__count_10                                              | 3655	 (25586, 70)             | 4.47      (-0.49)
	Red_blood_cell_distribution_width_17                                       | 3655	 (25586, 70)             | 27.50     (-0.31)
	Serum_TSH_level_71                                                         | 3655	 (25586, 70)             | 100.00    (-0.30)
	Serum_ferritin_63                                                          | 3655	 (25586, 70)             | 74.00     (-0.50)
	Serum_folate_80                                                            | 3655	 (25586, 70)             | 12.20     (0.17)
	Serum_free_T4_level_75                                                     | 3655	 (25586, 70)             | 4.00      (-0.50)
	Serum_vitamin_B12_79                                                       | 3655	 (25586, 70)             | 2000.00   (-0.40)
	Total_white_cell_count_18                                                  | 3655	 (25586, 70)             | 4.40      (-0.50)
	............................................................new week............................................................
	Basophil_count_22                                                          | 3660	 (25621, 70)             | 0.00      (-0.49)
	Eosinophil_count_21                                                        | 3660	 (25621, 70)             | 0.10      (-0.47)
	Haematocrit_15                                                             | 3660	 (25621, 70)             | 0.33      (-0.17)
	Haemoglobin_estimation_9                                                   | 3660	 (25621, 70)             | 10.20     (-0.50)
	Lymphocyte_count_20                                                        | 3660	 (25621, 70)             | 0.90      (-0.50)
	Mean_corpusc_Hb_conc__MCHC__14                                             | 3660	 (25621, 70)             | 31.00     (-0.46)
	Mean_corpusc_haemoglobin_MCH__13                                           | 3660	 (25621, 70)             | 22.30     (-0.28)
	Mean_corpuscular_volume__MCV__11                                           | 3660	 (25621, 70)             | 72.10     (-0.24)
	Monocyte_count_23                                                          | 3660	 (25621, 70)             | 0.50      (-0.47)
	Neutrophil_count_19                                                        | 3660	 (25621, 70)             | 3.20      (-0.44)
	Platelet_count_12                                                          | 3660	 (25621, 70)             | 233.95    (-0.50)
	Red_blood_cell__RBC__count_10                                              | 3660	 (25621, 70)             | 4.59      (-0.49)
	Red_blood_cell_distribution_width_17                                       | 3660	 (25621, 70)             | 20.80     (-0.38)
	Serum_TSH_level_71                                                         | 3660	 (25621, 70)             | 100.00    (-0.30)
	Serum_ferritin_63                                                          | 3660	 (25621, 70)             | 74.00     (-0.50)
	Serum_free_T4_level_75                                                     | 3660	 (25621, 70)             | 3.20      (-0.50)
	Total_white_cell_count_18                                                  | 3660	 (25621, 70)             | 4.70      (-0.50)
	............................................................new week............................................................
	Levothyroxine_                                                             | 3714	 (26000, 71)             | nan       (nan)
	Weak_Opioids_Final                                                         | 3714	 (26000, 71)             | nan       (nan)
	............................................................new week............................................................
	ALLCANCER_NOHAEM_NOBCC                                                     | 3716	 (26015, 71)             | nan       (nan)
	............................................................new week............................................................
	Levothyroxine_                                                             | 3721	 (26048, 71)             | nan       (nan)
	............................................................new week............................................................
	Levothyroxine_                                                             | 3726	 (26083, 71)             | nan       (nan)
	............................................................new week............................................................
	Serum_TSH_level_71                                                         | 3732	 (26124, 71)             | 65.47     (-0.37)
	Serum_free_T4_level_75                                                     | 3732	 (26124, 71)             | 11.40     (-0.50)
	............................................................new week............................................................
	Levothyroxine_                                                             | 3734	 (26139, 71)             | nan       (nan)
	Levothyroxine_                                                             | 3734	 (26139, 71)             | nan       (nan)
	............................................................new week............................................................
	Body_mass_index_3                                                          | 3739	 (26173, 71)             | 20.10     (-0.38)
	Diastolic_blood_pressure_5                                                 | 3739	 (26173, 71)             | 78.00     (-0.35)
	Never_smoked_tobacco_85                                                    | 3739	 (26173, 71)             | nan       (nan)
	O_E___weight_2                                                             | 3739	 (26173, 71)             | 40.00     (-0.44)
	Systolic_blood_pressure_4                                                  | 3739	 (26173, 71)             | 146.00    (-0.19)
	Serum_TSH_level_71                                                         | 3739	 (26174, 71)             | 26.12     (-0.45)
	Serum_free_T4_level_75                                                     | 3739	 (26174, 71)             | 13.60     (-0.50)
	............................................................new week............................................................
	Levothyroxine_                                                             | 3742	 (26197, 71)             | nan       (nan)
	............................................................new week............................................................
	Levothyroxine_                                                             | 3751	 (26259, 71)             | nan       (nan)

========================================================================================================================
DIAGNOSIS SUMMARY
['HYPOTHYROIDISM_DRAFT_V1', 'ALLCANCER_NOHAEM_NOBCC']
========================================================================================================================


PREDICTED FUTURE EVENTS
========================================================================================================================
	EVENT                                                                     | AGE IN WEEKS (days, years)  | VALUE
	............................................................new week............................................................
	Levothyroxine_                                                             | 3755	 (26288, 72)             | nan       (nan)
	............................................................new week............................................................
	Levothyroxine_                                                             | 3762	 (26335, 72)             | nan       (nan)
	Calcium_supplements_Optimal                                                | 3762	 (26339, 72)             | nan       (nan)
	............................................................new week............................................................
	Calcium_supplements_Optimal                                                | 3763	 (26341, 72)             | nan       (nan)
	............................................................new week............................................................
	Levothyroxine_                                                             | 3768	 (26377, 72)             | nan       (nan)
	Levothyroxine_                                                             | 3768	 (26377, 72)             | nan       (nan)
	............................................................new week............................................................
	Calcium_supplements_Optimal                                                | 3769	 (26383, 72)             | nan       (nan)
	Calcium_supplements_Optimal                                                | 3769	 (26386, 72)             | nan       (nan)
	............................................................new week............................................................
	Calcium_supplements_Optimal                                                | 3780	 (26461, 72)             | nan       (nan)
	............................................................new week............................................................
	Calcium_supplements_Optimal                                                | 3783	 (26483, 72)             | nan       (nan)
	............................................................new week............................................................
	Calcium_supplements_Optimal                                                | 3788	 (26522, 72)             | nan       (nan)
	............................................................new week............................................................
	Levothyroxine_                                                             | 3789	 (26527, 72)             | nan       (nan)
	............................................................new week............................................................
	ALL_DEMENTIA                                                               | 3791	 (26540, 72)             | nan       (nan)
	............................................................new week............................................................
	Calcium_supplements_Optimal                                                | 3795	 (26565, 72)             | nan       (nan)
	............................................................new week............................................................
	Calcium_supplements_Optimal                                                | 3796	 (26575, 72)             | nan       (nan)
	............................................................new week............................................................
	Serum_TSH_level_71                                                         | 3797	 (26580, 72)             | 16.70     (-0.46)
	............................................................new week............................................................
	Serum_TSH_level_71                                                         | 3798	 (26591, 72)             | 11.39     (-0.47)
	............................................................new week............................................................
	Strong_Opioids_2022_Final                                                  | 3801	 (26607, 72)             | nan       (nan)
	............................................................new week............................................................
	Calcium_supplements_Optimal                                                | 3802	 (26615, 72)             | nan       (nan)
	Body_mass_index_3                                                          | 3802	 (26620, 72)             | 18.13     (-0.39)
	............................................................new week............................................................
	Levothyroxine_                                                             | 3804	 (26629, 72)             | nan       (nan)
	PREVALENT_IBS_V2                                                           | 3804	 (26629, 72)             | nan       (nan)
	............................................................new week............................................................
	Levothyroxine_                                                             | 3805	 (26640, 72)             | nan       (nan)
	............................................................new week............................................................
	Serum_folate_80                                                            | 3806	 (26642, 72)             | 11.70     (0.15)
	............................................................new week............................................................
	Calcium_supplements_Optimal                                                | 3810	 (26673, 73)             | nan       (nan)
	Serum_free_T4_level_75                                                     | 3810	 (26673, 73)             | 129.11    (-0.49)
	Calcium_supplements_Optimal                                                | 3810	 (26675, 73)             | nan       (nan)
	............................................................new week............................................................
	SSRIs_Optimal                                                              | 3813	 (26691, 73)             | nan       (nan)
	............................................................new week............................................................
	Serum_ferritin_63                                                          | 3814	 (26699, 73)             | 7220.83   (-0.49)
	............................................................new week............................................................
	Serum_TSH_level_71                                                         | 3815	 (26708, 73)             | 9.95      (-0.48)
	............................................................new week............................................................
	Diastolic_blood_pressure_5                                                 | 3823	 (26761, 73)             | 54.08     (-0.41)
	............................................................new week............................................................
	Levothyroxine_                                                             | 3825	 (26781, 73)             | nan       (nan)
	............................................................new week............................................................
	Serum_TSH_level_71                                                         | 3827	 (26790, 73)             | 2.59      (-0.49)
	............................................................new week............................................................
	Serum_TSH_level_71                                                         | 3828	 (26796, 73)             | 10.45     (-0.48)
	NSAIDS_oral_OPTIMAL_final                                                  | 3828	 (26801, 73)             | nan       (nan)
	............................................................new week............................................................
	Calcium_supplements_Optimal                                                | 3837	 (26860, 73)             | nan       (nan)
	............................................................new week............................................................
	AST_serum_level_47                                                         | 3838	 (26869, 73)             | 21.81     (-0.50)
	............................................................new week............................................................
	Calcium_supplements_Optimal                                                | 3840	 (26880, 73)             | nan       (nan)
	............................................................new week............................................................
	Calcium_supplements_Optimal                                                | 3842	 (26900, 73)             | nan       (nan)
	Serum_free_T4_level_75                                                     | 3842	 (26900, 73)             | -90.56    (-0.51)
	............................................................new week............................................................
	SSRIs_Optimal                                                              | 3843	 (26903, 73)             | nan       (nan)
	Levothyroxine_                                                             | 3843	 (26903, 73)             | nan       (nan)
	............................................................new week............................................................
	Calcium_supplements_Optimal                                                | 3847	 (26929, 73)             | nan       (nan)
	Body_mass_index_3                                                          | 3847	 (26933, 73)             | 15.99     (-0.41)
	HF_V3                                                                      | 3847	 (26934, 73)             | nan       (nan)
	............................................................new week............................................................
	Basophil_count_22                                                          | 3853	 (26973, 73)             | -0.11     (-0.50)
	............................................................new week............................................................
	Haemoglobin_estimation_9                                                   | 3854	 (26980, 73)             | -12.16    (-0.58)
	............................................................new week............................................................
	Bisphosphonates_osteoporosis                                               | 3865	 (27057, 74)             | nan       (nan)
	............................................................new week............................................................
	Basophil_count_22                                                          | 3866	 (27064, 74)             | -0.02     (-0.49)
	............................................................new week............................................................
	Diastolic_blood_pressure_5                                                 | 3877	 (27141, 74)             | 43.35     (-0.44)
