STATIC INFORMATION
========================================================================================================================
	SEX:               F
	IMD:               4.0
	ETHNICITY:         MIXED
	birth_year:        1940.0


GIVEN PATIENT CONTEXT
========================================================================================================================
	EVENT                                                                     | AGE IN WEEKS (days, years)   | VALUE
	............................................................new week............................................................
	HYPOTHYROIDISM_DRAFT_V1                                                    | 3520	 (24641, 67)             | nan       (nan)
	............................................................new week............................................................
	AST_serum_level_47                                                         | 3649	 (25544, 69)             | 22.00     (-0.50)
	GFR_calculated_abbreviated_MDRD_34                                         | 3649	 (25544, 69)             | 60.00     (-0.30)
	Haematocrit_15                                                             | 3649	 (25544, 69)             | 0.21      (-0.29)
	Haemoglobin_estimation_9                                                   | 3649	 (25544, 69)             | nan       (nan)
	Haemoglobin_estimation_9                                                   | 3649	 (25544, 69)             | nan       (nan)
	Mean_corpusc_Hb_conc__MCHC__14                                             | 3649	 (25544, 69)             | 27.90     (-0.46)
	Mean_corpusc_haemoglobin_MCH__13                                           | 3649	 (25544, 69)             | 16.30     (-0.35)
	Mean_corpuscular_volume__MCV__11                                           | 3649	 (25544, 69)             | 58.30     (-0.30)
	Platelet_count_12                                                          | 3649	 (25544, 69)             | 247.96    (-0.50)
	Red_blood_cell__RBC__count_10                                              | 3649	 (25544, 69)             | 3.65      (-0.49)
	Red_blood_cell_distribution_width_17                                       | 3649	 (25544, 69)             | nan       (nan)
	Serum_HDL_cholesterol_level_100                                            | 3649	 (25544, 69)             | 1.45      (-0.13)
	Serum_LDL_cholesterol_level_102                                            | 3649	 (25544, 69)             | 3.20      (-0.39)
	Serum_TSH_level_71                                                         | 3649	 (25544, 69)             | 100.00    (-0.30)
	Serum_albumin_51                                                           | 3649	 (25544, 69)             | 44.00     (-0.26)
	Serum_alkaline_phosphatase_50                                              | 3649	 (25544, 69)             | 91.00     (-0.50)
	Serum_cholesterol_97                                                       | 3649	 (25544, 69)             | 5.00      (-0.43)
	Serum_creatinine_31                                                        | 3649	 (25544, 69)             | 59.00     (-0.49)
	Serum_ferritin_63                                                          | 3649	 (25544, 69)             | 4.01      (-0.50)
	Serum_folate_80                                                            | 3649	 (25544, 69)             | 11.50     (0.14)
	Serum_free_T4_level_75                                                     | 3649	 (25544, 69)             | 5.50      (-0.50)
	Serum_potassium_26                                                         | 3649	 (25544, 69)             | 4.40      (-0.07)
	Serum_sodium_24                                                            | 3649	 (25544, 69)             | 140.00    (-0.05)
	Serum_total_bilirubin_level_56                                             | 3649	 (25544, 69)             | 9.00      (-0.49)
	Serum_triglycerides_105                                                    | 3649	 (25544, 69)             | 0.70      (-0.49)
	Serum_urea_level_29                                                        | 3649	 (25544, 69)             | 3.80      (-0.14)
	Serum_vitamin_B12_79                                                       | 3649	 (25544, 69)             | 147.00    (-0.49)
	Total_cholesterol_HDL_ratio_95                                             | 3649	 (25544, 69)             | 3.40      (-0.49)
	Total_white_cell_count_18                                                  | 3649	 (25544, 69)             | 4.30      (-0.50)
	............................................................new week............................................................
	Levothyroxine_                                                             | 3650	 (25552, 70)             | nan       (nan)
	............................................................new week............................................................
	Body_mass_index_3                                                          | 3652	 (25564, 70)             | 20.10     (-0.38)
	Diastolic_blood_pressure_5                                                 | 3652	 (25564, 70)             | 82.00     (-0.34)
	Never_smoked_tobacco_85                                                    | 3652	 (25564, 70)             | nan       (nan)
	O_E___height_1                                                             | 3652	 (25564, 70)             | 141.00    (-0.02)
	O_E___weight_2                                                             | 3652	 (25564, 70)             | 40.00     (-0.44)
	Systolic_blood_pressure_4                                                  | 3652	 (25564, 70)             | 162.00    (-0.14)
	............................................................new week............................................................
	Basophil_count_22                                                          | 3655	 (25586, 70)             | 0.00      (-0.49)
	Eosinophil_count_21                                                        | 3655	 (25586, 70)             | 0.20      (-0.46)
	Haematocrit_15                                                             | 3655	 (25586, 70)             | 0.31      (-0.19)
	Haemoglobin_estimation_9                                                   | 3655	 (25586, 70)             | nan       (nan)
	Lymphocyte_count_20                                                        | 3655	 (25586, 70)             | 1.00      (-0.50)
	Mean_corpusc_Hb_conc__MCHC__14                                             | 3655	 (25586, 70)             | 29.90     (-0.46)
	Mean_corpusc_haemoglobin_MCH__13                                           | 3655	 (25586, 70)             | 21.10     (-0.30)
	Mean_corpuscular_volume__MCV__11                                           | 3655	 (25586, 70)             | 70.50     (-0.25)
	Monocyte_count_23                                                          | 3655	 (25586, 70)             | 0.40      (-0.48)
	Neutrophil_count_19                                                        | 3655	 (25586, 70)             | 2.80      (-0.44)
	Platelet_count_12                                                          | 3655	 (25586, 70)             | 247.06    (-0.50)
	Red_blood_cell__RBC__count_10                                              | 3655	 (25586, 70)             | 4.47      (-0.49)
	Red_blood_cell_distribution_width_17                                       | 3655	 (25586, 70)             | 27.50     (-0.31)
	Serum_TSH_level_71                                                         | 3655	 (25586, 70)             | 100.00    (-0.30)
	Serum_ferritin_63                                                          | 3655	 (25586, 70)             | 74.00     (-0.50)
	Serum_folate_80                                                            | 3655	 (25586, 70)             | 12.20     (0.17)
	Serum_free_T4_level_75                                                     | 3655	 (25586, 70)             | 4.00      (-0.50)
	Serum_vitamin_B12_79                                                       | 3655	 (25586, 70)             | 2000.00   (-0.40)
	Total_white_cell_count_18                                                  | 3655	 (25586, 70)             | 4.40      (-0.50)
	............................................................new week............................................................
	Basophil_count_22                                                          | 3660	 (25621, 70)             | 0.00      (-0.49)
	Eosinophil_count_21                                                        | 3660	 (25621, 70)             | 0.10      (-0.47)
	Haematocrit_15                                                             | 3660	 (25621, 70)             | 0.33      (-0.17)
	Haemoglobin_estimation_9                                                   | 3660	 (25621, 70)             | 10.20     (-0.50)
	Lymphocyte_count_20                                                        | 3660	 (25621, 70)             | 0.90      (-0.50)
	Mean_corpusc_Hb_conc__MCHC__14                                             | 3660	 (25621, 70)             | 31.00     (-0.46)
	Mean_corpusc_haemoglobin_MCH__13                                           | 3660	 (25621, 70)             | 22.30     (-0.28)
	Mean_corpuscular_volume__MCV__11                                           | 3660	 (25621, 70)             | 72.10     (-0.24)
	Monocyte_count_23                                                          | 3660	 (25621, 70)             | 0.50      (-0.47)
	Neutrophil_count_19                                                        | 3660	 (25621, 70)             | 3.20      (-0.44)
	Platelet_count_12                                                          | 3660	 (25621, 70)             | 233.95    (-0.50)
	Red_blood_cell__RBC__count_10                                              | 3660	 (25621, 70)             | 4.59      (-0.49)
	Red_blood_cell_distribution_width_17                                       | 3660	 (25621, 70)             | 20.80     (-0.38)
	Serum_TSH_level_71                                                         | 3660	 (25621, 70)             | 100.00    (-0.30)
	Serum_ferritin_63                                                          | 3660	 (25621, 70)             | 74.00     (-0.50)
	Serum_free_T4_level_75                                                     | 3660	 (25621, 70)             | 3.20      (-0.50)
	Total_white_cell_count_18                                                  | 3660	 (25621, 70)             | 4.70      (-0.50)
	............................................................new week............................................................
	Levothyroxine_                                                             | 3714	 (26000, 71)             | nan       (nan)
	Weak_Opioids_Final                                                         | 3714	 (26000, 71)             | nan       (nan)
	............................................................new week............................................................
	ALLCANCER_NOHAEM_NOBCC                                                     | 3716	 (26015, 71)             | nan       (nan)
	............................................................new week............................................................
	Levothyroxine_                                                             | 3721	 (26048, 71)             | nan       (nan)
	............................................................new week............................................................
	Levothyroxine_                                                             | 3726	 (26083, 71)             | nan       (nan)
	............................................................new week............................................................
	Serum_TSH_level_71                                                         | 3732	 (26124, 71)             | 65.47     (-0.37)
	Serum_free_T4_level_75                                                     | 3732	 (26124, 71)             | 11.40     (-0.50)
	............................................................new week............................................................
	Levothyroxine_                                                             | 3734	 (26139, 71)             | nan       (nan)
	Levothyroxine_                                                             | 3734	 (26139, 71)             | nan       (nan)
	............................................................new week............................................................
	Body_mass_index_3                                                          | 3739	 (26173, 71)             | 20.10     (-0.38)
	Diastolic_blood_pressure_5                                                 | 3739	 (26173, 71)             | 78.00     (-0.35)
	Never_smoked_tobacco_85                                                    | 3739	 (26173, 71)             | nan       (nan)
	O_E___weight_2                                                             | 3739	 (26173, 71)             | 40.00     (-0.44)
	Systolic_blood_pressure_4                                                  | 3739	 (26173, 71)             | 146.00    (-0.19)
	Serum_TSH_level_71                                                         | 3739	 (26174, 71)             | 26.12     (-0.45)
	Serum_free_T4_level_75                                                     | 3739	 (26174, 71)             | 13.60     (-0.50)
	............................................................new week............................................................
	Levothyroxine_                                                             | 3742	 (26197, 71)             | nan       (nan)
	............................................................new week............................................................
	Levothyroxine_                                                             | 3751	 (26259, 71)             | nan       (nan)

========================================================================================================================
DIAGNOSIS SUMMARY
['HYPOTHYROIDISM_DRAFT_V1', 'ALLCANCER_NOHAEM_NOBCC']
========================================================================================================================


PREDICTED FUTURE EVENTS
========================================================================================================================
	EVENT                                                                     | AGE IN WEEKS (days, years)  | VALUE
	............................................................new week............................................................
	Serum_ferritin_63                                                          | 3752	 (26264, 71)             | 4110.29   (-0.49)
	TSH_level_74                                                               | 3752	 (26269, 71)             | -7.45     (-0.51)
	............................................................new week............................................................
	Levothyroxine_                                                             | 3753	 (26275, 71)             | nan       (nan)
	............................................................new week............................................................
	AST_serum_level_47                                                         | 3757	 (26301, 72)             | 43.84     (-0.50)
	............................................................new week............................................................
	Anxiolytics_mumpredict                                                     | 3760	 (26324, 72)             | nan       (nan)
	Levothyroxine_                                                             | 3760	 (26324, 72)             | nan       (nan)
	............................................................new week............................................................
	Basophil_count_22                                                          | 3766	 (26366, 72)             | 0.07      (-0.48)
	............................................................new week............................................................
	Corrected_serum_calcium_level_42                                           | 3771	 (26403, 72)             | 3.75      (-0.13)
	............................................................new week............................................................
	Levothyroxine_                                                             | 3772	 (26410, 72)             | nan       (nan)
	............................................................new week............................................................
	O_E___weight_2                                                             | 3773	 (26412, 72)             | 33.26     (-0.45)
	............................................................new week............................................................
	Basophil_count_22                                                          | 3774	 (26419, 72)             | 0.08      (-0.48)
	............................................................new week............................................................
	Levothyroxine_                                                             | 3778	 (26452, 72)             | nan       (nan)
	............................................................new week............................................................
	Levothyroxine_                                                             | 3779	 (26454, 72)             | nan       (nan)
	Levothyroxine_                                                             | 3779	 (26458, 72)             | nan       (nan)
	............................................................new week............................................................
	Levothyroxine_                                                             | 3780	 (26461, 72)             | nan       (nan)
	............................................................new week............................................................
	Levothyroxine_                                                             | 3782	 (26480, 72)             | nan       (nan)
	............................................................new week............................................................
	Levothyroxine_                                                             | 3783	 (26481, 72)             | nan       (nan)
	Levothyroxine_                                                             | 3783	 (26481, 72)             | nan       (nan)
	............................................................new week............................................................
	Levothyroxine_                                                             | 3784	 (26492, 72)             | nan       (nan)
	............................................................new week............................................................
	Vitamin_D                                                                  | 3785	 (26500, 72)             | nan       (nan)
	............................................................new week............................................................
	Levothyroxine_                                                             | 3790	 (26533, 72)             | nan       (nan)
	Levothyroxine_                                                             | 3790	 (26533, 72)             | nan       (nan)
	Levothyroxine_                                                             | 3790	 (26533, 72)             | nan       (nan)
	Levothyroxine_                                                             | 3790	 (26533, 72)             | nan       (nan)
	............................................................new week............................................................
	Levothyroxine_                                                             | 3791	 (26540, 72)             | nan       (nan)
	Total_white_cell_count_18                                                  | 3791	 (26540, 72)             | -45.06    (-0.51)
	............................................................new week............................................................
	Levothyroxine_                                                             | 3792	 (26547, 72)             | nan       (nan)
	............................................................new week............................................................
	Vitamin_D                                                                  | 3793	 (26551, 72)             | nan       (nan)
	............................................................new week............................................................
	Levothyroxine_                                                             | 3796	 (26575, 72)             | nan       (nan)
	Levothyroxine_                                                             | 3796	 (26575, 72)             | nan       (nan)
	............................................................new week............................................................
	Levothyroxine_                                                             | 3797	 (26580, 72)             | nan       (nan)
	Levothyroxine_                                                             | 3797	 (26582, 72)             | nan       (nan)
	............................................................new week............................................................
	Levothyroxine_                                                             | 3798	 (26587, 72)             | nan       (nan)
	............................................................new week............................................................
	Levothyroxine_                                                             | 3799	 (26595, 72)             | nan       (nan)
	............................................................new week............................................................
	Levothyroxine_                                                             | 3801	 (26607, 72)             | nan       (nan)
	Levothyroxine_                                                             | 3801	 (26613, 72)             | nan       (nan)
	............................................................new week............................................................
	Levothyroxine_                                                             | 3803	 (26624, 72)             | nan       (nan)
	............................................................new week............................................................
	Anxiolytics_mumpredict                                                     | 3804	 (26633, 72)             | nan       (nan)
	............................................................new week............................................................
	Basophil_count_22                                                          | 3806	 (26646, 73)             | 0.20      (-0.47)
	............................................................new week............................................................
	Levothyroxine_                                                             | 3809	 (26666, 73)             | nan       (nan)
	Levothyroxine_                                                             | 3809	 (26668, 73)             | nan       (nan)
	............................................................new week............................................................
	Levothyroxine_                                                             | 3811	 (26677, 73)             | nan       (nan)
	Levothyroxine_                                                             | 3811	 (26681, 73)             | nan       (nan)
	............................................................new week............................................................
	Serum_TSH_level_71                                                         | 3813	 (26693, 73)             | -2.67     (-0.50)
	Levothyroxine_                                                             | 3813	 (26693, 73)             | nan       (nan)
	............................................................new week............................................................
	Levothyroxine_                                                             | 3814	 (26701, 73)             | nan       (nan)
	Levothyroxine_                                                             | 3814	 (26701, 73)             | nan       (nan)
	............................................................new week............................................................
	Levothyroxine_                                                             | 3815	 (26710, 73)             | nan       (nan)
	............................................................new week............................................................
	Levothyroxine_                                                             | 3816	 (26717, 73)             | nan       (nan)
	............................................................new week............................................................
	Levothyroxine_                                                             | 3819	 (26735, 73)             | nan       (nan)
