STATIC INFORMATION
========================================================================================================================
	SEX:               F
	IMD:               5.0
	ETHNICITY:         BLACK
	birth_year:        1967.0


GIVEN PATIENT CONTEXT
========================================================================================================================
	EVENT                                                                     | AGE IN WEEKS (days, years)   | VALUE
	............................................................new week............................................................
	Total_cholesterol_HDL_ratio_95                                             | 2606	 (18247, 49)             | 2.50      (-0.49)
	Total_white_cell_count_18                                                  | 2606	 (18247, 49)             | 6.50      (-0.50)
	............................................................new week............................................................
	CalciumChannelBlck_D2T                                                     | 2610	 (18273, 50)             | nan       (nan)
	Vitamin_D                                                                  | 2610	 (18273, 50)             | nan       (nan)
	............................................................new week............................................................
	Diastolic_blood_pressure_5                                                 | 2611	 (18283, 50)             | 84.00     (-0.33)
	Diastolic_blood_pressure_5                                                 | 2611	 (18283, 50)             | 86.00     (-0.33)
	Diastolic_blood_pressure_5                                                 | 2611	 (18283, 50)             | 87.00     (-0.32)
	Diastolic_blood_pressure_5                                                 | 2611	 (18283, 50)             | 90.00     (-0.32)
	Diastolic_blood_pressure_5                                                 | 2611	 (18283, 50)             | 93.00     (-0.31)
	Systolic_blood_pressure_4                                                  | 2611	 (18283, 50)             | 106.00    (-0.29)
	Systolic_blood_pressure_4                                                  | 2611	 (18283, 50)             | 110.00    (-0.28)
	Systolic_blood_pressure_4                                                  | 2611	 (18283, 50)             | 116.00    (-0.27)
	Systolic_blood_pressure_4                                                  | 2611	 (18283, 50)             | 121.00    (-0.25)
	Systolic_blood_pressure_4                                                  | 2611	 (18283, 50)             | 123.00    (-0.25)
	............................................................new week............................................................
	POP_reg_contraceptive                                                      | 2612	 (18287, 50)             | nan       (nan)
	all_contraceptive                                                          | 2612	 (18287, 50)             | nan       (nan)
	............................................................new week............................................................
	NSAIDS_oral_OPTIMAL_final                                                  | 2615	 (18311, 50)             | nan       (nan)
	............................................................new week............................................................
	Diastolic_blood_pressure_5                                                 | 2623	 (18367, 50)             | 90.00     (-0.32)
	Systolic_blood_pressure_4                                                  | 2623	 (18367, 50)             | 125.00    (-0.24)
	CalciumChannelBlck_D2T                                                     | 2623	 (18367, 50)             | nan       (nan)
	POP_reg_contraceptive                                                      | 2623	 (18367, 50)             | nan       (nan)
	all_contraceptive                                                          | 2623	 (18367, 50)             | nan       (nan)
	............................................................new week............................................................
	Body_mass_index_3                                                          | 2637	 (18461, 50)             | 32.00     (-0.28)
	Diastolic_blood_pressure_5                                                 | 2637	 (18461, 50)             | 85.00     (-0.33)
	O_E___weight_2                                                             | 2637	 (18461, 50)             | 77.00     (-0.38)
	Systolic_blood_pressure_4                                                  | 2637	 (18461, 50)             | 140.00    (-0.20)
	CalciumChannelBlck_D2T                                                     | 2637	 (18461, 50)             | nan       (nan)
	POP_reg_contraceptive                                                      | 2637	 (18461, 50)             | nan       (nan)
	all_contraceptive                                                          | 2637	 (18461, 50)             | nan       (nan)
	............................................................new week............................................................
	Calculated_LDL_cholesterol_level_103                                       | 2644	 (18512, 50)             | 1.60      (-0.45)
	Eosinophil_count_21                                                        | 2644	 (18512, 50)             | 0.20      (-0.46)
	GFR_calculated_abbreviated_MDRD_34                                         | 2644	 (18512, 50)             | 60.00     (-0.30)
	Haematocrit___PCV_16                                                       | 2644	 (18512, 50)             | 0.44      (-0.12)
	Haemoglobin_A1c_level___IFCC_standardised_6                                | 2644	 (18512, 50)             | 35.00     (-0.38)
	Haemoglobin_estimation_9                                                   | 2644	 (18512, 50)             | 146.00    (-0.03)
	Lymphocyte_count_20                                                        | 2644	 (18512, 50)             | 2.80      (-0.49)
	Mean_corpusc_Hb_conc__MCHC__14                                             | 2644	 (18512, 50)             | 330.00    (0.15)
	Mean_corpusc_haemoglobin_MCH__13                                           | 2644	 (18512, 50)             | 31.40     (-0.19)
	Mean_corpuscular_volume__MCV__11                                           | 2644	 (18512, 50)             | 95.00     (-0.15)
	Monocyte_count_23                                                          | 2644	 (18512, 50)             | 0.60      (-0.47)
	Neutrophil_count_19                                                        | 2644	 (18512, 50)             | 4.20      (-0.42)
	Non_HDL_cholesterol_level_108                                              | 2644	 (18512, 50)             | 2.10      (-0.17)
	Platelet_count_12                                                          | 2644	 (18512, 50)             | 266.13    (-0.50)
	Red_blood_cell__RBC__count_10                                              | 2644	 (18512, 50)             | 4.65      (-0.49)
	Red_blood_cell_distribution_width_17                                       | 2644	 (18512, 50)             | 14.40     (-0.46)
	Serum_25_Hydroxy_vitamin_D3_level_88                                       | 2644	 (18512, 50)             | 53.00     (-0.07)
	Serum_HDL_cholesterol_level_100                                            | 2644	 (18512, 50)             | 1.24      (-0.18)
	Serum_TSH_level_71                                                         | 2644	 (18512, 50)             | 6.99      (-0.48)
	Serum_alanine_aminotransferase_level_45                                    | 2644	 (18512, 50)             | 12.00     (-0.50)
	Serum_albumin_51                                                           | 2644	 (18512, 50)             | 38.00     (-0.30)
	Serum_alkaline_phosphatase_50                                              | 2644	 (18512, 50)             | 70.00     (-0.50)
	Serum_bilirubin_level_53                                                   | 2644	 (18512, 50)             | 7.00      (-0.49)
	Serum_calcium_39                                                           | 2644	 (18512, 50)             | 2.43      (-0.26)
	Serum_cholesterol_97                                                       | 2644	 (18512, 50)             | 3.40      (-0.47)
	Serum_creatinine_31                                                        | 2644	 (18512, 50)             | 82.00     (-0.49)
	Serum_potassium_26                                                         | 2644	 (18512, 50)             | 4.50      (-0.06)
	Serum_sodium_24                                                            | 2644	 (18512, 50)             | 143.00    (-0.02)
	Serum_triglycerides_105                                                    | 2644	 (18512, 50)             | 1.05      (-0.49)
	Serum_urea_level_29                                                        | 2644	 (18512, 50)             | 5.90      (0.07)
	Total_cholesterol_HDL_ratio_95                                             | 2644	 (18512, 50)             | 2.70      (-0.49)
	Total_white_cell_count_18                                                  | 2644	 (18512, 50)             | 8.00      (-0.50)
	............................................................new week............................................................
	NSAIDS_oral_OPTIMAL_final                                                  | 2646	 (18526, 50)             | nan       (nan)
	............................................................new week............................................................
	Body_mass_index_3                                                          | 2649	 (18548, 50)             | 32.40     (-0.28)
	Diastolic_blood_pressure_5                                                 | 2649	 (18548, 50)             | 84.00     (-0.33)
	O_E___weight_2                                                             | 2649	 (18548, 50)             | 78.00     (-0.38)
	Systolic_blood_pressure_4                                                  | 2649	 (18548, 50)             | 141.00    (-0.20)
	CalciumChannelBlck_D2T                                                     | 2649	 (18548, 50)             | nan       (nan)
	POP_reg_contraceptive                                                      | 2649	 (18548, 50)             | nan       (nan)
	all_contraceptive                                                          | 2649	 (18548, 50)             | nan       (nan)
	............................................................new week............................................................
	CalciumChannelBlck_D2T                                                     | 2661	 (18633, 51)             | nan       (nan)
	POP_reg_contraceptive                                                      | 2661	 (18633, 51)             | nan       (nan)
	all_contraceptive                                                          | 2661	 (18633, 51)             | nan       (nan)
	............................................................new week............................................................
	CalciumChannelBlck_D2T                                                     | 2671	 (18702, 51)             | nan       (nan)
	POP_reg_contraceptive                                                      | 2671	 (18702, 51)             | nan       (nan)
	all_contraceptive                                                          | 2671	 (18702, 51)             | nan       (nan)
	............................................................new week............................................................
	CalciumChannelBlck_D2T                                                     | 2675	 (18731, 51)             | nan       (nan)
	............................................................new week............................................................
	Diastolic_blood_pressure_5                                                 | 2686	 (18806, 51)             | 81.00     (-0.34)
	O_E___height_1                                                             | 2686	 (18806, 51)             | 157.00    (0.04)
	O_E___weight_2                                                             | 2686	 (18806, 51)             | 74.20     (-0.39)
	Systolic_blood_pressure_4                                                  | 2686	 (18806, 51)             | 148.00    (-0.18)
	CalciumChannelBlck_D2T                                                     | 2686	 (18806, 51)             | nan       (nan)
	............................................................new week............................................................
	Diastolic_blood_pressure_5                                                 | 2690	 (18835, 51)             | 80.00     (-0.34)
	Systolic_blood_pressure_4                                                  | 2690	 (18835, 51)             | 147.00    (-0.18)
	POP_reg_contraceptive                                                      | 2690	 (18835, 51)             | nan       (nan)
	all_contraceptive                                                          | 2690	 (18835, 51)             | nan       (nan)
	............................................................new week............................................................
	POP_reg_contraceptive                                                      | 2694	 (18860, 51)             | nan       (nan)
	all_contraceptive                                                          | 2694	 (18860, 51)             | nan       (nan)
	............................................................new week............................................................
	CalciumChannelBlck_D2T                                                     | 2705	 (18939, 51)             | nan       (nan)
	............................................................new week............................................................
	Diastolic_blood_pressure_5                                                 | 2706	 (18946, 51)             | 78.00     (-0.35)
	Diastolic_blood_pressure_5                                                 | 2706	 (18946, 51)             | 85.00     (-0.33)
	O_E___height_1                                                             | 2706	 (18946, 51)             | 154.00    (0.03)
	O_E___weight_2                                                             | 2706	 (18946, 51)             | 69.40     (-0.39)
	Systolic_blood_pressure_4                                                  | 2706	 (18946, 51)             | 140.00    (-0.20)
	Systolic_blood_pressure_4                                                  | 2706	 (18946, 51)             | 154.00    (-0.16)
	POP_reg_contraceptive                                                      | 2706	 (18946, 51)             | nan       (nan)
	all_contraceptive                                                          | 2706	 (18946, 51)             | nan       (nan)
	............................................................new week............................................................
	GFR_calculated_abbreviated_MDRD_34                                         | 2716	 (19015, 52)             | 77.00     (-0.24)
	Serum_TSH_level_71                                                         | 2716	 (19015, 52)             | 4.65      (-0.49)
	Serum_creatinine_31                                                        | 2716	 (19015, 52)             | 77.00     (-0.49)
	Serum_potassium_26                                                         | 2716	 (19015, 52)             | 4.10      (-0.10)
	Serum_sodium_24                                                            | 2716	 (19015, 52)             | 144.00    (-0.01)
	Serum_urea_level_29                                                        | 2716	 (19015, 52)             | 5.10      (-0.01)
	............................................................new week............................................................
	Diastolic_blood_pressure_5                                                 | 2718	 (19032, 52)             | 75.00     (-0.36)
	O_E___height_1                                                             | 2718	 (19032, 52)             | 157.00    (0.04)
	O_E___weight_2                                                             | 2718	 (19032, 52)             | 70.80     (-0.39)
	Systolic_blood_pressure_4                                                  | 2718	 (19032, 52)             | 139.00    (-0.21)
	POP_reg_contraceptive                                                      | 2718	 (19032, 52)             | nan       (nan)
	all_contraceptive                                                          | 2718	 (19032, 52)             | nan       (nan)
	............................................................new week............................................................
	Body_mass_index_3                                                          | 2730	 (19116, 52)             | 28.97     (-0.31)
	Diastolic_blood_pressure_5                                                 | 2730	 (19116, 52)             | 90.00     (-0.32)
	O_E___height_1                                                             | 2730	 (19116, 52)             | 157.00    (0.04)
	O_E___weight_2                                                             | 2730	 (19116, 52)             | 71.40     (-0.39)
	Systolic_blood_pressure_4                                                  | 2730	 (19116, 52)             | 146.00    (-0.19)
	POP_reg_contraceptive                                                      | 2730	 (19116, 52)             | nan       (nan)
	all_contraceptive                                                          | 2730	 (19116, 52)             | nan       (nan)
	............................................................new week............................................................
	PropranololAnxiety_mumpredict                                              | 2732	 (19126, 52)             | nan       (nan)
	............................................................new week............................................................
	Diastolic_blood_pressure_5                                                 | 2733	 (19136, 52)             | 82.00     (-0.34)
	Systolic_blood_pressure_4                                                  | 2733	 (19136, 52)             | 128.00    (-0.24)
	............................................................new week............................................................
	POP_reg_contraceptive                                                      | 2744	 (19212, 52)             | nan       (nan)
	all_contraceptive                                                          | 2744	 (19212, 52)             | nan       (nan)
	............................................................new week............................................................
	Eosinophil_count_21                                                        | 2749	 (19248, 52)             | 0.10      (-0.47)
	GFR_calculated_abbreviated_MDRD_34                                         | 2749	 (19248, 52)             | 70.00     (-0.27)
	Haematocrit_15                                                             | 2749	 (19248, 52)             | 0.43      (-0.07)
	Haemoglobin_estimation_9                                                   | 2749	 (19248, 52)             | 141.00    (-0.05)
	Lymphocyte_count_20                                                        | 2749	 (19248, 52)             | 2.10      (-0.49)
	Mean_corpusc_Hb_conc__MCHC__14                                             | 2749	 (19248, 52)             | 330.00    (0.15)
	Mean_corpusc_haemoglobin_MCH__13                                           | 2749	 (19248, 52)             | 31.50     (-0.19)
	Mean_corpuscular_volume__MCV__11                                           | 2749	 (19248, 52)             | 95.40     (-0.14)
	Monocyte_count_23                                                          | 2749	 (19248, 52)             | 0.40      (-0.48)
	Neutrophil_count_19                                                        | 2749	 (19248, 52)             | 3.30      (-0.43)
	Platelet_count_12                                                          | 2749	 (19248, 52)             | 205.93    (-0.50)
	Red_blood_cell__RBC__count_10                                              | 2749	 (19248, 52)             | 4.47      (-0.49)
	Red_blood_cell_distribution_width_17                                       | 2749	 (19248, 52)             | 13.70     (-0.46)
	Serum_TSH_level_71                                                         | 2749	 (19248, 52)             | 4.17      (-0.49)
	Serum_creatinine_31                                                        | 2749	 (19248, 52)             | 83.00     (-0.49)
	Serum_potassium_26                                                         | 2749	 (19248, 52)             | 4.20      (-0.09)
	Serum_sodium_24                                                            | 2749	 (19248, 52)             | 142.00    (-0.03)
	Serum_urea_level_29                                                        | 2749	 (19248, 52)             | 5.60      (0.04)
	Total_white_cell_count_18                                                  | 2749	 (19248, 52)             | 5.90      (-0.50)
	CalciumChannelBlck_D2T                                                     | 2749	 (19248, 52)             | nan       (nan)
	............................................................new week............................................................
	ARBs_Luyuan                                                                | 2750	 (19252, 52)             | nan       (nan)
	............................................................new week............................................................
	POP_reg_contraceptive                                                      | 2761	 (19330, 52)             | nan       (nan)
	all_contraceptive                                                          | 2761	 (19330, 52)             | nan       (nan)
	............................................................new week............................................................
	ARBs_Luyuan                                                                | 2766	 (19368, 53)             | nan       (nan)
	CalciumChannelBlck_D2T                                                     | 2766	 (19368, 53)             | nan       (nan)
	............................................................new week............................................................
	Never_smoked_tobacco_85                                                    | 2767	 (19371, 53)             | nan       (nan)
	Eosinophil_count_21                                                        | 2767	 (19374, 53)             | 0.20      (-0.46)
	GFR_calculated_abbreviated_MDRD_34                                         | 2767	 (19374, 53)             | 74.00     (-0.25)
	Haematocrit_15                                                             | 2767	 (19374, 53)             | 0.44      (-0.06)
	Haemoglobin_estimation_9                                                   | 2767	 (19374, 53)             | 149.00    (-0.02)
	Lymphocyte_count_20                                                        | 2767	 (19374, 53)             | 2.00      (-0.49)
	Mean_corpusc_Hb_conc__MCHC__14                                             | 2767	 (19374, 53)             | 335.00    (0.16)
	Mean_corpusc_haemoglobin_MCH__13                                           | 2767	 (19374, 53)             | 31.80     (-0.19)
	Mean_corpuscular_volume__MCV__11                                           | 2767	 (19374, 53)             | 95.00     (-0.15)
	Monocyte_count_23                                                          | 2767	 (19374, 53)             | 0.60      (-0.47)
	Neutrophil_count_19                                                        | 2767	 (19374, 53)             | 4.50      (-0.41)
	Platelet_count_12                                                          | 2767	 (19374, 53)             | 222.03    (-0.50)
	Red_blood_cell__RBC__count_10                                              | 2767	 (19374, 53)             | 4.68      (-0.49)
	Red_blood_cell_distribution_width_17                                       | 2767	 (19374, 53)             | 13.70     (-0.46)
	Serum_creatinine_31                                                        | 2767	 (19374, 53)             | 79.00     (-0.49)
	Serum_potassium_26                                                         | 2767	 (19374, 53)             | 4.10      (-0.10)
	Serum_sodium_24                                                            | 2767	 (19374, 53)             | 144.00    (-0.01)
	Serum_urea_level_29                                                        | 2767	 (19374, 53)             | 4.30      (-0.09)
	Total_white_cell_count_18                                                  | 2767	 (19374, 53)             | 7.40      (-0.50)
	............................................................new week............................................................
	Body_mass_index_3                                                          | 2774	 (19422, 53)             | 32.43     (-0.28)
	Diastolic_blood_pressure_5                                                 | 2774	 (19422, 53)             | 66.00     (-0.38)
	O_E___height_1                                                             | 2774	 (19422, 53)             | 154.40    (0.03)
	O_E___weight_2                                                             | 2774	 (19422, 53)             | 77.30     (-0.38)
	Systolic_blood_pressure_4                                                  | 2774	 (19422, 53)             | 137.00    (-0.21)
	POP_reg_contraceptive                                                      | 2774	 (19424, 53)             | nan       (nan)
	all_contraceptive                                                          | 2774	 (19424, 53)             | nan       (nan)
	............................................................new week............................................................
	POP_reg_contraceptive                                                      | 2786	 (19508, 53)             | nan       (nan)
	all_contraceptive                                                          | 2786	 (19508, 53)             | nan       (nan)
	............................................................new week............................................................
	ARBs_Luyuan                                                                | 2787	 (19511, 53)             | nan       (nan)
	CalciumChannelBlck_D2T                                                     | 2787	 (19511, 53)             | nan       (nan)
	............................................................new week............................................................
	Body_mass_index_3                                                          | 2800	 (19604, 53)             | 31.29     (-0.29)
	Diastolic_blood_pressure_5                                                 | 2800	 (19604, 53)             | 79.00     (-0.34)
	O_E___weight_2                                                             | 2800	 (19604, 53)             | 74.60     (-0.39)
	Systolic_blood_pressure_4                                                  | 2800	 (19604, 53)             | 132.00    (-0.22)
	............................................................new week............................................................
	POP_reg_contraceptive                                                      | 2801	 (19609, 53)             | nan       (nan)
	all_contraceptive                                                          | 2801	 (19609, 53)             | nan       (nan)
	............................................................new week............................................................
	Anticonvulsants_OPTIMAL                                                    | 2805	 (19637, 53)             | nan       (nan)
	Gabapentin_Oral_OPTIMAL                                                    | 2805	 (19637, 53)             | nan       (nan)
	............................................................new week............................................................
	Basophil_count_22                                                          | 2806	 (19645, 53)             | 0.00      (-0.49)
	Calculated_LDL_cholesterol_level_103                                       | 2806	 (19645, 53)             | 1.80      (-0.44)
	Eosinophil_count_21                                                        | 2806	 (19645, 53)             | 0.20      (-0.46)
	GFR_calculated_abbreviated_MDRD_34                                         | 2806	 (19645, 53)             | 82.00     (-0.23)
	Haematocrit_15                                                             | 2806	 (19645, 53)             | 0.44      (-0.06)
	Haemoglobin_estimation_9                                                   | 2806	 (19645, 53)             | 143.00    (-0.04)
	Lymphocyte_count_20                                                        | 2806	 (19645, 53)             | 2.70      (-0.49)
	Mean_corpusc_Hb_conc__MCHC__14                                             | 2806	 (19645, 53)             | 326.00    (0.14)
	Mean_corpusc_haemoglobin_MCH__13                                           | 2806	 (19645, 53)             | 31.20     (-0.19)
	Mean_corpuscular_volume__MCV__11                                           | 2806	 (19645, 53)             | 95.60     (-0.14)
	Monocyte_count_23                                                          | 2806	 (19645, 53)             | 0.50      (-0.47)
	Neutrophil_count_19                                                        | 2806	 (19645, 53)             | 3.60      (-0.43)
	Platelet_count_12                                                          | 2806	 (19645, 53)             | 235.14    (-0.50)
	Red_blood_cell__RBC__count_10                                              | 2806	 (19645, 53)             | 4.58      (-0.49)
	Red_blood_cell_distribution_width_17                                       | 2806	 (19645, 53)             | 14.10     (-0.46)
	Serum_HDL_cholesterol_level_100                                            | 2806	 (19645, 53)             | 1.24      (-0.18)
	Serum_TSH_level_71                                                         | 2806	 (19645, 53)             | 6.62      (-0.48)
	Serum_alanine_aminotransferase_level_45                                    | 2806	 (19645, 53)             | 12.00     (-0.50)
	Serum_albumin_51                                                           | 2806	 (19645, 53)             | 40.00     (-0.29)
	Serum_alkaline_phosphatase_50                                              | 2806	 (19645, 53)             | 91.00     (-0.50)
	Serum_bilirubin_level_53                                                   | 2806	 (19645, 53)             | 5.00      (-0.49)
	Serum_cholesterol_97                                                       | 2806	 (19645, 53)             | 3.50      (-0.46)
	Serum_cholesterol_HDL_ratio_94                                             | 2806	 (19645, 53)             | 2.80      (-0.49)
	Serum_creatinine_31                                                        | 2806	 (19645, 53)             | 72.00     (-0.49)
	Serum_non_high_density_lipoprotein_cholesterol_level_107                   | 2806	 (19645, 53)             | 2.30      (0.09)
	Serum_potassium_26                                                         | 2806	 (19645, 53)             | 4.50      (-0.06)
	Serum_sodium_24                                                            | 2806	 (19645, 53)             | 143.00    (-0.02)
	Serum_triglycerides_105                                                    | 2806	 (19645, 53)             | 1.03      (-0.49)
	Serum_urea_level_29                                                        | 2806	 (19645, 53)             | 5.90      (0.07)
	Total_white_cell_count_18                                                  | 2806	 (19645, 53)             | 7.00      (-0.50)
	............................................................new week............................................................
	Body_mass_index_3                                                          | 2814	 (19703, 53)             | 29.78     (-0.30)
	Diastolic_blood_pressure_5                                                 | 2814	 (19703, 53)             | 84.00     (-0.33)
	O_E___height_1                                                             | 2814	 (19703, 53)             | 157.00    (0.04)
	O_E___weight_2                                                             | 2814	 (19703, 53)             | 73.40     (-0.39)
	Systolic_blood_pressure_4                                                  | 2814	 (19703, 53)             | 167.00    (-0.13)
	POP_reg_contraceptive                                                      | 2814	 (19703, 53)             | nan       (nan)
	all_contraceptive                                                          | 2814	 (19703, 53)             | nan       (nan)
	............................................................new week............................................................
	Body_mass_index_3                                                          | 2837	 (19863, 54)             | 28.80     (-0.31)
	Calculated_LDL_cholesterol_level_103                                       | 2837	 (19863, 54)             | 1.60      (-0.45)
	Diastolic_blood_pressure_5                                                 | 2837	 (19863, 54)             | 87.00     (-0.32)
	GFR_calculated_abbreviated_MDRD_34                                         | 2837	 (19863, 54)             | 76.00     (-0.25)
	O_E___height_1                                                             | 2837	 (19863, 54)             | 157.00    (0.04)
	O_E___weight_2                                                             | 2837	 (19863, 54)             | 71.00     (-0.39)
	Serum_HDL_cholesterol_level_100                                            | 2837	 (19863, 54)             | 1.47      (-0.12)
	Serum_TSH_level_71                                                         | 2837	 (19863, 54)             | 4.10      (-0.49)
	Serum_albumin_51                                                           | 2837	 (19863, 54)             | 37.00     (-0.30)
	Serum_alkaline_phosphatase_50                                              | 2837	 (19863, 54)             | 91.00     (-0.50)
	Serum_calcium_39                                                           | 2837	 (19863, 54)             | 2.38      (-0.27)
	Serum_cholesterol_97                                                       | 2837	 (19863, 54)             | 3.50      (-0.46)
	Serum_cholesterol_HDL_ratio_94                                             | 2837	 (19863, 54)             | 2.40      (-0.49)
	Serum_creatinine_31                                                        | 2837	 (19863, 54)             | 77.00     (-0.49)
	Serum_non_high_density_lipoprotein_cholesterol_level_107                   | 2837	 (19863, 54)             | 2.00      (0.01)
	Serum_potassium_26                                                         | 2837	 (19863, 54)             | 4.30      (-0.08)
	Serum_sodium_24                                                            | 2837	 (19863, 54)             | 142.00    (-0.03)
	Serum_triglycerides_105                                                    | 2837	 (19863, 54)             | 0.94      (-0.49)
	Serum_urea_level_29                                                        | 2837	 (19863, 54)             | 5.60      (0.04)
	Systolic_blood_pressure_4                                                  | 2837	 (19863, 54)             | 115.00    (-0.27)
	Urine_albumin_creatinine_ratio_35                                          | 2837	 (19863, 54)             | nan       (nan)
	............................................................new week............................................................
	CalciumChannelBlck_D2T                                                     | 2838	 (19871, 54)             | nan       (nan)
	............................................................new week............................................................
	Basophil_count_22                                                          | 2842	 (19899, 54)             | 0.00      (-0.49)
	Eosinophil_count_21                                                        | 2842	 (19899, 54)             | 0.20      (-0.46)
	Haematocrit_15                                                             | 2842	 (19899, 54)             | 0.45      (-0.05)
	Haemoglobin_estimation_9                                                   | 2842	 (19899, 54)             | 148.00    (-0.02)
	Lymphocyte_count_20                                                        | 2842	 (19899, 54)             | 2.20      (-0.49)
	Mean_corpusc_Hb_conc__MCHC__14                                             | 2842	 (19899, 54)             | 331.00    (0.16)
	Mean_corpusc_haemoglobin_MCH__13                                           | 2842	 (19899, 54)             | 30.50     (-0.20)
	Mean_corpuscular_volume__MCV__11                                           | 2842	 (19899, 54)             | 92.20     (-0.16)
	Monocyte_count_23                                                          | 2842	 (19899, 54)             | 0.50      (-0.47)
	Neutrophil_count_19                                                        | 2842	 (19899, 54)             | 3.00      (-0.44)
	Platelet_count_12                                                          | 2842	 (19899, 54)             | 194.01    (-0.50)
	Red_blood_cell__RBC__count_10                                              | 2842	 (19899, 54)             | 4.85      (-0.49)
	Red_blood_cell_distribution_width_17                                       | 2842	 (19899, 54)             | 14.00     (-0.46)
	Total_white_cell_count_18                                                  | 2842	 (19899, 54)             | 5.90      (-0.50)

========================================================================================================================
DIAGNOSIS SUMMARY
[]
========================================================================================================================


PREDICTED FUTURE EVENTS
========================================================================================================================
	EVENT                                                                     | AGE IN WEEKS (days, years)  | VALUE
	............................................................new week............................................................
	ARBs_Luyuan                                                                | 2846	 (19924, 54)             | nan       (nan)
	CalciumChannelBlck_D2T                                                     | 2846	 (19924, 54)             | nan       (nan)
	............................................................new week............................................................
	ARBs_Luyuan                                                                | 2849	 (19948, 54)             | nan       (nan)
	............................................................new week............................................................
	CalciumChannelBlck_D2T                                                     | 2850	 (19950, 54)             | nan       (nan)
	............................................................new week............................................................
	NSAIDS_oral_OPTIMAL_final                                                  | 2854	 (19983, 54)             | nan       (nan)
	............................................................new week............................................................
	Basophil_count_22                                                          | 2862	 (20034, 54)             | -0.04     (-0.49)
	Eosinophil_count_21                                                        | 2862	 (20034, 54)             | 0.05      (-0.48)
	GFR_calculated_abbreviated_MDRD_34                                         | 2862	 (20036, 54)             | 67.75     (-0.27)
	Serum_creatinine_31                                                        | 2862	 (20037, 54)             | 72.91     (-0.49)
	Serum_ferritin_63                                                          | 2862	 (20037, 54)             | -97.06    (-0.50)
	Serum_potassium_26                                                         | 2862	 (20037, 54)             | 3.95      (-0.11)
	Serum_sodium_24                                                            | 2862	 (20037, 54)             | 140.48    (-0.04)
	............................................................new week............................................................
	Serum_urea_level_29                                                        | 2863	 (20041, 54)             | 4.25      (-0.09)
	Anticonvulsants_OPTIMAL                                                    | 2863	 (20046, 54)             | nan       (nan)
	............................................................new week............................................................
	Gabapentin_Oral_OPTIMAL                                                    | 2864	 (20048, 54)             | nan       (nan)
	CalciumChannelBlck_D2T                                                     | 2864	 (20050, 54)             | nan       (nan)
	............................................................new week............................................................
	Ex_smoker_84                                                               | 2868	 (20078, 55)             | -88.25    (-1.60)
	............................................................new week............................................................
	GFR_calculated_abbreviated_MDRD_34                                         | 2873	 (20114, 55)             | 80.93     (-0.23)
	Serum_creatinine_31                                                        | 2873	 (20114, 55)             | 66.38     (-0.49)
	Serum_potassium_26                                                         | 2873	 (20114, 55)             | 3.94      (-0.11)
	Serum_sodium_24                                                            | 2873	 (20114, 55)             | 143.18    (-0.02)
	Serum_urea_level_29                                                        | 2873	 (20114, 55)             | 5.95      (0.08)
	............................................................new week............................................................
	Diastolic_blood_pressure_5                                                 | 2876	 (20132, 55)             | 70.36     (-0.37)
	Systolic_blood_pressure_4                                                  | 2876	 (20132, 55)             | 118.59    (-0.26)
	............................................................new week............................................................
	NSAIDS_oral_OPTIMAL_final                                                  | 2877	 (20141, 55)             | nan       (nan)
	NSAIDS_oral_OPTIMAL_final                                                  | 2877	 (20143, 55)             | nan       (nan)
	Weak_Opioids_Final                                                         | 2877	 (20143, 55)             | nan       (nan)
	............................................................new week............................................................
	CalciumChannelBlck_D2T                                                     | 2879	 (20154, 55)             | nan       (nan)
	............................................................new week............................................................
	Basophil_count_22                                                          | 2882	 (20176, 55)             | 0.09      (-0.48)
	Calculated_LDL_cholesterol_level_103                                       | 2882	 (20176, 55)             | 1.58      (-0.45)
	Eosinophil_count_21                                                        | 2882	 (20178, 55)             | 0.09      (-0.47)
	Haematocrit_15                                                             | 2882	 (20178, 55)             | 0.44      (-0.06)
	Haemoglobin_A1c_level___IFCC_standardised_6                                | 2882	 (20178, 55)             | 43.75     (-0.34)
	Haemoglobin_A1c_level___IFCC_standardised_6                                | 2882	 (20178, 55)             | 38.51     (-0.36)
	Haemoglobin_estimation_9                                                   | 2882	 (20178, 55)             | 143.13    (-0.04)
	............................................................new week............................................................
	Lymphocyte_count_20                                                        | 2883	 (20182, 55)             | 2.66      (-0.49)
	Mean_corpusc_Hb_conc__MCHC__14                                             | 2883	 (20182, 55)             | 325.59    (0.14)
	Mean_corpusc_haemoglobin_MCH__13                                           | 2883	 (20182, 55)             | 30.18     (-0.21)
	Mean_corpuscular_volume__MCV__11                                           | 2883	 (20182, 55)             | 92.82     (-0.15)
	Monocyte_count_23                                                          | 2883	 (20183, 55)             | 0.52      (-0.47)
	Neutrophil_count_19                                                        | 2883	 (20183, 55)             | 4.22      (-0.42)
	Platelet_count_12                                                          | 2883	 (20185, 55)             | 682.18    (-0.50)
	Red_blood_cell__RBC__count_10                                              | 2883	 (20185, 55)             | 4.77      (-0.49)
	Serum_HDL_cholesterol_level_100                                            | 2883	 (20185, 55)             | 1.42      (-0.14)
	Serum_alanine_aminotransferase_level_45                                    | 2883	 (20187, 55)             | 22.60     (-0.50)
	Serum_albumin_51                                                           | 2883	 (20187, 55)             | 36.62     (-0.31)
	............................................................new week............................................................
	Serum_alkaline_phosphatase_50                                              | 2884	 (20191, 55)             | 115.80    (-0.49)
	Serum_cholesterol_97                                                       | 2884	 (20193, 55)             | 2.79      (-0.48)
	Systolic_blood_pressure_4                                                  | 2884	 (20193, 55)             | 131.37    (-0.23)
	............................................................new week............................................................
	CalciumChannelBlck_D2T                                                     | 2887	 (20213, 55)             | nan       (nan)
