STATIC INFORMATION
========================================================================================================================
	SEX:               M
	IMD:               5.0
	ETHNICITY:         BLACK
	birth_year:        1976.0


GIVEN PATIENT CONTEXT
========================================================================================================================
	EVENT                                                                     | AGE IN WEEKS (days, years)   | VALUE
	............................................................new week............................................................
	Systolic_blood_pressure_4                                                  | 1856	 (12992, 35)             | 162.00    (-0.14)
	............................................................new week............................................................
	Diastolic_blood_pressure_5                                                 | 1866	 (13063, 35)             | 112.00    (-0.26)
	Never_smoked_tobacco_85                                                    | 1866	 (13063, 35)             | nan       (nan)
	Systolic_blood_pressure_4                                                  | 1866	 (13063, 35)             | 156.00    (-0.16)
	First_gen_H1_antihistamines                                                | 1866	 (13063, 35)             | nan       (nan)
	Weak_Opioids_Final                                                         | 1866	 (13063, 35)             | nan       (nan)
	............................................................new week............................................................
	Body_mass_index_3                                                          | 1868	 (13076, 35)             | 31.80     (-0.29)
	Diastolic_blood_pressure_5                                                 | 1868	 (13076, 35)             | 104.00    (-0.28)
	Diastolic_blood_pressure_5                                                 | 1868	 (13076, 35)             | 106.00    (-0.27)
	O_E___weight_2                                                             | 1868	 (13076, 35)             | 96.50     (-0.35)
	Systolic_blood_pressure_4                                                  | 1868	 (13076, 35)             | 153.00    (-0.17)
	Systolic_blood_pressure_4                                                  | 1868	 (13076, 35)             | 154.00    (-0.16)
	............................................................new week............................................................
	Diastolic_blood_pressure_5                                                 | 1871	 (13097, 35)             | 104.00    (-0.28)
	Diastolic_blood_pressure_5                                                 | 1871	 (13097, 35)             | 108.00    (-0.27)
	Diastolic_blood_pressure_5                                                 | 1871	 (13097, 35)             | 109.00    (-0.27)
	Systolic_blood_pressure_4                                                  | 1871	 (13097, 35)             | 157.00    (-0.16)
	Systolic_blood_pressure_4                                                  | 1871	 (13097, 35)             | 159.00    (-0.15)
	Systolic_blood_pressure_4                                                  | 1871	 (13097, 35)             | 174.00    (-0.11)
	CalciumChannelBlck_D2T                                                     | 1871	 (13097, 35)             | nan       (nan)
	Basophil_count_22                                                          | 1871	 (13098, 35)             | 0.10      (-0.48)
	Corrected_serum_calcium_level_42                                           | 1871	 (13098, 35)             | 2.33      (-0.27)
	Eosinophil_count_21                                                        | 1871	 (13098, 35)             | 0.20      (-0.46)
	GFR_calculated_abbreviated_MDRD_34                                         | 1871	 (13098, 35)             | 60.00     (-0.30)
	Haematocrit_15                                                             | 1871	 (13098, 35)             | 0.43      (-0.07)
	Haemoglobin_estimation_9                                                   | 1871	 (13098, 35)             | 14.60     (-0.48)
	Lymphocyte_count_20                                                        | 1871	 (13098, 35)             | 3.80      (-0.48)
	Mean_corpusc_Hb_conc__MCHC__14                                             | 1871	 (13098, 35)             | 33.80     (-0.45)
	Mean_corpusc_haemoglobin_MCH__13                                           | 1871	 (13098, 35)             | 27.20     (-0.24)
	Mean_corpuscular_volume__MCV__11                                           | 1871	 (13098, 35)             | 80.50     (-0.21)
	Monocyte_count_23                                                          | 1871	 (13098, 35)             | 0.70      (-0.46)
	Neutrophil_count_19                                                        | 1871	 (13098, 35)             | 2.70      (-0.45)
	Plasma_alanine_aminotransferase_level_44                                   | 1871	 (13098, 35)             | 32.00     (-0.50)
	Platelet_count_12                                                          | 1871	 (13098, 35)             | 194.01    (-0.50)
	Red_blood_cell__RBC__count_10                                              | 1871	 (13098, 35)             | 5.37      (-0.49)
	Serum_HDL_cholesterol_level_100                                            | 1871	 (13098, 35)             | 0.92      (-0.26)
	Serum_LDL_cholesterol_level_102                                            | 1871	 (13098, 35)             | 2.20      (-0.43)
	Serum_TSH_level_71                                                         | 1871	 (13098, 35)             | 3.20      (-0.49)
	Serum_albumin_51                                                           | 1871	 (13098, 35)             | 46.00     (-0.25)
	Serum_alkaline_phosphatase_50                                              | 1871	 (13098, 35)             | 85.00     (-0.50)
	Serum_calcium_39                                                           | 1871	 (13098, 35)             | 2.35      (-0.27)
	Serum_cholesterol_97                                                       | 1871	 (13098, 35)             | 3.60      (-0.46)
	Serum_creatinine_31                                                        | 1871	 (13098, 35)             | 108.00    (-0.49)
	Serum_potassium_26                                                         | 1871	 (13098, 35)             | 5.10      (0.01)
	Serum_sodium_24                                                            | 1871	 (13098, 35)             | 144.00    (-0.01)
	Serum_total_bilirubin_level_56                                             | 1871	 (13098, 35)             | 6.00      (-0.49)
	Serum_triglycerides_105                                                    | 1871	 (13098, 35)             | 1.10      (-0.49)
	Serum_urea_level_29                                                        | 1871	 (13098, 35)             | 4.70      (-0.05)
	Total_cholesterol_HDL_ratio_95                                             | 1871	 (13098, 35)             | 3.90      (-0.49)
	Total_white_cell_count_18                                                  | 1871	 (13098, 35)             | 7.40      (-0.50)
	............................................................new week............................................................
	Diastolic_blood_pressure_5                                                 | 1877	 (13144, 36)             | 99.00     (-0.29)
	Systolic_blood_pressure_4                                                  | 1877	 (13144, 36)             | 145.00    (-0.19)
	Systolic_blood_pressure_4                                                  | 1877	 (13144, 36)             | 169.00    (-0.12)
	CalciumChannelBlck_D2T                                                     | 1877	 (13144, 36)             | nan       (nan)
	............................................................new week............................................................
	CalciumChannelBlck_D2T                                                     | 1888	 (13222, 36)             | nan       (nan)
	............................................................new week............................................................
	CalciumChannelBlck_D2T                                                     | 1899	 (13293, 36)             | nan       (nan)
	............................................................new week............................................................
	Diastolic_blood_pressure_5                                                 | 1910	 (13370, 36)             | 76.00     (-0.35)
	Systolic_blood_pressure_4                                                  | 1910	 (13370, 36)             | 169.00    (-0.12)
	CalciumChannelBlck_D2T                                                     | 1910	 (13371, 36)             | nan       (nan)
	............................................................new week............................................................
	CalciumChannelBlck_D2T                                                     | 1922	 (13455, 36)             | nan       (nan)
	Diastolic_blood_pressure_5                                                 | 1922	 (13459, 36)             | 101.00    (-0.29)
	Systolic_blood_pressure_4                                                  | 1922	 (13459, 36)             | 139.00    (-0.21)
	Systolic_blood_pressure_4                                                  | 1922	 (13459, 36)             | 147.00    (-0.18)
	............................................................new week............................................................
	CalciumChannelBlck_D2T                                                     | 1933	 (13535, 37)             | nan       (nan)
	............................................................new week............................................................
	CalciumChannelBlck_D2T                                                     | 1946	 (13627, 37)             | nan       (nan)
	............................................................new week............................................................
	CalciumChannelBlck_D2T                                                     | 1957	 (13699, 37)             | nan       (nan)
	............................................................new week............................................................
	CalciumChannelBlck_D2T                                                     | 1967	 (13773, 37)             | nan       (nan)
	............................................................new week............................................................
	CalciumChannelBlck_D2T                                                     | 1980	 (13861, 37)             | nan       (nan)
	............................................................new week............................................................
	Diastolic_blood_pressure_5                                                 | 1982	 (13874, 38)             | 98.00     (-0.29)
	Systolic_blood_pressure_4                                                  | 1982	 (13874, 38)             | 162.00    (-0.14)
	Paracetamol_OPTIMAL                                                        | 1982	 (13874, 38)             | nan       (nan)
	............................................................new week............................................................
	Diastolic_blood_pressure_5                                                 | 1986	 (13908, 38)             | 99.00     (-0.29)
	Systolic_blood_pressure_4                                                  | 1986	 (13908, 38)             | 161.00    (-0.15)
	............................................................new week............................................................
	Basophil_count_22                                                          | 1987	 (13909, 38)             | 0.00      (-0.49)
	Body_mass_index_3                                                          | 1987	 (13909, 38)             | 32.30     (-0.28)
	Diastolic_blood_pressure_5                                                 | 1987	 (13909, 38)             | 108.00    (-0.27)
	Eosinophil_count_21                                                        | 1987	 (13909, 38)             | 0.10      (-0.47)
	GFR_calculated_abbreviated_MDRD_34                                         | 1987	 (13909, 38)             | 60.00     (-0.30)
	Haematocrit_15                                                             | 1987	 (13909, 38)             | 0.45      (-0.05)
	Haemoglobin_estimation_9                                                   | 1987	 (13909, 38)             | 149.00    (-0.02)
	Lymphocyte_count_20                                                        | 1987	 (13909, 38)             | 3.30      (-0.48)
	Mean_corpusc_Hb_conc__MCHC__14                                             | 1987	 (13909, 38)             | 333.00    (0.16)
	Mean_corpusc_haemoglobin_MCH__13                                           | 1987	 (13909, 38)             | 26.30     (-0.24)
	Mean_corpuscular_volume__MCV__11                                           | 1987	 (13909, 38)             | 79.10     (-0.21)
	Monocyte_count_23                                                          | 1987	 (13909, 38)             | 0.70      (-0.46)
	Neutrophil_count_19                                                        | 1987	 (13909, 38)             | 2.10      (-0.46)
	Never_smoked_tobacco_85                                                    | 1987	 (13909, 38)             | nan       (nan)
	O_E___weight_2                                                             | 1987	 (13909, 38)             | 98.00     (-0.35)
	Platelet_count_12                                                          | 1987	 (13909, 38)             | 211.89    (-0.50)
	Red_blood_cell__RBC__count_10                                              | 1987	 (13909, 38)             | 5.68      (-0.49)
	Red_blood_cell_distribution_width_17                                       | 1987	 (13909, 38)             | 15.30     (-0.45)
	Serum_HDL_cholesterol_level_100                                            | 1987	 (13909, 38)             | 1.00      (-0.24)
	Serum_LDL_cholesterol_level_102                                            | 1987	 (13909, 38)             | 1.70      (-0.44)
	Serum_TSH_level_71                                                         | 1987	 (13909, 38)             | 1.72      (-0.49)
	Serum_alanine_aminotransferase_level_45                                    | 1987	 (13909, 38)             | 27.00     (-0.50)
	Serum_albumin_51                                                           | 1987	 (13909, 38)             | 48.00     (-0.24)
	Serum_alkaline_phosphatase_50                                              | 1987	 (13909, 38)             | 80.00     (-0.50)
	Serum_cholesterol_97                                                       | 1987	 (13909, 38)             | 3.00      (-0.47)
	Serum_creatinine_31                                                        | 1987	 (13909, 38)             | 98.00     (-0.49)
	Serum_potassium_26                                                         | 1987	 (13909, 38)             | 4.80      (-0.03)
	Serum_sodium_24                                                            | 1987	 (13909, 38)             | 140.00    (-0.05)
	Serum_total_bilirubin_level_56                                             | 1987	 (13909, 38)             | 8.00      (-0.49)
	Serum_triglycerides_105                                                    | 1987	 (13909, 38)             | 0.80      (-0.49)
	Serum_urea_level_29                                                        | 1987	 (13909, 38)             | 3.30      (-0.18)
	Systolic_blood_pressure_4                                                  | 1987	 (13909, 38)             | 140.00    (-0.20)
	Total_cholesterol_HDL_ratio_95                                             | 1987	 (13909, 38)             | 3.00      (-0.49)
	Total_white_cell_count_18                                                  | 1987	 (13909, 38)             | 6.40      (-0.50)
	CalciumChannelBlck_D2T                                                     | 1987	 (13909, 38)             | nan       (nan)
	............................................................new week............................................................
	CalciumChannelBlck_D2T                                                     | 1992	 (13950, 38)             | nan       (nan)
	............................................................new week............................................................
	CalciumChannelBlck_D2T                                                     | 2001	 (14011, 38)             | nan       (nan)
	............................................................new week............................................................
	Body_mass_index_3                                                          | 2008	 (14062, 38)             | 31.00     (-0.29)
	Diastolic_blood_pressure_5                                                 | 2008	 (14062, 38)             | 90.00     (-0.32)
	Never_smoked_tobacco_85                                                    | 2008	 (14062, 38)             | nan       (nan)
	O_E___weight_2                                                             | 2008	 (14062, 38)             | 94.00     (-0.36)
	Systolic_blood_pressure_4                                                  | 2008	 (14062, 38)             | 148.00    (-0.18)
	............................................................new week............................................................
	CalciumChannelBlck_D2T                                                     | 2010	 (14076, 38)             | nan       (nan)
	............................................................new week............................................................
	Diastolic_blood_pressure_5                                                 | 2018	 (14130, 38)             | 100.00    (-0.29)
	Diastolic_blood_pressure_5                                                 | 2018	 (14130, 38)             | 116.00    (-0.25)
	Systolic_blood_pressure_4                                                  | 2018	 (14130, 38)             | 142.00    (-0.20)
	Systolic_blood_pressure_4                                                  | 2018	 (14130, 38)             | 148.00    (-0.18)
	NSAIDS_oral_OPTIMAL_final                                                  | 2018	 (14130, 38)             | nan       (nan)
	............................................................new week............................................................
	Diastolic_blood_pressure_5                                                 | 2019	 (14138, 38)             | 95.00     (-0.30)
	Diastolic_blood_pressure_5                                                 | 2019	 (14138, 38)             | 100.00    (-0.29)
	Systolic_blood_pressure_4                                                  | 2019	 (14138, 38)             | 145.00    (-0.19)
	Systolic_blood_pressure_4                                                  | 2019	 (14138, 38)             | 146.00    (-0.19)
	CalciumChannelBlck_D2T                                                     | 2019	 (14138, 38)             | nan       (nan)
	............................................................new week............................................................
	CalciumChannelBlck_D2T                                                     | 2024	 (14173, 38)             | nan       (nan)
	............................................................new week............................................................
	CalciumChannelBlck_D2T                                                     | 2037	 (14260, 39)             | nan       (nan)
	............................................................new week............................................................
	CalciumChannelBlck_D2T                                                     | 2045	 (14321, 39)             | nan       (nan)
	............................................................new week............................................................
	CalciumChannelBlck_D2T                                                     | 2053	 (14372, 39)             | nan       (nan)
	............................................................new week............................................................
	CalciumChannelBlck_D2T                                                     | 2063	 (14441, 39)             | nan       (nan)
	............................................................new week............................................................
	CalciumChannelBlck_D2T                                                     | 2070	 (14490, 39)             | nan       (nan)
	............................................................new week............................................................
	CalciumChannelBlck_D2T                                                     | 2077	 (14545, 39)             | nan       (nan)
	............................................................new week............................................................
	Body_mass_index_3                                                          | 2082	 (14580, 39)             | 33.60     (-0.27)
	Never_smoked_tobacco_85                                                    | 2082	 (14580, 39)             | nan       (nan)
	O_E___weight_2                                                             | 2082	 (14580, 39)             | 102.00    (-0.34)
	CalciumChannelBlck_D2T                                                     | 2082	 (14580, 39)             | nan       (nan)
	............................................................new week............................................................
	Body_mass_index_3                                                          | 2086	 (14605, 40)             | 32.00     (-0.28)
	Body_mass_index_3                                                          | 2086	 (14605, 40)             | nan       (nan)
	Diastolic_blood_pressure_5                                                 | 2086	 (14605, 40)             | 101.00    (-0.29)
	Never_smoked_tobacco_85                                                    | 2086	 (14605, 40)             | nan       (nan)
	O_E___height_1                                                             | 2086	 (14605, 40)             | 176.00    (0.12)
	O_E___weight_2                                                             | 2086	 (14605, 40)             | 99.40     (-0.35)
	Systolic_blood_pressure_4                                                  | 2086	 (14605, 40)             | 148.00    (-0.18)
	............................................................new week............................................................
	CalciumChannelBlck_D2T                                                     | 2089	 (14628, 40)             | nan       (nan)
	............................................................new week............................................................
	CalciumChannelBlck_D2T                                                     | 2102	 (14717, 40)             | nan       (nan)
	............................................................new week............................................................
	CalciumChannelBlck_D2T                                                     | 2109	 (14769, 40)             | nan       (nan)
	............................................................new week............................................................
	CalciumChannelBlck_D2T                                                     | 2119	 (14837, 40)             | nan       (nan)
	............................................................new week............................................................
	CalciumChannelBlck_D2T                                                     | 2126	 (14886, 40)             | nan       (nan)
	............................................................new week............................................................
	CalciumChannelBlck_D2T                                                     | 2134	 (14943, 40)             | nan       (nan)
	............................................................new week............................................................
	Body_mass_index_3                                                          | 2141	 (14987, 41)             | 30.90     (-0.29)
	Diastolic_blood_pressure_5                                                 | 2141	 (14987, 41)             | 100.00    (-0.29)
	Never_smoked_tobacco_85                                                    | 2141	 (14987, 41)             | nan       (nan)
	O_E___weight_2                                                             | 2141	 (14987, 41)             | 96.00     (-0.35)
	Systolic_blood_pressure_4                                                  | 2141	 (14987, 41)             | 136.00    (-0.21)
	............................................................new week............................................................
	CalciumChannelBlck_D2T                                                     | 2142	 (14998, 41)             | nan       (nan)
	............................................................new week............................................................
	CalciumChannelBlck_D2T                                                     | 2146	 (15023, 41)             | nan       (nan)
	............................................................new week............................................................
	CalciumChannelBlck_D2T                                                     | 2159	 (15114, 41)             | nan       (nan)
	............................................................new week............................................................
	CalciumChannelBlck_D2T                                                     | 2167	 (15173, 41)             | nan       (nan)
	............................................................new week............................................................
	CalciumChannelBlck_D2T                                                     | 2175	 (15226, 41)             | nan       (nan)
	............................................................new week............................................................
	Urine_albumin_creatinine_ratio_35                                          | 2176	 (15233, 41)             | 0.40      (-0.49)
	............................................................new week............................................................
	CalciumChannelBlck_D2T                                                     | 2183	 (15281, 41)             | nan       (nan)
	............................................................new week............................................................
	CalciumChannelBlck_D2T                                                     | 2192	 (15348, 42)             | nan       (nan)
	............................................................new week............................................................
	Diastolic_blood_pressure_5                                                 | 2193	 (15351, 42)             | 83.00     (-0.33)
	Never_smoked_tobacco_85                                                    | 2193	 (15351, 42)             | nan       (nan)
	Systolic_blood_pressure_4                                                  | 2193	 (15351, 42)             | 135.00    (-0.22)
	............................................................new week............................................................
	CalciumChannelBlck_D2T                                                     | 2201	 (15411, 42)             | nan       (nan)
	............................................................new week............................................................
	CalciumChannelBlck_D2T                                                     | 2209	 (15466, 42)             | nan       (nan)
	............................................................new week............................................................
	Calculated_LDL_cholesterol_level_103                                       | 2211	 (15477, 42)             | 1.70      (-0.44)
	Diastolic_blood_pressure_5                                                 | 2211	 (15477, 42)             | 80.00     (-0.34)
	Eosinophil_count_21                                                        | 2211	 (15477, 42)             | 0.20      (-0.46)
	GFR_calculated_abbreviated_MDRD_34                                         | 2211	 (15477, 42)             | 60.00     (-0.30)
	Haematocrit_15                                                             | 2211	 (15477, 42)             | 0.48      (-0.02)
	Haemoglobin_A1c_level___IFCC_standardised_6                                | 2211	 (15477, 42)             | 35.00     (-0.38)
	Haemoglobin_estimation_9                                                   | 2211	 (15477, 42)             | 156.00    (0.00)
	Lymphocyte_count_20                                                        | 2211	 (15477, 42)             | 2.90      (-0.49)
	Mean_corpusc_Hb_conc__MCHC__14                                             | 2211	 (15477, 42)             | 325.00    (0.14)
	Mean_corpusc_haemoglobin_MCH__13                                           | 2211	 (15477, 42)             | 26.80     (-0.24)
	Mean_corpuscular_volume__MCV__11                                           | 2211	 (15477, 42)             | 82.40     (-0.20)
	Monocyte_count_23                                                          | 2211	 (15477, 42)             | 0.30      (-0.48)
	Neutrophil_count_19                                                        | 2211	 (15477, 42)             | 3.50      (-0.43)
	O_E___height_1                                                             | 2211	 (15477, 42)             | 177.00    (0.12)
	O_E___weight_2                                                             | 2211	 (15477, 42)             | 98.40     (-0.35)
	Platelet_count_12                                                          | 2211	 (15477, 42)             | 242.89    (-0.50)
	Red_blood_cell__RBC__count_10                                              | 2211	 (15477, 42)             | 5.82      (-0.49)
	Red_blood_cell_distribution_width_17                                       | 2211	 (15477, 42)             | 15.60     (-0.44)
	Serum_HDL_cholesterol_level_100                                            | 2211	 (15477, 42)             | 0.90      (-0.27)
	Serum_TSH_level_71                                                         | 2211	 (15477, 42)             | 2.43      (-0.49)
	Serum_alanine_aminotransferase_level_45                                    | 2211	 (15477, 42)             | 35.00     (-0.50)
	Serum_albumin_51                                                           | 2211	 (15477, 42)             | 44.00     (-0.26)
	Serum_alkaline_phosphatase_50                                              | 2211	 (15477, 42)             | 108.00    (-0.49)
	Serum_bilirubin_level_53                                                   | 2211	 (15477, 42)             | 5.00      (-0.49)
	Serum_calcium_39                                                           | 2211	 (15477, 42)             | 2.50      (-0.26)
	Serum_cholesterol_97                                                       | 2211	 (15477, 42)             | 3.40      (-0.47)
	Serum_creatinine_31                                                        | 2211	 (15477, 42)             | 94.00     (-0.49)
	Serum_potassium_26                                                         | 2211	 (15477, 42)             | 4.80      (-0.03)
	Serum_sodium_24                                                            | 2211	 (15477, 42)             | 144.00    (-0.01)
	Serum_triglycerides_105                                                    | 2211	 (15477, 42)             | 1.86      (-0.48)
	Serum_urea_level_29                                                        | 2211	 (15477, 42)             | 3.70      (-0.14)
	Systolic_blood_pressure_4                                                  | 2211	 (15477, 42)             | 137.00    (-0.21)
	Total_white_cell_count_18                                                  | 2211	 (15477, 42)             | 6.90      (-0.50)
	............................................................new week............................................................
	CalciumChannelBlck_D2T                                                     | 2215	 (15505, 42)             | nan       (nan)
	............................................................new week............................................................
	CalciumChannelBlck_D2T                                                     | 2219	 (15534, 42)             | nan       (nan)
	............................................................new week............................................................
	CalciumChannelBlck_D2T                                                     | 2222	 (15558, 42)             | nan       (nan)
	............................................................new week............................................................
	CalciumChannelBlck_D2T                                                     | 2225	 (15580, 42)             | nan       (nan)
	............................................................new week............................................................
	CalciumChannelBlck_D2T                                                     | 2229	 (15608, 42)             | nan       (nan)
	............................................................new week............................................................
	CalciumChannelBlck_D2T                                                     | 2233	 (15637, 42)             | nan       (nan)
	............................................................new week............................................................
	CalciumChannelBlck_D2T                                                     | 2237	 (15665, 42)             | nan       (nan)
	............................................................new week............................................................
	CalciumChannelBlck_D2T                                                     | 2241	 (15692, 42)             | nan       (nan)
	............................................................new week............................................................
	CalciumChannelBlck_D2T                                                     | 2244	 (15712, 43)             | nan       (nan)
	............................................................new week............................................................
	CalciumChannelBlck_D2T                                                     | 2245	 (15719, 43)             | nan       (nan)
	............................................................new week............................................................
	CalciumChannelBlck_D2T                                                     | 2249	 (15743, 43)             | nan       (nan)
	............................................................new week............................................................
	Diastolic_blood_pressure_5                                                 | 2250	 (15750, 43)             | 82.00     (-0.34)
	O_E___height_1                                                             | 2250	 (15750, 43)             | 175.00    (0.12)
	O_E___weight_2                                                             | 2250	 (15750, 43)             | 96.40     (-0.35)
	Systolic_blood_pressure_4                                                  | 2250	 (15750, 43)             | 133.00    (-0.22)
	............................................................new week............................................................
	CalciumChannelBlck_D2T                                                     | 2260	 (15825, 43)             | nan       (nan)
	............................................................new week............................................................
	CalciumChannelBlck_D2T                                                     | 2264	 (15852, 43)             | nan       (nan)
	............................................................new week............................................................
	CalciumChannelBlck_D2T                                                     | 2268	 (15880, 43)             | nan       (nan)
	............................................................new week............................................................
	CalciumChannelBlck_D2T                                                     | 2272	 (15907, 43)             | nan       (nan)
	............................................................new week............................................................
	Diastolic_blood_pressure_5                                                 | 2273	 (15916, 43)             | 79.00     (-0.34)
	Systolic_blood_pressure_4                                                  | 2273	 (15916, 43)             | 128.00    (-0.24)
	............................................................new week............................................................
	CalciumChannelBlck_D2T                                                     | 2274	 (15918, 43)             | nan       (nan)
	Calculated_LDL_cholesterol_level_103                                       | 2274	 (15923, 43)             | 2.20      (-0.43)
	Eosinophil_count_21                                                        | 2274	 (15923, 43)             | 0.10      (-0.47)
	GFR_calculated_abbreviated_MDRD_34                                         | 2274	 (15923, 43)             | 84.00     (-0.22)
	Haematocrit_15                                                             | 2274	 (15923, 43)             | 0.48      (-0.02)
	Haemoglobin_estimation_9                                                   | 2274	 (15923, 43)             | 160.00    (0.02)
	Lymphocyte_count_20                                                        | 2274	 (15923, 43)             | 3.00      (-0.49)
	Mean_corpusc_Hb_conc__MCHC__14                                             | 2274	 (15923, 43)             | 337.00    (0.17)
	Mean_corpusc_haemoglobin_MCH__13                                           | 2274	 (15923, 43)             | 27.00     (-0.24)
	Mean_corpuscular_volume__MCV__11                                           | 2274	 (15923, 43)             | 80.10     (-0.21)
	Monocyte_count_23                                                          | 2274	 (15923, 43)             | 0.50      (-0.47)
	Neutrophil_count_19                                                        | 2274	 (15923, 43)             | 2.30      (-0.45)
	Platelet_count_12                                                          | 2274	 (15923, 43)             | 228.88    (-0.50)
	Red_blood_cell__RBC__count_10                                              | 2274	 (15923, 43)             | 5.94      (-0.49)
	Red_blood_cell_distribution_width_17                                       | 2274	 (15923, 43)             | 15.50     (-0.44)
	Serum_HDL_cholesterol_level_100                                            | 2274	 (15923, 43)             | 1.07      (-0.23)
	Serum_TSH_level_71                                                         | 2274	 (15923, 43)             | 2.28      (-0.49)
	Serum_alanine_aminotransferase_level_45                                    | 2274	 (15923, 43)             | 41.00     (-0.50)
	Serum_albumin_51                                                           | 2274	 (15923, 43)             | 42.00     (-0.28)
	Serum_alkaline_phosphatase_50                                              | 2274	 (15923, 43)             | 102.00    (-0.49)
	Serum_bilirubin_level_53                                                   | 2274	 (15923, 43)             | 8.00      (-0.49)
	Serum_calcium_39                                                           | 2274	 (15923, 43)             | 2.43      (-0.26)
	Serum_cholesterol_97                                                       | 2274	 (15923, 43)             | 3.70      (-0.46)
	Serum_cholesterol_HDL_ratio_94                                             | 2274	 (15923, 43)             | 3.50      (-0.49)
	Serum_creatinine_31                                                        | 2274	 (15923, 43)             | 95.00     (-0.49)
	Serum_non_high_density_lipoprotein_cholesterol_level_107                   | 2274	 (15923, 43)             | 2.70      (0.19)
	Serum_potassium_26                                                         | 2274	 (15923, 43)             | 5.10      (0.01)
	Serum_sodium_24                                                            | 2274	 (15923, 43)             | 143.00    (-0.02)
	Serum_triglycerides_105                                                    | 2274	 (15923, 43)             | 1.04      (-0.49)
	Serum_urea_level_29                                                        | 2274	 (15923, 43)             | 3.20      (-0.19)
	Total_white_cell_count_18                                                  | 2274	 (15923, 43)             | 5.90      (-0.50)
	Urine_albumin_creatinine_ratio_35                                          | 2274	 (15923, 43)             | 0.60      (-0.49)
	Urine_albumin_creatinine_ratio_35                                          | 2274	 (15923, 43)             | nan       (nan)
	............................................................new week............................................................
	CalciumChannelBlck_D2T                                                     | 2276	 (15936, 43)             | nan       (nan)
	............................................................new week............................................................
	CalciumChannelBlck_D2T                                                     | 2284	 (15993, 43)             | nan       (nan)

========================================================================================================================
DIAGNOSIS SUMMARY
[]
========================================================================================================================


PREDICTED FUTURE EVENTS
========================================================================================================================
	EVENT                                                                     | AGE IN WEEKS (days, years)  | VALUE
	............................................................new week............................................................
	CalciumChannelBlck_D2T                                                     | 2286	 (16005, 43)             | nan       (nan)
	............................................................new week............................................................
	CalciumChannelBlck_D2T                                                     | 2290	 (16035, 43)             | nan       (nan)
	............................................................new week............................................................
	CalciumChannelBlck_D2T                                                     | 2310	 (16170, 44)             | nan       (nan)
	............................................................new week............................................................
	CalciumChannelBlck_D2T                                                     | 2325	 (16281, 44)             | nan       (nan)
	............................................................new week............................................................
	CalciumChannelBlck_D2T                                                     | 2341	 (16391, 44)             | nan       (nan)
	............................................................new week............................................................
	CalciumChannelBlck_D2T                                                     | 2344	 (16409, 44)             | nan       (nan)
	............................................................new week............................................................
	Body_mass_index_3                                                          | 2349	 (16447, 45)             | 31.94     (-0.28)
	Body_mass_index_3                                                          | 2349	 (16449, 45)             | 33.95     (-0.27)
	Diastolic_blood_pressure_5                                                 | 2349	 (16449, 45)             | 92.06     (-0.31)
	Never_smoked_tobacco_85                                                    | 2349	 (16449, 45)             | 0.00      (-1.21)
	O_E___height_1                                                             | 2349	 (16449, 45)             | 174.69    (0.11)
	............................................................new week............................................................
	O_E___weight_2                                                             | 2350	 (16451, 45)             | 102.31    (-0.34)
	Diastolic_blood_pressure_5                                                 | 2350	 (16455, 45)             | 98.41     (-0.29)
	............................................................new week............................................................
	Systolic_blood_pressure_4                                                  | 2351	 (16457, 45)             | 164.21    (-0.14)
	............................................................new week............................................................
	CalciumChannelBlck_D2T                                                     | 2352	 (16469, 45)             | nan       (nan)
	Basophil_count_22                                                          | 2352	 (16469, 45)             | 0.04      (-0.49)
	Calculated_LDL_cholesterol_level_103                                       | 2352	 (16469, 45)             | 1.95      (-0.44)
	............................................................new week............................................................
	Eosinophil_count_21                                                        | 2353	 (16471, 45)             | 0.07      (-0.47)
	GFR_calculated_abbreviated_MDRD_34                                         | 2353	 (16471, 45)             | 75.81     (-0.25)
	Haematocrit_15                                                             | 2353	 (16473, 45)             | 0.49      (-0.01)
	Haemoglobin_A1c_level___IFCC_standardised_6                                | 2353	 (16473, 45)             | 37.22     (-0.37)
	Haemoglobin_estimation_9                                                   | 2353	 (16477, 45)             | 157.67    (0.01)
	............................................................new week............................................................
	PREVALENT_IBS_V2                                                           | 2359	 (16517, 45)             | nan       (nan)
	............................................................new week............................................................
	CalciumChannelBlck_D2T                                                     | 2367	 (16570, 45)             | nan       (nan)
	Basophil_count_22                                                          | 2367	 (16575, 45)             | -0.05     (-0.50)
	Calculated_LDL_cholesterol_level_103                                       | 2367	 (16575, 45)             | 2.57      (-0.41)
	Eosinophil_count_21                                                        | 2367	 (16575, 45)             | 0.10      (-0.47)
	Haematocrit_15                                                             | 2367	 (16575, 45)             | 0.47      (-0.03)
	............................................................new week............................................................
	Haemoglobin_A1c_level___IFCC_standardised_6                                | 2368	 (16577, 45)             | 31.25     (-0.39)
	Haemoglobin_estimation_9                                                   | 2368	 (16581, 45)             | 165.66    (0.04)
	Mean_corpusc_haemoglobin_MCH__13                                           | 2368	 (16581, 45)             | 26.93     (-0.24)
	Mean_corpuscular_volume__MCV__11                                           | 2368	 (16581, 45)             | 81.09     (-0.20)
	Monocyte_count_23                                                          | 2368	 (16581, 45)             | 0.31      (-0.48)
	Neutrophil_count_19                                                        | 2368	 (16581, 45)             | 3.37      (-0.43)
	............................................................new week............................................................
	Platelet_count_12                                                          | 2369	 (16583, 45)             | -1516.34  (-0.50)
	Red_blood_cell__RBC__count_10                                              | 2369	 (16583, 45)             | 5.97      (-0.49)
	Red_blood_cell_distribution_width_17                                       | 2369	 (16583, 45)             | 13.62     (-0.46)
	Serum_HDL_cholesterol_level_100                                            | 2369	 (16583, 45)             | 0.78      (-0.30)
	Serum_TSH_level_71                                                         | 2369	 (16583, 45)             | 1.45      (-0.49)
	Serum_cholesterol_97                                                       | 2369	 (16584, 45)             | 3.30      (-0.47)
	Serum_cholesterol_HDL_ratio_94                                             | 2369	 (16584, 45)             | 5.27      (-0.48)
	Serum_creatinine_31                                                        | 2369	 (16584, 45)             | 106.58    (-0.49)
	Serum_non_high_density_lipoprotein_cholesterol_level_107                   | 2369	 (16584, 45)             | 2.49      (0.14)
	Serum_potassium_26                                                         | 2369	 (16586, 45)             | 4.76      (-0.03)
	Serum_sodium_24                                                            | 2369	 (16586, 45)             | 141.99    (-0.03)
	Serum_urea_level_29                                                        | 2369	 (16588, 45)             | 4.51      (-0.07)
	Total_white_cell_count_18                                                  | 2369	 (16588, 45)             | 4.80      (-0.50)
	............................................................new week............................................................
	Body_mass_index_3                                                          | 2374	 (16619, 45)             | 27.36     (-0.32)
	Diastolic_blood_pressure_5                                                 | 2374	 (16619, 45)             | 98.61     (-0.29)
	Haemoglobin_A1c_level___IFCC_standardised_6                                | 2374	 (16623, 45)             | 35.04     (-0.38)
