STATIC INFORMATION
========================================================================================================================
	SEX:               M
	IMD:               5.0
	ETHNICITY:         BLACK
	birth_year:        1978.0


GIVEN PATIENT CONTEXT
========================================================================================================================
	EVENT                                                                     | AGE IN WEEKS (days, years)   | VALUE
	............................................................new week............................................................
	ALCOHOLMISUSE_V2                                                           | 1777	 (12445, 34)             | nan       (nan)
	............................................................new week............................................................
	Body_mass_index_3                                                          | 1778	 (12449, 34)             | 25.20     (-0.34)
	Diastolic_blood_pressure_5                                                 | 1778	 (12449, 34)             | 80.00     (-0.34)
	O_E___height_1                                                             | 1778	 (12449, 34)             | 167.00    (0.08)
	O_E___weight_2                                                             | 1778	 (12449, 34)             | 70.20     (-0.39)
	Systolic_blood_pressure_4                                                  | 1778	 (12449, 34)             | 142.00    (-0.20)
	............................................................new week............................................................
	Nasal_steroids_optimal                                                     | 1814	 (12701, 34)             | nan       (nan)
	............................................................new week............................................................
	Nasal_steroids_optimal                                                     | 1820	 (12745, 34)             | nan       (nan)
	............................................................new week............................................................
	GFR_calculated_abbreviated_MDRD_34                                         | 1830	 (12816, 35)             | nan       (nan)
	Haemoglobin_estimation_9                                                   | 1830	 (12816, 35)             | 143.00    (-0.04)
	Lymphocyte_count_20                                                        | 1830	 (12816, 35)             | 0.90      (-0.50)
	Mean_corpusc_Hb_conc__MCHC__14                                             | 1830	 (12816, 35)             | 322.00    (0.14)
	Mean_corpusc_haemoglobin_MCH__13                                           | 1830	 (12816, 35)             | 30.60     (-0.20)
	Mean_corpuscular_volume__MCV__11                                           | 1830	 (12816, 35)             | 95.20     (-0.14)
	Monocyte_count_23                                                          | 1830	 (12816, 35)             | 0.20      (-0.49)
	Neutrophil_count_19                                                        | 1830	 (12816, 35)             | 1.00      (-0.48)
	Platelet_count_12                                                          | 1830	 (12816, 35)             | 258.09    (-0.50)
	Red_blood_cell__RBC__count_10                                              | 1830	 (12816, 35)             | 4.69      (-0.49)
	Red_blood_cell_distribution_width_17                                       | 1830	 (12816, 35)             | 12.80     (-0.47)
	Serum_C_reactive_protein_level_59                                          | 1830	 (12816, 35)             | 4.00      (-0.03)
	Serum_alanine_aminotransferase_level_45                                    | 1830	 (12816, 35)             | 44.00     (-0.50)
	Serum_albumin_51                                                           | 1830	 (12816, 35)             | 42.00     (-0.28)
	Serum_alkaline_phosphatase_50                                              | 1830	 (12816, 35)             | 32.00     (-0.50)
	Serum_bilirubin_level_53                                                   | 1830	 (12816, 35)             | 13.00     (-0.48)
	Serum_creatinine_31                                                        | 1830	 (12816, 35)             | 85.00     (-0.49)
	Serum_gamma_glutamyl_transferase_level_57                                  | 1830	 (12816, 35)             | 38.00     (0.04)
	Serum_potassium_26                                                         | 1830	 (12816, 35)             | 4.10      (-0.10)
	Serum_sodium_24                                                            | 1830	 (12816, 35)             | 139.00    (-0.05)
	Serum_urea_level_29                                                        | 1830	 (12816, 35)             | 6.50      (0.13)
	Total_white_cell_count_18                                                  | 1830	 (12816, 35)             | 2.20      (-0.50)
	............................................................new week............................................................
	Haemoglobin_estimation_9                                                   | 1834	 (12842, 35)             | 148.00    (-0.02)
	Lymphocyte_count_20                                                        | 1834	 (12842, 35)             | 0.90      (-0.50)
	Mean_corpusc_Hb_conc__MCHC__14                                             | 1834	 (12842, 35)             | 317.00    (0.13)
	Mean_corpusc_haemoglobin_MCH__13                                           | 1834	 (12842, 35)             | 30.50     (-0.20)
	Mean_corpuscular_volume__MCV__11                                           | 1834	 (12842, 35)             | 96.30     (-0.14)
	Monocyte_count_23                                                          | 1834	 (12842, 35)             | 0.30      (-0.48)
	Neutrophil_count_19                                                        | 1834	 (12842, 35)             | 1.30      (-0.47)
	Platelet_count_12                                                          | 1834	 (12842, 35)             | 227.99    (-0.50)
	Red_blood_cell__RBC__count_10                                              | 1834	 (12842, 35)             | 4.86      (-0.49)
	Red_blood_cell_distribution_width_17                                       | 1834	 (12842, 35)             | 12.20     (-0.48)
	Total_white_cell_count_18                                                  | 1834	 (12842, 35)             | 2.60      (-0.50)
	............................................................new week............................................................
	Haemoglobin_estimation_9                                                   | 1845	 (12920, 35)             | 151.00    (-0.01)
	Lymphocyte_count_20                                                        | 1845	 (12920, 35)             | 1.20      (-0.49)
	Mean_corpusc_Hb_conc__MCHC__14                                             | 1845	 (12920, 35)             | 322.00    (0.14)
	Mean_corpusc_haemoglobin_MCH__13                                           | 1845	 (12920, 35)             | 30.60     (-0.20)
	Mean_corpuscular_volume__MCV__11                                           | 1845	 (12920, 35)             | 95.00     (-0.15)
	Monocyte_count_23                                                          | 1845	 (12920, 35)             | 0.30      (-0.48)
	Neutrophil_count_19                                                        | 1845	 (12920, 35)             | 1.10      (-0.48)
	Platelet_count_12                                                          | 1845	 (12920, 35)             | 275.08    (-0.50)
	Red_blood_cell__RBC__count_10                                              | 1845	 (12920, 35)             | 4.93      (-0.49)
	Red_blood_cell_distribution_width_17                                       | 1845	 (12920, 35)             | 11.30     (-0.49)
	Total_white_cell_count_18                                                  | 1845	 (12920, 35)             | 2.60      (-0.50)
	............................................................new week............................................................
	Nasal_steroids_optimal                                                     | 1862	 (13039, 35)             | nan       (nan)
	Nasal_steroids_optimal                                                     | 1862	 (13039, 35)             | nan       (nan)
	Nasal_steroids_optimal                                                     | 1862	 (13040, 35)             | nan       (nan)
	............................................................new week............................................................
	Nasal_steroids_optimal                                                     | 1872	 (13110, 35)             | nan       (nan)
	............................................................new week............................................................
	Haemoglobin_estimation_9                                                   | 1895	 (13271, 36)             | 148.00    (-0.02)
	Lymphocyte_count_20                                                        | 1895	 (13271, 36)             | 1.70      (-0.49)
	Mean_corpusc_Hb_conc__MCHC__14                                             | 1895	 (13271, 36)             | 331.00    (0.16)
	Mean_corpusc_haemoglobin_MCH__13                                           | 1895	 (13271, 36)             | 31.20     (-0.19)
	Mean_corpuscular_volume__MCV__11                                           | 1895	 (13271, 36)             | 94.10     (-0.15)
	Monocyte_count_23                                                          | 1895	 (13271, 36)             | 0.40      (-0.48)
	Neutrophil_count_19                                                        | 1895	 (13271, 36)             | 1.40      (-0.47)
	Platelet_count_12                                                          | 1895	 (13271, 36)             | 250.94    (-0.50)
	Red_blood_cell__RBC__count_10                                              | 1895	 (13271, 36)             | 4.74      (-0.49)
	Red_blood_cell_distribution_width_17                                       | 1895	 (13271, 36)             | 11.80     (-0.48)
	Total_white_cell_count_18                                                  | 1895	 (13271, 36)             | 3.50      (-0.50)
	............................................................new week............................................................
	Nasal_steroids_optimal                                                     | 1929	 (13505, 37)             | nan       (nan)
	ALLERGICRHINITISCONJ                                                       | 1929	 (13505, 37)             | nan       (nan)
	............................................................new week............................................................
	Diastolic_blood_pressure_5                                                 | 1982	 (13877, 38)             | 72.00     (-0.36)
	Systolic_blood_pressure_4                                                  | 1982	 (13877, 38)             | 130.00    (-0.23)
	............................................................new week............................................................
	Haemoglobin_estimation_9                                                   | 2003	 (14027, 38)             | 147.00    (-0.03)
	Lymphocyte_count_20                                                        | 2003	 (14027, 38)             | 1.30      (-0.49)
	Mean_corpusc_Hb_conc__MCHC__14                                             | 2003	 (14027, 38)             | 331.00    (0.16)
	Mean_corpusc_haemoglobin_MCH__13                                           | 2003	 (14027, 38)             | 31.10     (-0.20)
	Mean_corpuscular_volume__MCV__11                                           | 2003	 (14027, 38)             | 93.90     (-0.15)
	Monocyte_count_23                                                          | 2003	 (14027, 38)             | 0.50      (-0.47)
	Neutrophil_count_19                                                        | 2003	 (14027, 38)             | 1.20      (-0.48)
	Platelet_count_12                                                          | 2003	 (14027, 38)             | 239.01    (-0.50)
	Red_blood_cell__RBC__count_10                                              | 2003	 (14027, 38)             | 4.73      (-0.49)
	Red_blood_cell_distribution_width_17                                       | 2003	 (14027, 38)             | 12.50     (-0.48)
	Total_white_cell_count_18                                                  | 2003	 (14027, 38)             | 3.10      (-0.50)
	............................................................new week............................................................
	Nasal_steroids_optimal                                                     | 2020	 (14142, 38)             | nan       (nan)
	............................................................new week............................................................
	Body_mass_index_3                                                          | 2033	 (14234, 38)             | 23.60     (-0.35)
	Diastolic_blood_pressure_5                                                 | 2033	 (14234, 38)             | 93.00     (-0.31)
	O_E___height_1                                                             | 2033	 (14234, 38)             | 167.00    (0.08)
	O_E___weight_2                                                             | 2033	 (14234, 38)             | 66.00     (-0.40)
	Systolic_blood_pressure_4                                                  | 2033	 (14234, 38)             | 139.00    (-0.21)
	............................................................new week............................................................
	Calculated_LDL_cholesterol_level_103                                       | 2034	 (14242, 39)             | 2.50      (-0.42)
	GFR_calculated_abbreviated_MDRD_34                                         | 2034	 (14242, 39)             | 60.00     (-0.30)
	Haemoglobin_A1c_level___IFCC_standardised_6                                | 2034	 (14242, 39)             | 29.00     (-0.40)
	Haemoglobin_estimation_9                                                   | 2034	 (14242, 39)             | 143.00    (-0.04)
	Lymphocyte_count_20                                                        | 2034	 (14242, 39)             | 1.20      (-0.49)
	Mean_corpusc_Hb_conc__MCHC__14                                             | 2034	 (14242, 39)             | 335.00    (0.16)
	Mean_corpusc_haemoglobin_MCH__13                                           | 2034	 (14242, 39)             | 31.50     (-0.19)
	Mean_corpuscular_volume__MCV__11                                           | 2034	 (14242, 39)             | 93.90     (-0.15)
	Monocyte_count_23                                                          | 2034	 (14242, 39)             | 0.50      (-0.47)
	Neutrophil_count_19                                                        | 2034	 (14242, 39)             | 1.40      (-0.47)
	Non_HDL_cholesterol_level_108                                              | 2034	 (14242, 39)             | 3.00      (-0.03)
	Platelet_count_12                                                          | 2034	 (14242, 39)             | 262.86    (-0.50)
	Red_blood_cell__RBC__count_10                                              | 2034	 (14242, 39)             | 4.54      (-0.49)
	Red_blood_cell_distribution_width_17                                       | 2034	 (14242, 39)             | 12.30     (-0.48)
	Serum_HDL_cholesterol_level_100                                            | 2034	 (14242, 39)             | 3.08      (0.29)
	Serum_TSH_level_71                                                         | 2034	 (14242, 39)             | 1.15      (-0.50)
	Serum_alanine_aminotransferase_level_45                                    | 2034	 (14242, 39)             | 52.00     (-0.50)
	Serum_albumin_51                                                           | 2034	 (14242, 39)             | 43.00     (-0.27)
	Serum_alkaline_phosphatase_50                                              | 2034	 (14242, 39)             | 50.00     (-0.50)
	Serum_bilirubin_level_53                                                   | 2034	 (14242, 39)             | 17.00     (-0.48)
	Serum_cholesterol_97                                                       | 2034	 (14242, 39)             | 6.10      (-0.41)
	Serum_creatinine_31                                                        | 2034	 (14242, 39)             | 88.00     (-0.49)
	Serum_potassium_26                                                         | 2034	 (14242, 39)             | 4.40      (-0.07)
	Serum_sodium_24                                                            | 2034	 (14242, 39)             | 140.00    (-0.05)
	Serum_triglycerides_105                                                    | 2034	 (14242, 39)             | 1.10      (-0.49)
	Serum_urea_level_29                                                        | 2034	 (14242, 39)             | 5.10      (-0.01)
	Total_cholesterol_HDL_ratio_95                                             | 2034	 (14242, 39)             | 2.00      (-0.50)
	Total_white_cell_count_18                                                  | 2034	 (14242, 39)             | 3.10      (-0.50)
	............................................................new week............................................................
	SSRIs_Optimal                                                              | 2061	 (14430, 39)             | nan       (nan)
	DEPRESSION                                                                 | 2061	 (14430, 39)             | nan       (nan)
	............................................................new week............................................................
	Body_mass_index_3                                                          | 2067	 (14471, 39)             | 24.00     (-0.35)
	Diastolic_blood_pressure_5                                                 | 2067	 (14471, 39)             | 99.00     (-0.29)
	O_E___weight_2                                                             | 2067	 (14471, 39)             | 67.00     (-0.40)
	Systolic_blood_pressure_4                                                  | 2067	 (14471, 39)             | 169.00    (-0.12)
	Calculated_LDL_cholesterol_level_103                                       | 2067	 (14474, 39)             | 2.80      (-0.41)
	GFR_calculated_abbreviated_MDRD_34                                         | 2067	 (14474, 39)             | 60.00     (-0.30)
	Haemoglobin_A1c_level___IFCC_standardised_6                                | 2067	 (14474, 39)             | 32.00     (-0.39)
	Non_HDL_cholesterol_level_108                                              | 2067	 (14474, 39)             | 3.30      (0.02)
	Serum_HDL_cholesterol_level_100                                            | 2067	 (14474, 39)             | 3.07      (0.29)
	Serum_TSH_level_71                                                         | 2067	 (14474, 39)             | 1.23      (-0.50)
	Serum_alanine_aminotransferase_level_45                                    | 2067	 (14474, 39)             | 44.00     (-0.50)
	Serum_albumin_51                                                           | 2067	 (14474, 39)             | 45.00     (-0.26)
	Serum_alkaline_phosphatase_50                                              | 2067	 (14474, 39)             | 40.00     (-0.50)
	Serum_bilirubin_level_53                                                   | 2067	 (14474, 39)             | 10.00     (-0.49)
	Serum_cholesterol_97                                                       | 2067	 (14474, 39)             | 6.30      (-0.41)
	Serum_creatinine_31                                                        | 2067	 (14474, 39)             | 87.00     (-0.49)
	Serum_potassium_26                                                         | 2067	 (14474, 39)             | 5.10      (0.01)
	Serum_sodium_24                                                            | 2067	 (14474, 39)             | 141.00    (-0.04)
	Serum_triglycerides_105                                                    | 2067	 (14474, 39)             | 0.96      (-0.49)
	Serum_urea_level_29                                                        | 2067	 (14474, 39)             | 4.90      (-0.03)
	Total_cholesterol_HDL_ratio_95                                             | 2067	 (14474, 39)             | 2.10      (-0.50)
	............................................................new week............................................................
	Diastolic_blood_pressure_5                                                 | 2068	 (14478, 39)             | 95.00     (-0.30)
	Diastolic_blood_pressure_5                                                 | 2068	 (14478, 39)             | 96.00     (-0.30)
	Systolic_blood_pressure_4                                                  | 2068	 (14478, 39)             | 163.00    (-0.14)
	Systolic_blood_pressure_4                                                  | 2068	 (14478, 39)             | 174.00    (-0.11)
	............................................................new week............................................................
	Diastolic_blood_pressure_5                                                 | 2104	 (14733, 40)             | 98.00     (-0.29)
	Systolic_blood_pressure_4                                                  | 2104	 (14733, 40)             | 154.00    (-0.16)
	............................................................new week............................................................
	Diastolic_blood_pressure_5                                                 | 2105	 (14740, 40)             | 105.00    (-0.28)
	Systolic_blood_pressure_4                                                  | 2105	 (14740, 40)             | 168.00    (-0.13)
	............................................................new week............................................................
	Haematocrit_15                                                             | 2119	 (14835, 40)             | 0.42      (-0.08)
	Haemoglobin_estimation_9                                                   | 2119	 (14835, 40)             | 138.00    (-0.06)
	Lymphocyte_count_20                                                        | 2119	 (14835, 40)             | 1.00      (-0.50)
	Mean_corpusc_Hb_conc__MCHC__14                                             | 2119	 (14835, 40)             | 326.00    (0.14)
	Mean_corpusc_haemoglobin_MCH__13                                           | 2119	 (14835, 40)             | 31.00     (-0.20)
	Mean_corpuscular_volume__MCV__11                                           | 2119	 (14835, 40)             | 94.90     (-0.15)
	Monocyte_count_23                                                          | 2119	 (14835, 40)             | 0.40      (-0.48)
	Neutrophil_count_19                                                        | 2119	 (14835, 40)             | 1.60      (-0.47)
	Platelet_count_12                                                          | 2119	 (14835, 40)             | 225.01    (-0.50)
	Red_blood_cell__RBC__count_10                                              | 2119	 (14835, 40)             | 4.47      (-0.49)
	Red_blood_cell_distribution_width_17                                       | 2119	 (14835, 40)             | 12.50     (-0.48)
	Total_white_cell_count_18                                                  | 2119	 (14835, 40)             | 3.10      (-0.50)
	............................................................new week............................................................
	Body_mass_index_3                                                          | 2143	 (15007, 41)             | 23.59     (-0.35)
	Current_smoker_83                                                          | 2143	 (15007, 41)             | nan       (nan)
	Diastolic_blood_pressure_5                                                 | 2143	 (15007, 41)             | 92.00     (-0.31)
	O_E___height_1                                                             | 2143	 (15007, 41)             | 166.00    (0.08)
	O_E___weight_2                                                             | 2143	 (15007, 41)             | 65.00     (-0.40)
	Serum_HDL_cholesterol_level_100                                            | 2143	 (15007, 41)             | 2.15      (0.05)
	Serum_total_cholesterol_level_98                                           | 2143	 (15007, 41)             | 6.26      (-0.40)
	Systolic_blood_pressure_4                                                  | 2143	 (15007, 41)             | 134.00    (-0.22)
	Total_cholesterol_HDL_ratio_95                                             | 2143	 (15007, 41)             | 2.90      (-0.49)
	............................................................new week............................................................
	Nasal_steroids_optimal                                                     | 2170	 (15192, 41)             | nan       (nan)
	............................................................new week............................................................
	Nasal_steroids_optimal                                                     | 2229	 (15609, 42)             | nan       (nan)
	............................................................new week............................................................
	Mirtazapine                                                                | 2232	 (15626, 42)             | nan       (nan)
	............................................................new week............................................................
	Antihistamines_second_generation_H1_antagonists                            | 2233	 (15635, 42)             | nan       (nan)
	............................................................new week............................................................
	Mirtazapine                                                                | 2234	 (15644, 42)             | nan       (nan)
	............................................................new week............................................................
	Mirtazapine                                                                | 2235	 (15651, 42)             | nan       (nan)
	Nasal_steroids_optimal                                                     | 2235	 (15651, 42)             | nan       (nan)
	............................................................new week............................................................
	Mirtazapine                                                                | 2239	 (15674, 42)             | nan       (nan)
	............................................................new week............................................................
	Mirtazapine                                                                | 2243	 (15703, 43)             | nan       (nan)
	............................................................new week............................................................
	Mirtazapine                                                                | 2247	 (15733, 43)             | nan       (nan)
	............................................................new week............................................................
	Mirtazapine                                                                | 2253	 (15772, 43)             | nan       (nan)
	............................................................new week............................................................
	Mirtazapine                                                                | 2259	 (15815, 43)             | nan       (nan)
	............................................................new week............................................................
	Body_mass_index_3                                                          | 2263	 (15845, 43)             | 23.01     (-0.36)
	Diastolic_blood_pressure_5                                                 | 2263	 (15845, 43)             | 83.00     (-0.33)
	O_E___weight_2                                                             | 2263	 (15845, 43)             | 63.40     (-0.40)
	Systolic_blood_pressure_4                                                  | 2263	 (15845, 43)             | 142.00    (-0.20)
	............................................................new week............................................................
	Mirtazapine                                                                | 2266	 (15865, 43)             | nan       (nan)
	............................................................new week............................................................
	Nasal_steroids_optimal                                                     | 2273	 (15913, 43)             | nan       (nan)
	Mirtazapine                                                                | 2273	 (15914, 43)             | nan       (nan)

========================================================================================================================
DIAGNOSIS SUMMARY
['ALCOHOLMISUSE_V2', 'ALLERGICRHINITISCONJ', 'DEPRESSION']
========================================================================================================================


PREDICTED FUTURE EVENTS
========================================================================================================================
	EVENT                                                                     | AGE IN WEEKS (days, years)  | VALUE
	............................................................new week............................................................
	Nasal_steroids_optimal                                                     | 2286	 (16002, 43)             | nan       (nan)
	............................................................new week............................................................
	Body_mass_index_3                                                          | 2289	 (16028, 43)             | 27.09     (-0.32)
	Diastolic_blood_pressure_5                                                 | 2289	 (16028, 43)             | 96.06     (-0.30)
	O_E___height_1                                                             | 2289	 (16028, 43)             | 165.36    (0.08)
	............................................................new week............................................................
	O_E___weight_2                                                             | 2290	 (16035, 43)             | 74.91     (-0.39)
	Systolic_blood_pressure_4                                                  | 2290	 (16035, 43)             | 183.21    (-0.09)
	............................................................new week............................................................
	Weak_Opioids_Final                                                         | 2293	 (16053, 43)             | nan       (nan)
	............................................................new week............................................................
	COCP_reg_contraception                                                     | 2302	 (16114, 44)             | nan       (nan)
	all_contraceptive                                                          | 2302	 (16114, 44)             | nan       (nan)
	............................................................new week............................................................
	Nasal_steroids_optimal                                                     | 2313	 (16192, 44)             | nan       (nan)
	............................................................new week............................................................
	Eosinophil_count_21                                                        | 2317	 (16221, 44)             | 0.42      (-0.44)
	GFR_calculated_abbreviated_MDRD_34                                         | 2317	 (16223, 44)             | 65.35     (-0.28)
	Haematocrit_15                                                             | 2317	 (16225, 44)             | 0.44      (-0.06)
	Haemoglobin_A1c_level___IFCC_standardised_6                                | 2317	 (16225, 44)             | 28.86     (-0.40)
	Haemoglobin_estimation_9                                                   | 2317	 (16225, 44)             | 151.13    (-0.01)
	............................................................new week............................................................
	O_E___weight_2                                                             | 2318	 (16227, 44)             | 86.58     (-0.37)
	SNRIs_OPTIMAL                                                              | 2318	 (16231, 44)             | nan       (nan)
	............................................................new week............................................................
	Nasal_steroids_optimal                                                     | 2319	 (16238, 44)             | nan       (nan)
	HYPERTENSION                                                               | 2319	 (16238, 44)             | nan       (nan)
	............................................................new week............................................................
	SNRIs_OPTIMAL                                                              | 2323	 (16267, 44)             | nan       (nan)
	............................................................new week............................................................
	SNRIs_OPTIMAL                                                              | 2328	 (16302, 44)             | nan       (nan)
	AST_serum_level_47                                                         | 2328	 (16302, 44)             | 37.07     (-0.50)
	Basophil_count_22                                                          | 2328	 (16302, 44)             | 0.12      (-0.48)
	Eosinophil_count_21                                                        | 2328	 (16302, 44)             | 0.21      (-0.46)
	............................................................new week............................................................
	GFR_calculated_abbreviated_MDRD_34                                         | 2329	 (16304, 44)             | 49.65     (-0.33)
	Haematocrit_15                                                             | 2329	 (16304, 44)             | 0.42      (-0.08)
	Haemoglobin_A1c_level___IFCC_standardised_6                                | 2329	 (16305, 44)             | 35.00     (-0.38)
	Haemoglobin_estimation_9                                                   | 2329	 (16305, 44)             | 140.59    (-0.05)
	............................................................new week............................................................
	Lymphocyte_count_20                                                        | 2330	 (16311, 44)             | 3.80      (-0.48)
	Mean_corpusc_Hb_conc__MCHC__14                                             | 2330	 (16311, 44)             | 323.05    (0.14)
	Mean_corpusc_haemoglobin_MCH__13                                           | 2330	 (16311, 44)             | 31.72     (-0.19)
	Mean_corpuscular_volume__MCV__11                                           | 2330	 (16311, 44)             | 98.76     (-0.13)
	Monocyte_count_23                                                          | 2330	 (16315, 44)             | 0.43      (-0.48)
	............................................................new week............................................................
	Neutrophil_count_19                                                        | 2331	 (16318, 44)             | 2.08      (-0.46)
	Platelet_count_12                                                          | 2331	 (16318, 44)             | -3383.16  (-0.50)
	Red_blood_cell__RBC__count_10                                              | 2331	 (16320, 44)             | 3.60      (-0.49)
	Red_blood_cell_distribution_width_17                                       | 2331	 (16322, 44)             | 13.88     (-0.46)
	Serum_HDL_cholesterol_level_100                                            | 2331	 (16322, 44)             | 2.04      (0.02)
	Serum_LDL_cholesterol_level_102                                            | 2331	 (16322, 44)             | 1.87      (-0.44)
	Serum_TSH_level_71                                                         | 2331	 (16322, 44)             | 3.62      (-0.49)
	Serum_alanine_aminotransferase_level_45                                    | 2331	 (16322, 44)             | -21.57    (-0.50)
	............................................................new week............................................................
	Serum_albumin_51                                                           | 2332	 (16326, 44)             | 40.09     (-0.29)
	Serum_alkaline_phosphatase_50                                              | 2332	 (16329, 44)             | -4.31     (-0.50)
	............................................................new week............................................................
	Serum_bilirubin_level_53                                                   | 2333	 (16331, 44)             | 8.34      (-0.49)
	Serum_calcium_39                                                           | 2333	 (16331, 44)             | 2.47      (-0.26)
	Serum_cholesterol_97                                                       | 2333	 (16331, 44)             | 4.27      (-0.45)
	Serum_creatinine_31                                                        | 2333	 (16333, 44)             | 118.76    (-0.49)
	Serum_gamma_glutamyl_transferase_level_57                                  | 2333	 (16337, 44)             | 21.66     (-0.09)
	............................................................new week............................................................
	Serum_potassium_26                                                         | 2334	 (16340, 44)             | 4.74      (-0.03)
	Serum_sodium_24                                                            | 2334	 (16342, 44)             | 142.63    (-0.02)
	Serum_urea_level_29                                                        | 2334	 (16344, 44)             | 7.42      (0.22)
	eGFR_using_creatinine_CKD_EPI_per_1_73_square_metres_33                    | 2334	 (16344, 44)             | 88.07     (-0.26)
	............................................................new week............................................................
	SNRIs_OPTIMAL                                                              | 2335	 (16347, 44)             | nan       (nan)
	............................................................new week............................................................
	SNRIs_OPTIMAL                                                              | 2345	 (16417, 44)             | nan       (nan)
	............................................................new week............................................................
	Body_mass_index_3                                                          | 2351	 (16461, 45)             | 25.59     (-0.34)
	Current_smoker_83                                                          | 2351	 (16461, 45)             | 11.51     (-0.36)
	Diastolic_blood_pressure_5                                                 | 2351	 (16461, 45)             | 89.98     (-0.32)
	O_E___height_1                                                             | 2351	 (16463, 45)             | 166.16    (0.08)
	O_E___weight_2                                                             | 2351	 (16463, 45)             | 65.69     (-0.40)
	Systolic_blood_pressure_4                                                  | 2351	 (16463, 45)             | 150.38    (-0.17)
	............................................................new week............................................................
	SNRIs_OPTIMAL                                                              | 2353	 (16475, 45)             | nan       (nan)
	............................................................new week............................................................
	SNRIs_OPTIMAL                                                              | 2359	 (16519, 45)             | nan       (nan)
	............................................................new week............................................................
	SNRIs_OPTIMAL                                                              | 2365	 (16558, 45)             | nan       (nan)
	............................................................new week............................................................
	Body_mass_index_3                                                          | 2367	 (16569, 45)             | 29.41     (-0.30)
	Diastolic_blood_pressure_5                                                 | 2367	 (16570, 45)             | 94.38     (-0.30)
	Serum_creatinine_31                                                        | 2367	 (16570, 45)             | 119.18    (-0.49)
	Serum_potassium_26                                                         | 2367	 (16570, 45)             | 4.61      (-0.04)
	Serum_sodium_24                                                            | 2367	 (16572, 45)             | 143.72    (-0.01)
	Serum_urea_level_29                                                        | 2367	 (16574, 45)             | 6.11      (0.09)
	............................................................new week............................................................
	Serum_folate_80                                                            | 2369	 (16587, 45)             | 9.38      (0.06)
	Serum_vitamin_B12_79                                                       | 2369	 (16589, 45)             | 883.49    (-0.46)
	............................................................new week............................................................
	SNRIs_OPTIMAL                                                              | 2372	 (16607, 45)             | nan       (nan)
	............................................................new week............................................................
	SNRIs_OPTIMAL                                                              | 2373	 (16611, 45)             | nan       (nan)
	............................................................new week............................................................
	SNRIs_OPTIMAL                                                              | 2375	 (16627, 45)             | nan       (nan)
	............................................................new week............................................................
	SNRIs_OPTIMAL                                                              | 2376	 (16638, 45)             | nan       (nan)
	............................................................new week............................................................
	SNRIs_OPTIMAL                                                              | 2378	 (16647, 45)             | nan       (nan)
	............................................................new week............................................................
	SNRIs_OPTIMAL                                                              | 2396	 (16777, 45)             | nan       (nan)
	............................................................new week............................................................
	SNRIs_OPTIMAL                                                              | 2398	 (16791, 46)             | nan       (nan)
	............................................................new week............................................................
	SNRIs_OPTIMAL                                                              | 2408	 (16861, 46)             | nan       (nan)
	............................................................new week............................................................
	SNRIs_OPTIMAL                                                              | 2413	 (16896, 46)             | nan       (nan)
	............................................................new week............................................................
	SNRIs_OPTIMAL                                                              | 2422	 (16954, 46)             | nan       (nan)
	............................................................new week............................................................
	Diastolic_blood_pressure_5                                                 | 2426	 (16985, 46)             | 81.29     (-0.34)
	Systolic_blood_pressure_4                                                  | 2426	 (16985, 46)             | 137.86    (-0.21)
	............................................................new week............................................................
	SNRIs_OPTIMAL                                                              | 2427	 (16994, 46)             | nan       (nan)
	............................................................new week............................................................
	SNRIs_OPTIMAL                                                              | 2428	 (17001, 46)             | nan       (nan)
	............................................................new week............................................................
	SNRIs_OPTIMAL                                                              | 2434	 (17042, 46)             | nan       (nan)
	............................................................new week............................................................
	SNRIs_OPTIMAL                                                              | 2436	 (17053, 46)             | nan       (nan)
	SNRIs_OPTIMAL                                                              | 2436	 (17053, 46)             | nan       (nan)
	............................................................new week............................................................
	SNRIs_OPTIMAL                                                              | 2441	 (17089, 46)             | nan       (nan)
	............................................................new week............................................................
	SNRIs_OPTIMAL                                                              | 2442	 (17095, 46)             | nan       (nan)
	............................................................new week............................................................
	SNRIs_OPTIMAL                                                              | 2455	 (17190, 47)             | nan       (nan)
	............................................................new week............................................................
	SNRIs_OPTIMAL                                                              | 2471	 (17297, 47)             | nan       (nan)
	............................................................new week............................................................
	SNRIs_OPTIMAL                                                              | 2484	 (17389, 47)             | nan       (nan)
	............................................................new week............................................................
	GFR_calculated_abbreviated_MDRD_34                                         | 2486	 (17403, 47)             | 88.20     (-0.21)
	Haemoglobin_A1c_level___IFCC_standardised_6                                | 2486	 (17403, 47)             | 40.58     (-0.35)
	Serum_HDL_cholesterol_level_100                                            | 2486	 (17407, 47)             | 1.78      (-0.04)
	Serum_albumin_51                                                           | 2486	 (17407, 47)             | 46.95     (-0.25)
	............................................................new week............................................................
	Serum_alkaline_phosphatase_50                                              | 2487	 (17413, 47)             | 36.52     (-0.50)
	............................................................new week............................................................
	Serum_bilirubin_level_53                                                   | 2488	 (17418, 47)             | 4.25      (-0.49)
	Serum_creatinine_31                                                        | 2488	 (17420, 47)             | 100.94    (-0.49)
	Serum_gamma_glutamyl_transferase_level_57                                  | 2488	 (17420, 47)             | 1.12      (-0.26)
	Serum_non_high_density_lipoprotein_cholesterol_level_107                   | 2488	 (17420, 47)             | 2.09      (0.04)
	............................................................new week............................................................
	Serum_potassium_26                                                         | 2489	 (17423, 47)             | 4.98      (-0.01)
	Serum_sodium_24                                                            | 2489	 (17423, 47)             | 141.52    (-0.03)
	eGFR_using_creatinine_CKD_EPI_per_1_73_square_metres_33                    | 2489	 (17423, 47)             | 76.06     (-0.31)
	............................................................new week............................................................
	Basophil_count_22                                                          | 2491	 (17442, 47)             | 0.04      (-0.49)
	............................................................new week............................................................
	Eosinophil_count_21                                                        | 2492	 (17445, 47)             | 0.28      (-0.45)
	Haematocrit_15                                                             | 2492	 (17447, 47)             | 0.47      (-0.03)
	Haemoglobin_A1c_level___IFCC_standardised_6                                | 2492	 (17447, 47)             | 59.01     (-0.28)
	Haemoglobin_estimation_9                                                   | 2492	 (17447, 47)             | 159.26    (0.01)
	HbA1c_level__DCCT_aligned__7                                               | 2492	 (17447, 47)             | 8.03      (-0.49)
	............................................................new week............................................................
	Lymphocyte_count_20                                                        | 2493	 (17455, 47)             | 2.74      (-0.49)
	Mean_corpusc_Hb_conc__MCHC__14                                             | 2493	 (17455, 47)             | 335.72    (0.16)
	Mean_corpusc_haemoglobin_MCH__13                                           | 2493	 (17455, 47)             | 32.50     (-0.18)
	............................................................new week............................................................
	Mean_corpuscular_volume__MCV__11                                           | 2494	 (17458, 47)             | 97.86     (-0.13)
	Monocyte_count_23                                                          | 2494	 (17460, 47)             | 0.61      (-0.47)
	Neutrophil_count_19                                                        | 2494	 (17462, 47)             | 1.55      (-0.47)
	Platelet_count_12                                                          | 2494	 (17464, 47)             | -2490.88  (-0.50)
	Red_blood_cell__RBC__count_10                                              | 2494	 (17464, 47)             | 2.09      (-0.50)
	Red_blood_cell_distribution_width_17                                       | 2494	 (17464, 47)             | 11.85     (-0.48)
	............................................................new week............................................................
	Serum_alanine_aminotransferase_level_45                                    | 2495	 (17465, 47)             | -10.28    (-0.50)
	Serum_albumin_51                                                           | 2495	 (17467, 47)             | 41.18     (-0.28)
	Serum_alkaline_phosphatase_50                                              | 2495	 (17471, 47)             | 61.79     (-0.50)
	............................................................new week............................................................
	Serum_bilirubin_level_53                                                   | 2496	 (17475, 47)             | 10.03     (-0.49)
	Serum_creatinine_31                                                        | 2496	 (17475, 47)             | 125.41    (-0.49)
	Serum_potassium_26                                                         | 2496	 (17475, 47)             | 4.19      (-0.09)
	Serum_sodium_24                                                            | 2496	 (17476, 47)             | 139.37    (-0.05)
	Serum_urea_level_29                                                        | 2496	 (17478, 47)             | 5.39      (0.02)
	............................................................new week............................................................
	Total_white_cell_count_18                                                  | 2497	 (17480, 47)             | 5.16      (-0.50)
	eGFR_using_creatinine_CKD_EPI_per_1_73_square_metres_33                    | 2497	 (17482, 47)             | 80.27     (-0.29)
	............................................................new week............................................................
	Tricyclic_Antidepressants_final                                            | 2504	 (17531, 48)             | nan       (nan)
	............................................................new week............................................................
	Tricyclic_Antidepressants_final                                            | 2505	 (17540, 48)             | nan       (nan)
	............................................................new week............................................................
	Tricyclic_Antidepressants_final                                            | 2507	 (17551, 48)             | nan       (nan)
	Tricyclic_Antidepressants_final                                            | 2507	 (17553, 48)             | nan       (nan)
	............................................................new week............................................................
	Nasal_steroids_optimal                                                     | 2512	 (17590, 48)             | nan       (nan)
	SNRIs_OPTIMAL                                                              | 2512	 (17590, 48)             | nan       (nan)
	............................................................new week............................................................
	Tricyclic_Antidepressants_final                                            | 2514	 (17601, 48)             | nan       (nan)
	............................................................new week............................................................
	SNRIs_OPTIMAL                                                              | 2518	 (17628, 48)             | nan       (nan)
	Tricyclic_Antidepressants_final                                            | 2518	 (17632, 48)             | nan       (nan)
	............................................................new week............................................................
	Tricyclic_Antidepressants_final                                            | 2521	 (17652, 48)             | nan       (nan)
	Tricyclic_Antidepressants_final                                            | 2521	 (17652, 48)             | nan       (nan)
	Tricyclic_Antidepressants_final                                            | 2521	 (17652, 48)             | nan       (nan)
	............................................................new week............................................................
	Tricyclic_Antidepressants_final                                            | 2526	 (17688, 48)             | nan       (nan)
	............................................................new week............................................................
	Tricyclic_Antidepressants_final                                            | 2528	 (17698, 48)             | nan       (nan)
	Tricyclic_Antidepressants_final                                            | 2528	 (17699, 48)             | nan       (nan)
	............................................................new week............................................................
	SNRIs_OPTIMAL                                                              | 2531	 (17719, 48)             | nan       (nan)
	............................................................new week............................................................
	Tricyclic_Antidepressants_final                                            | 2533	 (17732, 48)             | nan       (nan)
	Tricyclic_Antidepressants_final                                            | 2533	 (17736, 48)             | nan       (nan)
	............................................................new week............................................................
	SNRIs_OPTIMAL                                                              | 2537	 (17761, 48)             | nan       (nan)
	Tricyclic_Antidepressants_final                                            | 2537	 (17761, 48)             | nan       (nan)
