STATIC INFORMATION
========================================================================================================================
	SEX:               M
	IMD:               5.0
	ETHNICITY:         BLACK
	birth_year:        1978.0


GIVEN PATIENT CONTEXT
========================================================================================================================
	EVENT                                                                     | AGE IN WEEKS (days, years)   | VALUE
	............................................................new week............................................................
	ALCOHOLMISUSE_V2                                                           | 1777	 (12445, 34)             | nan       (nan)
	............................................................new week............................................................
	Body_mass_index_3                                                          | 1778	 (12449, 34)             | 25.20     (-0.34)
	Diastolic_blood_pressure_5                                                 | 1778	 (12449, 34)             | 80.00     (-0.34)
	O_E___height_1                                                             | 1778	 (12449, 34)             | 167.00    (0.08)
	O_E___weight_2                                                             | 1778	 (12449, 34)             | 70.20     (-0.39)
	Systolic_blood_pressure_4                                                  | 1778	 (12449, 34)             | 142.00    (-0.20)
	............................................................new week............................................................
	Nasal_steroids_optimal                                                     | 1814	 (12701, 34)             | nan       (nan)
	............................................................new week............................................................
	Nasal_steroids_optimal                                                     | 1820	 (12745, 34)             | nan       (nan)
	............................................................new week............................................................
	GFR_calculated_abbreviated_MDRD_34                                         | 1830	 (12816, 35)             | nan       (nan)
	Haemoglobin_estimation_9                                                   | 1830	 (12816, 35)             | 143.00    (-0.04)
	Lymphocyte_count_20                                                        | 1830	 (12816, 35)             | 0.90      (-0.50)
	Mean_corpusc_Hb_conc__MCHC__14                                             | 1830	 (12816, 35)             | 322.00    (0.14)
	Mean_corpusc_haemoglobin_MCH__13                                           | 1830	 (12816, 35)             | 30.60     (-0.20)
	Mean_corpuscular_volume__MCV__11                                           | 1830	 (12816, 35)             | 95.20     (-0.14)
	Monocyte_count_23                                                          | 1830	 (12816, 35)             | 0.20      (-0.49)
	Neutrophil_count_19                                                        | 1830	 (12816, 35)             | 1.00      (-0.48)
	Platelet_count_12                                                          | 1830	 (12816, 35)             | 258.09    (-0.50)
	Red_blood_cell__RBC__count_10                                              | 1830	 (12816, 35)             | 4.69      (-0.49)
	Red_blood_cell_distribution_width_17                                       | 1830	 (12816, 35)             | 12.80     (-0.47)
	Serum_C_reactive_protein_level_59                                          | 1830	 (12816, 35)             | 4.00      (-0.03)
	Serum_alanine_aminotransferase_level_45                                    | 1830	 (12816, 35)             | 44.00     (-0.50)
	Serum_albumin_51                                                           | 1830	 (12816, 35)             | 42.00     (-0.28)
	Serum_alkaline_phosphatase_50                                              | 1830	 (12816, 35)             | 32.00     (-0.50)
	Serum_bilirubin_level_53                                                   | 1830	 (12816, 35)             | 13.00     (-0.48)
	Serum_creatinine_31                                                        | 1830	 (12816, 35)             | 85.00     (-0.49)
	Serum_gamma_glutamyl_transferase_level_57                                  | 1830	 (12816, 35)             | 38.00     (0.04)
	Serum_potassium_26                                                         | 1830	 (12816, 35)             | 4.10      (-0.10)
	Serum_sodium_24                                                            | 1830	 (12816, 35)             | 139.00    (-0.05)
	Serum_urea_level_29                                                        | 1830	 (12816, 35)             | 6.50      (0.13)
	Total_white_cell_count_18                                                  | 1830	 (12816, 35)             | 2.20      (-0.50)
	............................................................new week............................................................
	Haemoglobin_estimation_9                                                   | 1834	 (12842, 35)             | 148.00    (-0.02)
	Lymphocyte_count_20                                                        | 1834	 (12842, 35)             | 0.90      (-0.50)
	Mean_corpusc_Hb_conc__MCHC__14                                             | 1834	 (12842, 35)             | 317.00    (0.13)
	Mean_corpusc_haemoglobin_MCH__13                                           | 1834	 (12842, 35)             | 30.50     (-0.20)
	Mean_corpuscular_volume__MCV__11                                           | 1834	 (12842, 35)             | 96.30     (-0.14)
	Monocyte_count_23                                                          | 1834	 (12842, 35)             | 0.30      (-0.48)
	Neutrophil_count_19                                                        | 1834	 (12842, 35)             | 1.30      (-0.47)
	Platelet_count_12                                                          | 1834	 (12842, 35)             | 227.99    (-0.50)
	Red_blood_cell__RBC__count_10                                              | 1834	 (12842, 35)             | 4.86      (-0.49)
	Red_blood_cell_distribution_width_17                                       | 1834	 (12842, 35)             | 12.20     (-0.48)
	Total_white_cell_count_18                                                  | 1834	 (12842, 35)             | 2.60      (-0.50)
	............................................................new week............................................................
	Haemoglobin_estimation_9                                                   | 1845	 (12920, 35)             | 151.00    (-0.01)
	Lymphocyte_count_20                                                        | 1845	 (12920, 35)             | 1.20      (-0.49)
	Mean_corpusc_Hb_conc__MCHC__14                                             | 1845	 (12920, 35)             | 322.00    (0.14)
	Mean_corpusc_haemoglobin_MCH__13                                           | 1845	 (12920, 35)             | 30.60     (-0.20)
	Mean_corpuscular_volume__MCV__11                                           | 1845	 (12920, 35)             | 95.00     (-0.15)
	Monocyte_count_23                                                          | 1845	 (12920, 35)             | 0.30      (-0.48)
	Neutrophil_count_19                                                        | 1845	 (12920, 35)             | 1.10      (-0.48)
	Platelet_count_12                                                          | 1845	 (12920, 35)             | 275.08    (-0.50)
	Red_blood_cell__RBC__count_10                                              | 1845	 (12920, 35)             | 4.93      (-0.49)
	Red_blood_cell_distribution_width_17                                       | 1845	 (12920, 35)             | 11.30     (-0.49)
	Total_white_cell_count_18                                                  | 1845	 (12920, 35)             | 2.60      (-0.50)
	............................................................new week............................................................
	Nasal_steroids_optimal                                                     | 1862	 (13039, 35)             | nan       (nan)
	Nasal_steroids_optimal                                                     | 1862	 (13039, 35)             | nan       (nan)
	Nasal_steroids_optimal                                                     | 1862	 (13040, 35)             | nan       (nan)
	............................................................new week............................................................
	Nasal_steroids_optimal                                                     | 1872	 (13110, 35)             | nan       (nan)
	............................................................new week............................................................
	Haemoglobin_estimation_9                                                   | 1895	 (13271, 36)             | 148.00    (-0.02)
	Lymphocyte_count_20                                                        | 1895	 (13271, 36)             | 1.70      (-0.49)
	Mean_corpusc_Hb_conc__MCHC__14                                             | 1895	 (13271, 36)             | 331.00    (0.16)
	Mean_corpusc_haemoglobin_MCH__13                                           | 1895	 (13271, 36)             | 31.20     (-0.19)
	Mean_corpuscular_volume__MCV__11                                           | 1895	 (13271, 36)             | 94.10     (-0.15)
	Monocyte_count_23                                                          | 1895	 (13271, 36)             | 0.40      (-0.48)
	Neutrophil_count_19                                                        | 1895	 (13271, 36)             | 1.40      (-0.47)
	Platelet_count_12                                                          | 1895	 (13271, 36)             | 250.94    (-0.50)
	Red_blood_cell__RBC__count_10                                              | 1895	 (13271, 36)             | 4.74      (-0.49)
	Red_blood_cell_distribution_width_17                                       | 1895	 (13271, 36)             | 11.80     (-0.48)
	Total_white_cell_count_18                                                  | 1895	 (13271, 36)             | 3.50      (-0.50)
	............................................................new week............................................................
	Nasal_steroids_optimal                                                     | 1929	 (13505, 37)             | nan       (nan)
	ALLERGICRHINITISCONJ                                                       | 1929	 (13505, 37)             | nan       (nan)
	............................................................new week............................................................
	Diastolic_blood_pressure_5                                                 | 1982	 (13877, 38)             | 72.00     (-0.36)
	Systolic_blood_pressure_4                                                  | 1982	 (13877, 38)             | 130.00    (-0.23)
	............................................................new week............................................................
	Haemoglobin_estimation_9                                                   | 2003	 (14027, 38)             | 147.00    (-0.03)
	Lymphocyte_count_20                                                        | 2003	 (14027, 38)             | 1.30      (-0.49)
	Mean_corpusc_Hb_conc__MCHC__14                                             | 2003	 (14027, 38)             | 331.00    (0.16)
	Mean_corpusc_haemoglobin_MCH__13                                           | 2003	 (14027, 38)             | 31.10     (-0.20)
	Mean_corpuscular_volume__MCV__11                                           | 2003	 (14027, 38)             | 93.90     (-0.15)
	Monocyte_count_23                                                          | 2003	 (14027, 38)             | 0.50      (-0.47)
	Neutrophil_count_19                                                        | 2003	 (14027, 38)             | 1.20      (-0.48)
	Platelet_count_12                                                          | 2003	 (14027, 38)             | 239.01    (-0.50)
	Red_blood_cell__RBC__count_10                                              | 2003	 (14027, 38)             | 4.73      (-0.49)
	Red_blood_cell_distribution_width_17                                       | 2003	 (14027, 38)             | 12.50     (-0.48)
	Total_white_cell_count_18                                                  | 2003	 (14027, 38)             | 3.10      (-0.50)
	............................................................new week............................................................
	Nasal_steroids_optimal                                                     | 2020	 (14142, 38)             | nan       (nan)
	............................................................new week............................................................
	Body_mass_index_3                                                          | 2033	 (14234, 38)             | 23.60     (-0.35)
	Diastolic_blood_pressure_5                                                 | 2033	 (14234, 38)             | 93.00     (-0.31)
	O_E___height_1                                                             | 2033	 (14234, 38)             | 167.00    (0.08)
	O_E___weight_2                                                             | 2033	 (14234, 38)             | 66.00     (-0.40)
	Systolic_blood_pressure_4                                                  | 2033	 (14234, 38)             | 139.00    (-0.21)
	............................................................new week............................................................
	Calculated_LDL_cholesterol_level_103                                       | 2034	 (14242, 39)             | 2.50      (-0.42)
	GFR_calculated_abbreviated_MDRD_34                                         | 2034	 (14242, 39)             | 60.00     (-0.30)
	Haemoglobin_A1c_level___IFCC_standardised_6                                | 2034	 (14242, 39)             | 29.00     (-0.40)
	Haemoglobin_estimation_9                                                   | 2034	 (14242, 39)             | 143.00    (-0.04)
	Lymphocyte_count_20                                                        | 2034	 (14242, 39)             | 1.20      (-0.49)
	Mean_corpusc_Hb_conc__MCHC__14                                             | 2034	 (14242, 39)             | 335.00    (0.16)
	Mean_corpusc_haemoglobin_MCH__13                                           | 2034	 (14242, 39)             | 31.50     (-0.19)
	Mean_corpuscular_volume__MCV__11                                           | 2034	 (14242, 39)             | 93.90     (-0.15)
	Monocyte_count_23                                                          | 2034	 (14242, 39)             | 0.50      (-0.47)
	Neutrophil_count_19                                                        | 2034	 (14242, 39)             | 1.40      (-0.47)
	Non_HDL_cholesterol_level_108                                              | 2034	 (14242, 39)             | 3.00      (-0.03)
	Platelet_count_12                                                          | 2034	 (14242, 39)             | 262.86    (-0.50)
	Red_blood_cell__RBC__count_10                                              | 2034	 (14242, 39)             | 4.54      (-0.49)
	Red_blood_cell_distribution_width_17                                       | 2034	 (14242, 39)             | 12.30     (-0.48)
	Serum_HDL_cholesterol_level_100                                            | 2034	 (14242, 39)             | 3.08      (0.29)
	Serum_TSH_level_71                                                         | 2034	 (14242, 39)             | 1.15      (-0.50)
	Serum_alanine_aminotransferase_level_45                                    | 2034	 (14242, 39)             | 52.00     (-0.50)
	Serum_albumin_51                                                           | 2034	 (14242, 39)             | 43.00     (-0.27)
	Serum_alkaline_phosphatase_50                                              | 2034	 (14242, 39)             | 50.00     (-0.50)
	Serum_bilirubin_level_53                                                   | 2034	 (14242, 39)             | 17.00     (-0.48)
	Serum_cholesterol_97                                                       | 2034	 (14242, 39)             | 6.10      (-0.41)
	Serum_creatinine_31                                                        | 2034	 (14242, 39)             | 88.00     (-0.49)
	Serum_potassium_26                                                         | 2034	 (14242, 39)             | 4.40      (-0.07)
	Serum_sodium_24                                                            | 2034	 (14242, 39)             | 140.00    (-0.05)
	Serum_triglycerides_105                                                    | 2034	 (14242, 39)             | 1.10      (-0.49)
	Serum_urea_level_29                                                        | 2034	 (14242, 39)             | 5.10      (-0.01)
	Total_cholesterol_HDL_ratio_95                                             | 2034	 (14242, 39)             | 2.00      (-0.50)
	Total_white_cell_count_18                                                  | 2034	 (14242, 39)             | 3.10      (-0.50)
	............................................................new week............................................................
	SSRIs_Optimal                                                              | 2061	 (14430, 39)             | nan       (nan)
	DEPRESSION                                                                 | 2061	 (14430, 39)             | nan       (nan)
	............................................................new week............................................................
	Body_mass_index_3                                                          | 2067	 (14471, 39)             | 24.00     (-0.35)
	Diastolic_blood_pressure_5                                                 | 2067	 (14471, 39)             | 99.00     (-0.29)
	O_E___weight_2                                                             | 2067	 (14471, 39)             | 67.00     (-0.40)
	Systolic_blood_pressure_4                                                  | 2067	 (14471, 39)             | 169.00    (-0.12)
	Calculated_LDL_cholesterol_level_103                                       | 2067	 (14474, 39)             | 2.80      (-0.41)
	GFR_calculated_abbreviated_MDRD_34                                         | 2067	 (14474, 39)             | 60.00     (-0.30)
	Haemoglobin_A1c_level___IFCC_standardised_6                                | 2067	 (14474, 39)             | 32.00     (-0.39)
	Non_HDL_cholesterol_level_108                                              | 2067	 (14474, 39)             | 3.30      (0.02)
	Serum_HDL_cholesterol_level_100                                            | 2067	 (14474, 39)             | 3.07      (0.29)
	Serum_TSH_level_71                                                         | 2067	 (14474, 39)             | 1.23      (-0.50)
	Serum_alanine_aminotransferase_level_45                                    | 2067	 (14474, 39)             | 44.00     (-0.50)
	Serum_albumin_51                                                           | 2067	 (14474, 39)             | 45.00     (-0.26)
	Serum_alkaline_phosphatase_50                                              | 2067	 (14474, 39)             | 40.00     (-0.50)
	Serum_bilirubin_level_53                                                   | 2067	 (14474, 39)             | 10.00     (-0.49)
	Serum_cholesterol_97                                                       | 2067	 (14474, 39)             | 6.30      (-0.41)
	Serum_creatinine_31                                                        | 2067	 (14474, 39)             | 87.00     (-0.49)
	Serum_potassium_26                                                         | 2067	 (14474, 39)             | 5.10      (0.01)
	Serum_sodium_24                                                            | 2067	 (14474, 39)             | 141.00    (-0.04)
	Serum_triglycerides_105                                                    | 2067	 (14474, 39)             | 0.96      (-0.49)
	Serum_urea_level_29                                                        | 2067	 (14474, 39)             | 4.90      (-0.03)
	Total_cholesterol_HDL_ratio_95                                             | 2067	 (14474, 39)             | 2.10      (-0.50)
	............................................................new week............................................................
	Diastolic_blood_pressure_5                                                 | 2068	 (14478, 39)             | 95.00     (-0.30)
	Diastolic_blood_pressure_5                                                 | 2068	 (14478, 39)             | 96.00     (-0.30)
	Systolic_blood_pressure_4                                                  | 2068	 (14478, 39)             | 163.00    (-0.14)
	Systolic_blood_pressure_4                                                  | 2068	 (14478, 39)             | 174.00    (-0.11)
	............................................................new week............................................................
	Diastolic_blood_pressure_5                                                 | 2104	 (14733, 40)             | 98.00     (-0.29)
	Systolic_blood_pressure_4                                                  | 2104	 (14733, 40)             | 154.00    (-0.16)
	............................................................new week............................................................
	Diastolic_blood_pressure_5                                                 | 2105	 (14740, 40)             | 105.00    (-0.28)
	Systolic_blood_pressure_4                                                  | 2105	 (14740, 40)             | 168.00    (-0.13)
	............................................................new week............................................................
	Haematocrit_15                                                             | 2119	 (14835, 40)             | 0.42      (-0.08)
	Haemoglobin_estimation_9                                                   | 2119	 (14835, 40)             | 138.00    (-0.06)
	Lymphocyte_count_20                                                        | 2119	 (14835, 40)             | 1.00      (-0.50)
	Mean_corpusc_Hb_conc__MCHC__14                                             | 2119	 (14835, 40)             | 326.00    (0.14)
	Mean_corpusc_haemoglobin_MCH__13                                           | 2119	 (14835, 40)             | 31.00     (-0.20)
	Mean_corpuscular_volume__MCV__11                                           | 2119	 (14835, 40)             | 94.90     (-0.15)
	Monocyte_count_23                                                          | 2119	 (14835, 40)             | 0.40      (-0.48)
	Neutrophil_count_19                                                        | 2119	 (14835, 40)             | 1.60      (-0.47)
	Platelet_count_12                                                          | 2119	 (14835, 40)             | 225.01    (-0.50)
	Red_blood_cell__RBC__count_10                                              | 2119	 (14835, 40)             | 4.47      (-0.49)
	Red_blood_cell_distribution_width_17                                       | 2119	 (14835, 40)             | 12.50     (-0.48)
	Total_white_cell_count_18                                                  | 2119	 (14835, 40)             | 3.10      (-0.50)
	............................................................new week............................................................
	Body_mass_index_3                                                          | 2143	 (15007, 41)             | 23.59     (-0.35)
	Current_smoker_83                                                          | 2143	 (15007, 41)             | nan       (nan)
	Diastolic_blood_pressure_5                                                 | 2143	 (15007, 41)             | 92.00     (-0.31)
	O_E___height_1                                                             | 2143	 (15007, 41)             | 166.00    (0.08)
	O_E___weight_2                                                             | 2143	 (15007, 41)             | 65.00     (-0.40)
	Serum_HDL_cholesterol_level_100                                            | 2143	 (15007, 41)             | 2.15      (0.05)
	Serum_total_cholesterol_level_98                                           | 2143	 (15007, 41)             | 6.26      (-0.40)
	Systolic_blood_pressure_4                                                  | 2143	 (15007, 41)             | 134.00    (-0.22)
	Total_cholesterol_HDL_ratio_95                                             | 2143	 (15007, 41)             | 2.90      (-0.49)
	............................................................new week............................................................
	Nasal_steroids_optimal                                                     | 2170	 (15192, 41)             | nan       (nan)
	............................................................new week............................................................
	Nasal_steroids_optimal                                                     | 2229	 (15609, 42)             | nan       (nan)
	............................................................new week............................................................
	Mirtazapine                                                                | 2232	 (15626, 42)             | nan       (nan)
	............................................................new week............................................................
	Antihistamines_second_generation_H1_antagonists                            | 2233	 (15635, 42)             | nan       (nan)
	............................................................new week............................................................
	Mirtazapine                                                                | 2234	 (15644, 42)             | nan       (nan)
	............................................................new week............................................................
	Mirtazapine                                                                | 2235	 (15651, 42)             | nan       (nan)
	Nasal_steroids_optimal                                                     | 2235	 (15651, 42)             | nan       (nan)
	............................................................new week............................................................
	Mirtazapine                                                                | 2239	 (15674, 42)             | nan       (nan)
	............................................................new week............................................................
	Mirtazapine                                                                | 2243	 (15703, 43)             | nan       (nan)
	............................................................new week............................................................
	Mirtazapine                                                                | 2247	 (15733, 43)             | nan       (nan)
	............................................................new week............................................................
	Mirtazapine                                                                | 2253	 (15772, 43)             | nan       (nan)
	............................................................new week............................................................
	Mirtazapine                                                                | 2259	 (15815, 43)             | nan       (nan)
	............................................................new week............................................................
	Body_mass_index_3                                                          | 2263	 (15845, 43)             | 23.01     (-0.36)
	Diastolic_blood_pressure_5                                                 | 2263	 (15845, 43)             | 83.00     (-0.33)
	O_E___weight_2                                                             | 2263	 (15845, 43)             | 63.40     (-0.40)
	Systolic_blood_pressure_4                                                  | 2263	 (15845, 43)             | 142.00    (-0.20)
	............................................................new week............................................................
	Mirtazapine                                                                | 2266	 (15865, 43)             | nan       (nan)
	............................................................new week............................................................
	Nasal_steroids_optimal                                                     | 2273	 (15913, 43)             | nan       (nan)
	Mirtazapine                                                                | 2273	 (15914, 43)             | nan       (nan)

========================================================================================================================
DIAGNOSIS SUMMARY
['ALCOHOLMISUSE_V2', 'ALLERGICRHINITISCONJ', 'DEPRESSION']
========================================================================================================================


PREDICTED FUTURE EVENTS
========================================================================================================================
	EVENT                                                                     | AGE IN WEEKS (days, years)  | VALUE
	............................................................new week............................................................
	Mirtazapine                                                                | 2282	 (15980, 43)             | nan       (nan)
	............................................................new week............................................................
	Basophil_count_22                                                          | 2289	 (16026, 43)             | 0.10      (-0.48)
	Calcium_adjusted_level_41                                                  | 2289	 (16026, 43)             | 2.29      (-0.28)
	............................................................new week............................................................
	Eosinophil_count_21                                                        | 2290	 (16030, 43)             | 0.27      (-0.46)
	Haematocrit_15                                                             | 2290	 (16030, 43)             | 0.45      (-0.05)
	Haemoglobin_A1c_level___IFCC_standardised_6                                | 2290	 (16030, 43)             | 37.29     (-0.37)
	Haemoglobin_estimation_9                                                   | 2290	 (16030, 43)             | 146.50    (-0.03)
	Lymphocyte_count_20                                                        | 2290	 (16030, 43)             | 2.35      (-0.49)
	Mean_corpusc_Hb_conc__MCHC__14                                             | 2290	 (16030, 43)             | 339.67    (0.17)
	Mean_corpusc_haemoglobin_MCH__13                                           | 2290	 (16030, 43)             | 31.42     (-0.19)
	Mean_corpuscular_volume__MCV__11                                           | 2290	 (16030, 43)             | 92.13     (-0.16)
	Monocyte_count_23                                                          | 2290	 (16031, 43)             | 0.34      (-0.48)
	Neutrophil_count_19                                                        | 2290	 (16033, 43)             | 1.76      (-0.46)
	Platelet_count_12                                                          | 2290	 (16033, 43)             | -3468.99  (-0.50)
	............................................................new week............................................................
	Red_blood_cell__RBC__count_10                                              | 2291	 (16039, 43)             | 4.58      (-0.49)
	Red_blood_cell_distribution_width_17                                       | 2291	 (16039, 43)             | 12.19     (-0.48)
	Serum_ferritin_63                                                          | 2291	 (16039, 43)             | 522.92    (-0.50)
	............................................................new week............................................................
	Serum_total_25_hydroxy_vitamin_D_level_87                                  | 2292	 (16046, 43)             | 67.59     (0.11)
	Vitamin_D                                                                  | 2292	 (16046, 43)             | nan       (nan)
	............................................................new week............................................................
	Mirtazapine                                                                | 2312	 (16189, 44)             | nan       (nan)
	Current_smoker_83                                                          | 2312	 (16189, 44)             | 17.85     (-0.28)
	............................................................new week............................................................
	Current_smoker_83                                                          | 2340	 (16382, 44)             | 11.89     (-0.35)
	Antipsychotics_OPTIMAL                                                     | 2340	 (16382, 44)             | nan       (nan)
	............................................................new week............................................................
	Mirtazapine                                                                | 2348	 (16439, 45)             | nan       (nan)
	............................................................new week............................................................
	Mirtazapine                                                                | 2352	 (16470, 45)             | nan       (nan)
	............................................................new week............................................................
	Mirtazapine                                                                | 2386	 (16706, 45)             | nan       (nan)
	Mirtazapine                                                                | 2386	 (16707, 45)             | nan       (nan)
	............................................................new week............................................................
	Mirtazapine                                                                | 2392	 (16744, 45)             | nan       (nan)
	............................................................new week............................................................
	Mirtazapine                                                                | 2412	 (16890, 46)             | nan       (nan)
	............................................................new week............................................................
	Mirtazapine                                                                | 2417	 (16921, 46)             | nan       (nan)
	............................................................new week............................................................
	Mirtazapine                                                                | 2422	 (16959, 46)             | nan       (nan)
	............................................................new week............................................................
	Mirtazapine                                                                | 2429	 (17005, 46)             | nan       (nan)
	............................................................new week............................................................
	Mirtazapine                                                                | 2432	 (17027, 46)             | nan       (nan)
	............................................................new week............................................................
	Mirtazapine                                                                | 2437	 (17064, 46)             | nan       (nan)
	............................................................new week............................................................
	Diastolic_blood_pressure_5                                                 | 2443	 (17104, 46)             | 81.50     (-0.34)
	Systolic_blood_pressure_4                                                  | 2443	 (17107, 46)             | 128.58    (-0.23)
	Mirtazapine                                                                | 2443	 (17107, 46)             | nan       (nan)
	............................................................new week............................................................
	Mirtazapine                                                                | 2445	 (17120, 46)             | nan       (nan)
	............................................................new week............................................................
	Mirtazapine                                                                | 2462	 (17239, 47)             | nan       (nan)
	............................................................new week............................................................
	Mirtazapine                                                                | 2475	 (17327, 47)             | nan       (nan)
	............................................................new week............................................................
	Basophil_count_22                                                          | 2478	 (17350, 47)             | 0.08      (-0.48)
	Calculated_LDL_cholesterol_level_103                                       | 2478	 (17350, 47)             | 3.76      (-0.37)
	Eosinophil_count_21                                                        | 2478	 (17350, 47)             | 0.17      (-0.46)
	Haematocrit_15                                                             | 2478	 (17350, 47)             | 0.45      (-0.05)
	Haemoglobin_A1c_level___IFCC_standardised_6                                | 2478	 (17350, 47)             | 27.91     (-0.41)
	Haemoglobin_estimation_9                                                   | 2478	 (17350, 47)             | 145.28    (-0.03)
	Lymphocyte_count_20                                                        | 2478	 (17350, 47)             | 2.19      (-0.49)
	Mean_corpusc_Hb_conc__MCHC__14                                             | 2478	 (17350, 47)             | 325.64    (0.14)
	............................................................new week............................................................
	Mean_corpusc_haemoglobin_MCH__13                                           | 2479	 (17356, 47)             | 30.23     (-0.20)
	............................................................new week............................................................
	Mean_corpuscular_volume__MCV__11                                           | 2480	 (17363, 47)             | 93.09     (-0.15)
	Monocyte_count_23                                                          | 2480	 (17365, 47)             | 0.77      (-0.46)
	Neutrophil_count_19                                                        | 2480	 (17365, 47)             | 1.89      (-0.46)
	Platelet_count_12                                                          | 2480	 (17365, 47)             | -1630.19  (-0.50)
	............................................................new week............................................................
	Red_blood_cell__RBC__count_10                                              | 2481	 (17367, 47)             | 4.71      (-0.49)
	Red_blood_cell_distribution_width_17                                       | 2481	 (17369, 47)             | 13.14     (-0.47)
	Serum_HDL_cholesterol_level_100                                            | 2481	 (17369, 47)             | 2.22      (0.07)
	Serum_TSH_level_71                                                         | 2481	 (17372, 47)             | 8.13      (-0.48)
	............................................................new week............................................................
	Serum_alanine_aminotransferase_level_45                                    | 2482	 (17376, 47)             | -58.98    (-0.50)
	Serum_albumin_51                                                           | 2482	 (17380, 47)             | 45.81     (-0.25)
	............................................................new week............................................................
	Serum_alkaline_phosphatase_50                                              | 2483	 (17381, 47)             | 61.75     (-0.50)
	Serum_bilirubin_level_53                                                   | 2483	 (17381, 47)             | 12.66     (-0.48)
	Serum_calcium_39                                                           | 2483	 (17381, 47)             | 2.39      (-0.27)
	Serum_creatinine_31                                                        | 2483	 (17385, 47)             | 72.38     (-0.49)
	Serum_non_high_density_lipoprotein_cholesterol_level_107                   | 2483	 (17387, 47)             | 3.53      (0.41)
	Serum_potassium_26                                                         | 2483	 (17387, 47)             | 4.58      (-0.05)
	Serum_sodium_24                                                            | 2483	 (17387, 47)             | 142.27    (-0.02)
	Serum_urea_level_29                                                        | 2483	 (17387, 47)             | 2.31      (-0.28)
	............................................................new week............................................................
	eGFR_using_creatinine_CKD_EPI_per_1_73_square_metres_33                    | 2484	 (17389, 47)             | 82.20     (-0.29)
	............................................................new week............................................................
	Mirtazapine                                                                | 2502	 (17517, 47)             | nan       (nan)
	............................................................new week............................................................
	SUBSTANCEMISUSE                                                            | 2503	 (17522, 48)             | nan       (nan)
	............................................................new week............................................................
	Mirtazapine                                                                | 2510	 (17575, 48)             | nan       (nan)
	............................................................new week............................................................
	Mirtazapine                                                                | 2513	 (17593, 48)             | nan       (nan)
	............................................................new week............................................................
	Mirtazapine                                                                | 2535	 (17745, 48)             | nan       (nan)
	............................................................new week............................................................
	Mirtazapine                                                                | 2545	 (17818, 48)             | nan       (nan)
	............................................................new week............................................................
	Mirtazapine                                                                | 2555	 (17889, 49)             | nan       (nan)
	............................................................new week............................................................
	Mirtazapine                                                                | 2558	 (17911, 49)             | nan       (nan)
	............................................................new week............................................................
	Mirtazapine                                                                | 2561	 (17931, 49)             | nan       (nan)
	............................................................new week............................................................
	Mirtazapine                                                                | 2563	 (17942, 49)             | nan       (nan)
	Mirtazapine                                                                | 2563	 (17944, 49)             | nan       (nan)
	............................................................new week............................................................
	Mirtazapine                                                                | 2573	 (18015, 49)             | nan       (nan)
	............................................................new week............................................................
	Mirtazapine                                                                | 2582	 (18074, 49)             | nan       (nan)
	............................................................new week............................................................
	Mirtazapine                                                                | 2629	 (18403, 50)             | nan       (nan)
	............................................................new week............................................................
	Mirtazapine                                                                | 2661	 (18631, 51)             | nan       (nan)
	............................................................new week............................................................
	Mirtazapine                                                                | 2665	 (18658, 51)             | nan       (nan)
	............................................................new week............................................................
	Mirtazapine                                                                | 2673	 (18713, 51)             | nan       (nan)
	............................................................new week............................................................
	Mirtazapine                                                                | 2688	 (18819, 51)             | nan       (nan)
	............................................................new week............................................................
	Mirtazapine                                                                | 2700	 (18903, 51)             | nan       (nan)
	............................................................new week............................................................
	Mirtazapine                                                                | 2702	 (18914, 51)             | nan       (nan)
	............................................................new week............................................................
	Mirtazapine                                                                | 2705	 (18936, 51)             | nan       (nan)
	Mirtazapine                                                                | 2705	 (18940, 51)             | nan       (nan)
	............................................................new week............................................................
	Vitamin_D                                                                  | 2710	 (18973, 51)             | nan       (nan)
	............................................................new week............................................................
	Mirtazapine                                                                | 2714	 (19002, 52)             | nan       (nan)
	............................................................new week............................................................
	Mirtazapine                                                                | 2715	 (19009, 52)             | nan       (nan)
	............................................................new week............................................................
	Body_mass_index_3                                                          | 2721	 (19051, 52)             | 27.12     (-0.32)
	O_E___height_1                                                             | 2721	 (19051, 52)             | 170.17    (0.10)
	O_E___weight_2                                                             | 2721	 (19051, 52)             | 73.72     (-0.39)
	Mirtazapine                                                                | 2721	 (19053, 52)             | nan       (nan)
	............................................................new week............................................................
	Mirtazapine                                                                | 2727	 (19090, 52)             | nan       (nan)
	............................................................new week............................................................
	Mirtazapine                                                                | 2730	 (19113, 52)             | nan       (nan)
	............................................................new week............................................................
	Mirtazapine                                                                | 2737	 (19161, 52)             | nan       (nan)
	............................................................new week............................................................
	Mirtazapine                                                                | 2740	 (19183, 52)             | nan       (nan)
	............................................................new week............................................................
	Mirtazapine                                                                | 2749	 (19243, 52)             | nan       (nan)
	............................................................new week............................................................
	Mirtazapine                                                                | 2752	 (19267, 52)             | nan       (nan)
	............................................................new week............................................................
	Mirtazapine                                                                | 2756	 (19292, 52)             | nan       (nan)
	............................................................new week............................................................
	Weak_Opioids_Final                                                         | 2759	 (19318, 52)             | nan       (nan)
	............................................................new week............................................................
	Mirtazapine                                                                | 2761	 (19331, 52)             | nan       (nan)
	............................................................new week............................................................
	Basophil_count_22                                                          | 2762	 (19334, 52)             | 0.12      (-0.48)
	Diastolic_blood_pressure_5                                                 | 2762	 (19334, 52)             | 95.16     (-0.30)
	Eosinophil_count_21                                                        | 2762	 (19336, 52)             | 0.29      (-0.45)
	Haematocrit_15                                                             | 2762	 (19338, 52)             | 0.45      (-0.05)
	Haemoglobin_A1c_level___IFCC_standardised_6                                | 2762	 (19340, 52)             | 34.80     (-0.38)
	Haemoglobin_estimation_9                                                   | 2762	 (19340, 52)             | 147.38    (-0.03)
	Mean_corpuscular_volume__MCV__11                                           | 2762	 (19340, 52)             | 94.94     (-0.15)
	Monocyte_count_23                                                          | 2762	 (19340, 52)             | 0.92      (-0.45)
	Neutrophil_count_19                                                        | 2762	 (19340, 52)             | 1.99      (-0.46)
	............................................................new week............................................................
	Never_smoked_tobacco_85                                                    | 2763	 (19343, 52)             | 0.00      (1.42)
	............................................................new week............................................................
	Nasal_steroids_optimal                                                     | 2767	 (19369, 53)             | nan       (nan)
	............................................................new week............................................................
	Weak_Opioids_Final                                                         | 2768	 (19378, 53)             | nan       (nan)
	............................................................new week............................................................
	Mirtazapine                                                                | 2779	 (19455, 53)             | nan       (nan)
	............................................................new week............................................................
	Mirtazapine                                                                | 2781	 (19470, 53)             | nan       (nan)
	............................................................new week............................................................
	Vitamin_D                                                                  | 2782	 (19475, 53)             | nan       (nan)
	............................................................new week............................................................
	Basophil_count_22                                                          | 2787	 (19513, 53)             | 0.04      (-0.49)
	Eosinophil_count_21                                                        | 2787	 (19513, 53)             | 0.22      (-0.46)
	Haematocrit_15                                                             | 2787	 (19515, 53)             | 0.40      (-0.10)
	............................................................new week............................................................
	Haemoglobin_A1c_level___IFCC_standardised_6                                | 2788	 (19519, 53)             | 42.66     (-0.35)
	............................................................new week............................................................
	Haemoglobin_estimation_9                                                   | 2789	 (19524, 53)             | 134.49    (-0.07)
	Lymphocyte_count_20                                                        | 2789	 (19524, 53)             | 2.63      (-0.49)
	Mean_corpusc_Hb_conc__MCHC__14                                             | 2789	 (19528, 53)             | 335.64    (0.16)
	Mean_corpusc_haemoglobin_MCH__13                                           | 2789	 (19528, 53)             | 30.06     (-0.21)
	Mean_corpuscular_volume__MCV__11                                           | 2789	 (19528, 53)             | 90.15     (-0.17)
	Platelet_count_12                                                          | 2789	 (19528, 53)             | -10236.50 (-0.50)
	............................................................new week............................................................
	Red_blood_cell__RBC__count_10                                              | 2790	 (19535, 53)             | 4.81      (-0.49)
	Red_blood_cell_distribution_width_17                                       | 2790	 (19535, 53)             | 13.80     (-0.46)
	Serum_C_reactive_protein_level_59                                          | 2790	 (19535, 53)             | 7.30      (0.10)
	............................................................new week............................................................
	Serum_C_reactive_protein_level_59                                          | 2791	 (19537, 53)             | 3.02      (-0.07)
	Serum_TSH_level_71                                                         | 2791	 (19537, 53)             | 5.31      (-0.49)
	Levothyroxine_                                                             | 2791	 (19537, 53)             | nan       (nan)
	Mirtazapine                                                                | 2791	 (19537, 53)             | nan       (nan)
	Serum_alanine_aminotransferase_level_45                                    | 2791	 (19537, 53)             | 42.25     (-0.50)
	Serum_albumin_51                                                           | 2791	 (19537, 53)             | 37.30     (-0.30)
	Serum_alkaline_phosphatase_50                                              | 2791	 (19537, 53)             | 15.57     (-0.50)
	Serum_bilirubin_level_53                                                   | 2791	 (19539, 53)             | 13.87     (-0.48)
	Serum_calcium_39                                                           | 2791	 (19539, 53)             | 2.34      (-0.27)
	Serum_vitamin_D_86                                                         | 2791	 (19539, 53)             | 27.19     (-0.47)
	............................................................new week............................................................
	Vitamin_D                                                                  | 2793	 (19555, 53)             | nan       (nan)
	............................................................new week............................................................
	Mirtazapine                                                                | 2795	 (19568, 53)             | nan       (nan)
	............................................................new week............................................................
	Mirtazapine                                                                | 2799	 (19594, 53)             | nan       (nan)
	Mirtazapine                                                                | 2799	 (19597, 53)             | nan       (nan)
	............................................................new week............................................................
	Mirtazapine                                                                | 2800	 (19603, 53)             | nan       (nan)
	Vitamin_D                                                                  | 2800	 (19603, 53)             | nan       (nan)
