STATIC INFORMATION
========================================================================================================================
	SEX:               M
	IMD:               5.0
	ETHNICITY:         BLACK
	birth_year:        1978.0


GIVEN PATIENT CONTEXT
========================================================================================================================
	EVENT                                                                     | AGE IN WEEKS (days, years)   | VALUE
	............................................................new week............................................................
	ALCOHOLMISUSE_V2                                                           | 1777	 (12445, 34)             | nan       (nan)
	............................................................new week............................................................
	Body_mass_index_3                                                          | 1778	 (12449, 34)             | 25.20     (-0.34)
	Diastolic_blood_pressure_5                                                 | 1778	 (12449, 34)             | 80.00     (-0.34)
	O_E___height_1                                                             | 1778	 (12449, 34)             | 167.00    (0.08)
	O_E___weight_2                                                             | 1778	 (12449, 34)             | 70.20     (-0.39)
	Systolic_blood_pressure_4                                                  | 1778	 (12449, 34)             | 142.00    (-0.20)
	............................................................new week............................................................
	Nasal_steroids_optimal                                                     | 1814	 (12701, 34)             | nan       (nan)
	............................................................new week............................................................
	Nasal_steroids_optimal                                                     | 1820	 (12745, 34)             | nan       (nan)
	............................................................new week............................................................
	GFR_calculated_abbreviated_MDRD_34                                         | 1830	 (12816, 35)             | nan       (nan)
	Haemoglobin_estimation_9                                                   | 1830	 (12816, 35)             | 143.00    (-0.04)
	Lymphocyte_count_20                                                        | 1830	 (12816, 35)             | 0.90      (-0.50)
	Mean_corpusc_Hb_conc__MCHC__14                                             | 1830	 (12816, 35)             | 322.00    (0.14)
	Mean_corpusc_haemoglobin_MCH__13                                           | 1830	 (12816, 35)             | 30.60     (-0.20)
	Mean_corpuscular_volume__MCV__11                                           | 1830	 (12816, 35)             | 95.20     (-0.14)
	Monocyte_count_23                                                          | 1830	 (12816, 35)             | 0.20      (-0.49)
	Neutrophil_count_19                                                        | 1830	 (12816, 35)             | 1.00      (-0.48)
	Platelet_count_12                                                          | 1830	 (12816, 35)             | 258.09    (-0.50)
	Red_blood_cell__RBC__count_10                                              | 1830	 (12816, 35)             | 4.69      (-0.49)
	Red_blood_cell_distribution_width_17                                       | 1830	 (12816, 35)             | 12.80     (-0.47)
	Serum_C_reactive_protein_level_59                                          | 1830	 (12816, 35)             | 4.00      (-0.03)
	Serum_alanine_aminotransferase_level_45                                    | 1830	 (12816, 35)             | 44.00     (-0.50)
	Serum_albumin_51                                                           | 1830	 (12816, 35)             | 42.00     (-0.28)
	Serum_alkaline_phosphatase_50                                              | 1830	 (12816, 35)             | 32.00     (-0.50)
	Serum_bilirubin_level_53                                                   | 1830	 (12816, 35)             | 13.00     (-0.48)
	Serum_creatinine_31                                                        | 1830	 (12816, 35)             | 85.00     (-0.49)
	Serum_gamma_glutamyl_transferase_level_57                                  | 1830	 (12816, 35)             | 38.00     (0.04)
	Serum_potassium_26                                                         | 1830	 (12816, 35)             | 4.10      (-0.10)
	Serum_sodium_24                                                            | 1830	 (12816, 35)             | 139.00    (-0.05)
	Serum_urea_level_29                                                        | 1830	 (12816, 35)             | 6.50      (0.13)
	Total_white_cell_count_18                                                  | 1830	 (12816, 35)             | 2.20      (-0.50)
	............................................................new week............................................................
	Haemoglobin_estimation_9                                                   | 1834	 (12842, 35)             | 148.00    (-0.02)
	Lymphocyte_count_20                                                        | 1834	 (12842, 35)             | 0.90      (-0.50)
	Mean_corpusc_Hb_conc__MCHC__14                                             | 1834	 (12842, 35)             | 317.00    (0.13)
	Mean_corpusc_haemoglobin_MCH__13                                           | 1834	 (12842, 35)             | 30.50     (-0.20)
	Mean_corpuscular_volume__MCV__11                                           | 1834	 (12842, 35)             | 96.30     (-0.14)
	Monocyte_count_23                                                          | 1834	 (12842, 35)             | 0.30      (-0.48)
	Neutrophil_count_19                                                        | 1834	 (12842, 35)             | 1.30      (-0.47)
	Platelet_count_12                                                          | 1834	 (12842, 35)             | 227.99    (-0.50)
	Red_blood_cell__RBC__count_10                                              | 1834	 (12842, 35)             | 4.86      (-0.49)
	Red_blood_cell_distribution_width_17                                       | 1834	 (12842, 35)             | 12.20     (-0.48)
	Total_white_cell_count_18                                                  | 1834	 (12842, 35)             | 2.60      (-0.50)
	............................................................new week............................................................
	Haemoglobin_estimation_9                                                   | 1845	 (12920, 35)             | 151.00    (-0.01)
	Lymphocyte_count_20                                                        | 1845	 (12920, 35)             | 1.20      (-0.49)
	Mean_corpusc_Hb_conc__MCHC__14                                             | 1845	 (12920, 35)             | 322.00    (0.14)
	Mean_corpusc_haemoglobin_MCH__13                                           | 1845	 (12920, 35)             | 30.60     (-0.20)
	Mean_corpuscular_volume__MCV__11                                           | 1845	 (12920, 35)             | 95.00     (-0.15)
	Monocyte_count_23                                                          | 1845	 (12920, 35)             | 0.30      (-0.48)
	Neutrophil_count_19                                                        | 1845	 (12920, 35)             | 1.10      (-0.48)
	Platelet_count_12                                                          | 1845	 (12920, 35)             | 275.08    (-0.50)
	Red_blood_cell__RBC__count_10                                              | 1845	 (12920, 35)             | 4.93      (-0.49)
	Red_blood_cell_distribution_width_17                                       | 1845	 (12920, 35)             | 11.30     (-0.49)
	Total_white_cell_count_18                                                  | 1845	 (12920, 35)             | 2.60      (-0.50)
	............................................................new week............................................................
	Nasal_steroids_optimal                                                     | 1862	 (13039, 35)             | nan       (nan)
	Nasal_steroids_optimal                                                     | 1862	 (13039, 35)             | nan       (nan)
	Nasal_steroids_optimal                                                     | 1862	 (13040, 35)             | nan       (nan)
	............................................................new week............................................................
	Nasal_steroids_optimal                                                     | 1872	 (13110, 35)             | nan       (nan)
	............................................................new week............................................................
	Haemoglobin_estimation_9                                                   | 1895	 (13271, 36)             | 148.00    (-0.02)
	Lymphocyte_count_20                                                        | 1895	 (13271, 36)             | 1.70      (-0.49)
	Mean_corpusc_Hb_conc__MCHC__14                                             | 1895	 (13271, 36)             | 331.00    (0.16)
	Mean_corpusc_haemoglobin_MCH__13                                           | 1895	 (13271, 36)             | 31.20     (-0.19)
	Mean_corpuscular_volume__MCV__11                                           | 1895	 (13271, 36)             | 94.10     (-0.15)
	Monocyte_count_23                                                          | 1895	 (13271, 36)             | 0.40      (-0.48)
	Neutrophil_count_19                                                        | 1895	 (13271, 36)             | 1.40      (-0.47)
	Platelet_count_12                                                          | 1895	 (13271, 36)             | 250.94    (-0.50)
	Red_blood_cell__RBC__count_10                                              | 1895	 (13271, 36)             | 4.74      (-0.49)
	Red_blood_cell_distribution_width_17                                       | 1895	 (13271, 36)             | 11.80     (-0.48)
	Total_white_cell_count_18                                                  | 1895	 (13271, 36)             | 3.50      (-0.50)
	............................................................new week............................................................
	Nasal_steroids_optimal                                                     | 1929	 (13505, 37)             | nan       (nan)
	ALLERGICRHINITISCONJ                                                       | 1929	 (13505, 37)             | nan       (nan)
	............................................................new week............................................................
	Diastolic_blood_pressure_5                                                 | 1982	 (13877, 38)             | 72.00     (-0.36)
	Systolic_blood_pressure_4                                                  | 1982	 (13877, 38)             | 130.00    (-0.23)
	............................................................new week............................................................
	Haemoglobin_estimation_9                                                   | 2003	 (14027, 38)             | 147.00    (-0.03)
	Lymphocyte_count_20                                                        | 2003	 (14027, 38)             | 1.30      (-0.49)
	Mean_corpusc_Hb_conc__MCHC__14                                             | 2003	 (14027, 38)             | 331.00    (0.16)
	Mean_corpusc_haemoglobin_MCH__13                                           | 2003	 (14027, 38)             | 31.10     (-0.20)
	Mean_corpuscular_volume__MCV__11                                           | 2003	 (14027, 38)             | 93.90     (-0.15)
	Monocyte_count_23                                                          | 2003	 (14027, 38)             | 0.50      (-0.47)
	Neutrophil_count_19                                                        | 2003	 (14027, 38)             | 1.20      (-0.48)
	Platelet_count_12                                                          | 2003	 (14027, 38)             | 239.01    (-0.50)
	Red_blood_cell__RBC__count_10                                              | 2003	 (14027, 38)             | 4.73      (-0.49)
	Red_blood_cell_distribution_width_17                                       | 2003	 (14027, 38)             | 12.50     (-0.48)
	Total_white_cell_count_18                                                  | 2003	 (14027, 38)             | 3.10      (-0.50)
	............................................................new week............................................................
	Nasal_steroids_optimal                                                     | 2020	 (14142, 38)             | nan       (nan)
	............................................................new week............................................................
	Body_mass_index_3                                                          | 2033	 (14234, 38)             | 23.60     (-0.35)
	Diastolic_blood_pressure_5                                                 | 2033	 (14234, 38)             | 93.00     (-0.31)
	O_E___height_1                                                             | 2033	 (14234, 38)             | 167.00    (0.08)
	O_E___weight_2                                                             | 2033	 (14234, 38)             | 66.00     (-0.40)
	Systolic_blood_pressure_4                                                  | 2033	 (14234, 38)             | 139.00    (-0.21)
	............................................................new week............................................................
	Calculated_LDL_cholesterol_level_103                                       | 2034	 (14242, 39)             | 2.50      (-0.42)
	GFR_calculated_abbreviated_MDRD_34                                         | 2034	 (14242, 39)             | 60.00     (-0.30)
	Haemoglobin_A1c_level___IFCC_standardised_6                                | 2034	 (14242, 39)             | 29.00     (-0.40)
	Haemoglobin_estimation_9                                                   | 2034	 (14242, 39)             | 143.00    (-0.04)
	Lymphocyte_count_20                                                        | 2034	 (14242, 39)             | 1.20      (-0.49)
	Mean_corpusc_Hb_conc__MCHC__14                                             | 2034	 (14242, 39)             | 335.00    (0.16)
	Mean_corpusc_haemoglobin_MCH__13                                           | 2034	 (14242, 39)             | 31.50     (-0.19)
	Mean_corpuscular_volume__MCV__11                                           | 2034	 (14242, 39)             | 93.90     (-0.15)
	Monocyte_count_23                                                          | 2034	 (14242, 39)             | 0.50      (-0.47)
	Neutrophil_count_19                                                        | 2034	 (14242, 39)             | 1.40      (-0.47)
	Non_HDL_cholesterol_level_108                                              | 2034	 (14242, 39)             | 3.00      (-0.03)
	Platelet_count_12                                                          | 2034	 (14242, 39)             | 262.86    (-0.50)
	Red_blood_cell__RBC__count_10                                              | 2034	 (14242, 39)             | 4.54      (-0.49)
	Red_blood_cell_distribution_width_17                                       | 2034	 (14242, 39)             | 12.30     (-0.48)
	Serum_HDL_cholesterol_level_100                                            | 2034	 (14242, 39)             | 3.08      (0.29)
	Serum_TSH_level_71                                                         | 2034	 (14242, 39)             | 1.15      (-0.50)
	Serum_alanine_aminotransferase_level_45                                    | 2034	 (14242, 39)             | 52.00     (-0.50)
	Serum_albumin_51                                                           | 2034	 (14242, 39)             | 43.00     (-0.27)
	Serum_alkaline_phosphatase_50                                              | 2034	 (14242, 39)             | 50.00     (-0.50)
	Serum_bilirubin_level_53                                                   | 2034	 (14242, 39)             | 17.00     (-0.48)
	Serum_cholesterol_97                                                       | 2034	 (14242, 39)             | 6.10      (-0.41)
	Serum_creatinine_31                                                        | 2034	 (14242, 39)             | 88.00     (-0.49)
	Serum_potassium_26                                                         | 2034	 (14242, 39)             | 4.40      (-0.07)
	Serum_sodium_24                                                            | 2034	 (14242, 39)             | 140.00    (-0.05)
	Serum_triglycerides_105                                                    | 2034	 (14242, 39)             | 1.10      (-0.49)
	Serum_urea_level_29                                                        | 2034	 (14242, 39)             | 5.10      (-0.01)
	Total_cholesterol_HDL_ratio_95                                             | 2034	 (14242, 39)             | 2.00      (-0.50)
	Total_white_cell_count_18                                                  | 2034	 (14242, 39)             | 3.10      (-0.50)
	............................................................new week............................................................
	SSRIs_Optimal                                                              | 2061	 (14430, 39)             | nan       (nan)
	DEPRESSION                                                                 | 2061	 (14430, 39)             | nan       (nan)
	............................................................new week............................................................
	Body_mass_index_3                                                          | 2067	 (14471, 39)             | 24.00     (-0.35)
	Diastolic_blood_pressure_5                                                 | 2067	 (14471, 39)             | 99.00     (-0.29)
	O_E___weight_2                                                             | 2067	 (14471, 39)             | 67.00     (-0.40)
	Systolic_blood_pressure_4                                                  | 2067	 (14471, 39)             | 169.00    (-0.12)
	Calculated_LDL_cholesterol_level_103                                       | 2067	 (14474, 39)             | 2.80      (-0.41)
	GFR_calculated_abbreviated_MDRD_34                                         | 2067	 (14474, 39)             | 60.00     (-0.30)
	Haemoglobin_A1c_level___IFCC_standardised_6                                | 2067	 (14474, 39)             | 32.00     (-0.39)
	Non_HDL_cholesterol_level_108                                              | 2067	 (14474, 39)             | 3.30      (0.02)
	Serum_HDL_cholesterol_level_100                                            | 2067	 (14474, 39)             | 3.07      (0.29)
	Serum_TSH_level_71                                                         | 2067	 (14474, 39)             | 1.23      (-0.50)
	Serum_alanine_aminotransferase_level_45                                    | 2067	 (14474, 39)             | 44.00     (-0.50)
	Serum_albumin_51                                                           | 2067	 (14474, 39)             | 45.00     (-0.26)
	Serum_alkaline_phosphatase_50                                              | 2067	 (14474, 39)             | 40.00     (-0.50)
	Serum_bilirubin_level_53                                                   | 2067	 (14474, 39)             | 10.00     (-0.49)
	Serum_cholesterol_97                                                       | 2067	 (14474, 39)             | 6.30      (-0.41)
	Serum_creatinine_31                                                        | 2067	 (14474, 39)             | 87.00     (-0.49)
	Serum_potassium_26                                                         | 2067	 (14474, 39)             | 5.10      (0.01)
	Serum_sodium_24                                                            | 2067	 (14474, 39)             | 141.00    (-0.04)
	Serum_triglycerides_105                                                    | 2067	 (14474, 39)             | 0.96      (-0.49)
	Serum_urea_level_29                                                        | 2067	 (14474, 39)             | 4.90      (-0.03)
	Total_cholesterol_HDL_ratio_95                                             | 2067	 (14474, 39)             | 2.10      (-0.50)
	............................................................new week............................................................
	Diastolic_blood_pressure_5                                                 | 2068	 (14478, 39)             | 95.00     (-0.30)
	Diastolic_blood_pressure_5                                                 | 2068	 (14478, 39)             | 96.00     (-0.30)
	Systolic_blood_pressure_4                                                  | 2068	 (14478, 39)             | 163.00    (-0.14)
	Systolic_blood_pressure_4                                                  | 2068	 (14478, 39)             | 174.00    (-0.11)
	............................................................new week............................................................
	Diastolic_blood_pressure_5                                                 | 2104	 (14733, 40)             | 98.00     (-0.29)
	Systolic_blood_pressure_4                                                  | 2104	 (14733, 40)             | 154.00    (-0.16)
	............................................................new week............................................................
	Diastolic_blood_pressure_5                                                 | 2105	 (14740, 40)             | 105.00    (-0.28)
	Systolic_blood_pressure_4                                                  | 2105	 (14740, 40)             | 168.00    (-0.13)
	............................................................new week............................................................
	Haematocrit_15                                                             | 2119	 (14835, 40)             | 0.42      (-0.08)
	Haemoglobin_estimation_9                                                   | 2119	 (14835, 40)             | 138.00    (-0.06)
	Lymphocyte_count_20                                                        | 2119	 (14835, 40)             | 1.00      (-0.50)
	Mean_corpusc_Hb_conc__MCHC__14                                             | 2119	 (14835, 40)             | 326.00    (0.14)
	Mean_corpusc_haemoglobin_MCH__13                                           | 2119	 (14835, 40)             | 31.00     (-0.20)
	Mean_corpuscular_volume__MCV__11                                           | 2119	 (14835, 40)             | 94.90     (-0.15)
	Monocyte_count_23                                                          | 2119	 (14835, 40)             | 0.40      (-0.48)
	Neutrophil_count_19                                                        | 2119	 (14835, 40)             | 1.60      (-0.47)
	Platelet_count_12                                                          | 2119	 (14835, 40)             | 225.01    (-0.50)
	Red_blood_cell__RBC__count_10                                              | 2119	 (14835, 40)             | 4.47      (-0.49)
	Red_blood_cell_distribution_width_17                                       | 2119	 (14835, 40)             | 12.50     (-0.48)
	Total_white_cell_count_18                                                  | 2119	 (14835, 40)             | 3.10      (-0.50)
	............................................................new week............................................................
	Body_mass_index_3                                                          | 2143	 (15007, 41)             | 23.59     (-0.35)
	Current_smoker_83                                                          | 2143	 (15007, 41)             | nan       (nan)
	Diastolic_blood_pressure_5                                                 | 2143	 (15007, 41)             | 92.00     (-0.31)
	O_E___height_1                                                             | 2143	 (15007, 41)             | 166.00    (0.08)
	O_E___weight_2                                                             | 2143	 (15007, 41)             | 65.00     (-0.40)
	Serum_HDL_cholesterol_level_100                                            | 2143	 (15007, 41)             | 2.15      (0.05)
	Serum_total_cholesterol_level_98                                           | 2143	 (15007, 41)             | 6.26      (-0.40)
	Systolic_blood_pressure_4                                                  | 2143	 (15007, 41)             | 134.00    (-0.22)
	Total_cholesterol_HDL_ratio_95                                             | 2143	 (15007, 41)             | 2.90      (-0.49)
	............................................................new week............................................................
	Nasal_steroids_optimal                                                     | 2170	 (15192, 41)             | nan       (nan)
	............................................................new week............................................................
	Nasal_steroids_optimal                                                     | 2229	 (15609, 42)             | nan       (nan)
	............................................................new week............................................................
	Mirtazapine                                                                | 2232	 (15626, 42)             | nan       (nan)
	............................................................new week............................................................
	Antihistamines_second_generation_H1_antagonists                            | 2233	 (15635, 42)             | nan       (nan)
	............................................................new week............................................................
	Mirtazapine                                                                | 2234	 (15644, 42)             | nan       (nan)
	............................................................new week............................................................
	Mirtazapine                                                                | 2235	 (15651, 42)             | nan       (nan)
	Nasal_steroids_optimal                                                     | 2235	 (15651, 42)             | nan       (nan)
	............................................................new week............................................................
	Mirtazapine                                                                | 2239	 (15674, 42)             | nan       (nan)
	............................................................new week............................................................
	Mirtazapine                                                                | 2243	 (15703, 43)             | nan       (nan)
	............................................................new week............................................................
	Mirtazapine                                                                | 2247	 (15733, 43)             | nan       (nan)
	............................................................new week............................................................
	Mirtazapine                                                                | 2253	 (15772, 43)             | nan       (nan)
	............................................................new week............................................................
	Mirtazapine                                                                | 2259	 (15815, 43)             | nan       (nan)
	............................................................new week............................................................
	Body_mass_index_3                                                          | 2263	 (15845, 43)             | 23.01     (-0.36)
	Diastolic_blood_pressure_5                                                 | 2263	 (15845, 43)             | 83.00     (-0.33)
	O_E___weight_2                                                             | 2263	 (15845, 43)             | 63.40     (-0.40)
	Systolic_blood_pressure_4                                                  | 2263	 (15845, 43)             | 142.00    (-0.20)
	............................................................new week............................................................
	Mirtazapine                                                                | 2266	 (15865, 43)             | nan       (nan)
	............................................................new week............................................................
	Nasal_steroids_optimal                                                     | 2273	 (15913, 43)             | nan       (nan)
	Mirtazapine                                                                | 2273	 (15914, 43)             | nan       (nan)

========================================================================================================================
DIAGNOSIS SUMMARY
['ALCOHOLMISUSE_V2', 'ALLERGICRHINITISCONJ', 'DEPRESSION']
========================================================================================================================


PREDICTED FUTURE EVENTS
========================================================================================================================
	EVENT                                                                     | AGE IN WEEKS (days, years)  | VALUE
	............................................................new week............................................................
	Mirtazapine                                                                | 2274	 (15922, 43)             | nan       (nan)
	............................................................new week............................................................
	Mirtazapine                                                                | 2276	 (15935, 43)             | nan       (nan)
	............................................................new week............................................................
	Mirtazapine                                                                | 2277	 (15942, 43)             | nan       (nan)
	............................................................new week............................................................
	Mirtazapine                                                                | 2278	 (15946, 43)             | nan       (nan)
	Basophil_count_22                                                          | 2278	 (15951, 43)             | 0.14      (-0.48)
	Eosinophil_count_21                                                        | 2278	 (15951, 43)             | 0.11      (-0.47)
	GFR_calculated_abbreviated_MDRD_34                                         | 2278	 (15951, 43)             | 56.75     (-0.31)
	Haematocrit_15                                                             | 2278	 (15951, 43)             | 0.44      (-0.06)
	Haemoglobin_estimation_9                                                   | 2278	 (15951, 43)             | 148.16    (-0.02)
	............................................................new week............................................................
	Lymphocyte_count_20                                                        | 2279	 (15953, 43)             | 0.50      (-0.50)
	Mean_corpusc_Hb_conc__MCHC__14                                             | 2279	 (15953, 43)             | 340.19    (0.17)
	Mean_corpusc_haemoglobin_MCH__13                                           | 2279	 (15955, 43)             | 33.20     (-0.17)
	Mean_corpuscular_volume__MCV__11                                           | 2279	 (15957, 43)             | 98.00     (-0.13)
	Monocyte_count_23                                                          | 2279	 (15957, 43)             | 0.30      (-0.48)
	............................................................new week............................................................
	Neutrophil_count_19                                                        | 2280	 (15960, 43)             | 1.45      (-0.47)
	Platelet_count_12                                                          | 2280	 (15964, 43)             | -1790.52  (-0.50)
	Red_blood_cell__RBC__count_10                                              | 2280	 (15964, 43)             | 4.36      (-0.49)
	Red_blood_cell_distribution_width_17                                       | 2280	 (15964, 43)             | 14.25     (-0.46)
	Serum_C_reactive_protein_level_59                                          | 2280	 (15966, 43)             | -1.20     (-0.23)
	............................................................new week............................................................
	Serum_alanine_aminotransferase_level_45                                    | 2281	 (15967, 43)             | 62.89     (-0.50)
	Serum_albumin_51                                                           | 2281	 (15967, 43)             | 38.75     (-0.29)
	Serum_alkaline_phosphatase_50                                              | 2281	 (15967, 43)             | 195.29    (-0.49)
	Serum_total_bilirubin_level_56                                             | 2281	 (15967, 43)             | 7.55      (-0.49)
	............................................................new week............................................................
	Body_mass_index_3                                                          | 2284	 (15988, 43)             | 24.84     (-0.34)
	Current_smoker_83                                                          | 2284	 (15989, 43)             | 6.28      (-0.42)
	O_E___height_1                                                             | 2284	 (15989, 43)             | 170.31    (0.10)
	O_E___weight_2                                                             | 2284	 (15989, 43)             | 75.82     (-0.38)
	............................................................new week............................................................
	Mirtazapine                                                                | 2287	 (16013, 43)             | nan       (nan)
	Basophil_count_22                                                          | 2287	 (16015, 43)             | 0.12      (-0.48)
	Calcium_adjusted_level_41                                                  | 2287	 (16015, 43)             | 2.40      (-0.27)
	............................................................new week............................................................
	Eosinophil_count_21                                                        | 2288	 (16017, 43)             | 0.12      (-0.47)
	GFR_calculated_abbreviated_MDRD_34                                         | 2288	 (16020, 43)             | 82.04     (-0.23)
	Haematocrit_15                                                             | 2288	 (16020, 43)             | 0.42      (-0.08)
	Haemoglobin_A1c_level___IFCC_standardised_6                                | 2288	 (16020, 43)             | 32.30     (-0.39)
	Haemoglobin_estimation_9                                                   | 2288	 (16020, 43)             | 141.74    (-0.05)
	Lymphocyte_count_20                                                        | 2288	 (16020, 43)             | 2.37      (-0.49)
	Mean_corpusc_Hb_conc__MCHC__14                                             | 2288	 (16020, 43)             | 344.56    (0.18)
	Mean_corpusc_haemoglobin_MCH__13                                           | 2288	 (16020, 43)             | 31.85     (-0.19)
	Mean_corpuscular_volume__MCV__11                                           | 2288	 (16020, 43)             | 93.31     (-0.15)
	Monocyte_count_23                                                          | 2288	 (16020, 43)             | 0.32      (-0.48)
	Neutrophil_count_19                                                        | 2288	 (16020, 43)             | 1.68      (-0.47)
	Serum_HDL_cholesterol_level_100                                            | 2288	 (16020, 43)             | 1.31      (-0.16)
	Serum_TSH_level_71                                                         | 2288	 (16020, 43)             | -0.85     (-0.50)
	Serum_alanine_aminotransferase_level_45                                    | 2288	 (16020, 43)             | -2.95     (-0.50)
	Serum_albumin_51                                                           | 2288	 (16020, 43)             | 40.34     (-0.28)
	............................................................new week............................................................
	Serum_alkaline_phosphatase_50                                              | 2289	 (16024, 43)             | 50.10     (-0.50)
	Serum_calcium_39                                                           | 2289	 (16024, 43)             | 2.54      (-0.25)
	Serum_cholesterol_97                                                       | 2289	 (16026, 43)             | 5.09      (-0.43)
	Serum_creatinine_31                                                        | 2289	 (16028, 43)             | 99.88     (-0.49)
	Serum_non_high_density_lipoprotein_cholesterol_level_107                   | 2289	 (16028, 43)             | 1.26      (-0.18)
	Serum_potassium_26                                                         | 2289	 (16028, 43)             | 4.17      (-0.09)
	Serum_sodium_24                                                            | 2289	 (16028, 43)             | 141.51    (-0.03)
	Serum_urea_level_29                                                        | 2289	 (16028, 43)             | 6.06      (0.09)
	............................................................new week............................................................
	eGFR_using_creatinine_CKD_EPI_per_1_73_square_metres_33                    | 2290	 (16030, 43)             | 94.57     (-0.24)
	............................................................new week............................................................
	Basophil_count_22                                                          | 2292	 (16046, 43)             | 0.06      (-0.48)
	Eosinophil_count_21                                                        | 2292	 (16046, 43)             | 0.24      (-0.46)
	Haematocrit_15                                                             | 2292	 (16046, 43)             | 0.43      (-0.07)
	Haemoglobin_A1c_level___IFCC_standardised_6                                | 2292	 (16046, 43)             | 31.01     (-0.39)
	Haemoglobin_A1c_level___IFCC_standardised_6                                | 2292	 (16048, 43)             | 34.54     (-0.38)
	Haemoglobin_estimation_9                                                   | 2292	 (16048, 43)             | 153.01    (-0.01)
	Lymphocyte_count_20                                                        | 2292	 (16048, 43)             | 4.43      (-0.48)
	............................................................new week............................................................
	Mean_corpusc_Hb_conc__MCHC__14                                             | 2293	 (16055, 43)             | 350.67    (0.20)
	Mean_corpusc_haemoglobin_MCH__13                                           | 2293	 (16055, 43)             | 35.30     (-0.15)
	Mean_corpuscular_volume__MCV__11                                           | 2293	 (16055, 43)             | 101.57    (-0.12)
	Monocyte_count_23                                                          | 2293	 (16055, 43)             | 0.34      (-0.48)
	Neutrophil_count_19                                                        | 2293	 (16055, 43)             | 0.57      (-0.49)
	Platelet_count_12                                                          | 2293	 (16055, 43)             | 2728.70   (-0.50)
	Red_blood_cell__RBC__count_10                                              | 2293	 (16055, 43)             | 4.97      (-0.49)
	Red_blood_cell_distribution_width_17                                       | 2293	 (16055, 43)             | 12.88     (-0.47)
	Serum_TSH_level_71                                                         | 2293	 (16055, 43)             | 0.93      (-0.50)
	Serum_alanine_aminotransferase_level_45                                    | 2293	 (16055, 43)             | -20.51    (-0.50)
	............................................................new week............................................................
	Serum_albumin_51                                                           | 2294	 (16059, 43)             | 39.40     (-0.29)
	Serum_alkaline_phosphatase_50                                              | 2294	 (16059, 43)             | 23.14     (-0.50)
	Serum_bilirubin_level_53                                                   | 2294	 (16059, 43)             | 4.71      (-0.49)
	Serum_calcium_39                                                           | 2294	 (16059, 43)             | 2.34      (-0.27)
	............................................................new week............................................................
	Serum_cholesterol_97                                                       | 2295	 (16066, 44)             | 4.58      (-0.44)
	Serum_cholesterol_HDL_ratio_94                                             | 2295	 (16066, 44)             | 3.50      (-0.49)
	Serum_gamma_glutamyl_transferase_level_57                                  | 2295	 (16066, 44)             | 40.01     (0.06)
	............................................................new week............................................................
	Serum_non_high_density_lipoprotein_cholesterol_level_107                   | 2296	 (16077, 44)             | 0.88      (-0.27)
	............................................................new week............................................................
	Basophil_count_22                                                          | 2320	 (16242, 44)             | -0.01     (-0.49)
	Calcium_adjusted_level_41                                                  | 2320	 (16243, 44)             | 2.29      (-0.28)
	Combined_total_vitamin_D2_and_D3_level_93                                  | 2320	 (16243, 44)             | 36.37     (-0.21)
	Eosinophil_count_21                                                        | 2320	 (16243, 44)             | 0.30      (-0.45)
	GFR_calculated_abbreviated_MDRD_34                                         | 2320	 (16245, 44)             | 76.18     (-0.25)
	............................................................new week............................................................
	Haematocrit_15                                                             | 2321	 (16249, 44)             | 0.47      (-0.03)
	Haemoglobin_estimation_9                                                   | 2321	 (16249, 44)             | 159.15    (0.01)
	Mean_corpusc_Hb_conc__MCHC__14                                             | 2321	 (16251, 44)             | 71.82     (-0.37)
	Mean_corpusc_haemoglobin_MCH__13                                           | 2321	 (16251, 44)             | 36.21     (-0.14)
	Mean_corpuscular_volume__MCV__11                                           | 2321	 (16252, 44)             | 97.98     (-0.13)
	Monocyte_count_23                                                          | 2321	 (16252, 44)             | 0.34      (-0.48)
	Neutrophil_count_19                                                        | 2321	 (16252, 44)             | 2.63      (-0.45)
	Platelet_count_12                                                          | 2321	 (16252, 44)             | -717.64   (-0.50)
	Red_blood_cell__RBC__count_10                                              | 2321	 (16252, 44)             | 4.80      (-0.49)
	Red_blood_cell_distribution_width_17                                       | 2321	 (16252, 44)             | 13.54     (-0.47)
	Serum_C_reactive_protein_level_59                                          | 2321	 (16252, 44)             | 5.58      (0.04)
	Serum_alanine_aminotransferase_level_45                                    | 2321	 (16252, 44)             | 12.37     (-0.50)
	Serum_albumin_51                                                           | 2321	 (16252, 44)             | 42.78     (-0.27)
	Serum_alkaline_phosphatase_50                                              | 2321	 (16252, 44)             | -51.40    (-0.50)
	Serum_creatinine_31                                                        | 2321	 (16252, 44)             | 82.60     (-0.49)
	Serum_folate_80                                                            | 2321	 (16252, 44)             | 10.01     (0.08)
	Serum_folate_80                                                            | 2321	 (16252, 44)             | 3.84      (-0.16)
	Serum_potassium_26                                                         | 2321	 (16252, 44)             | 4.58      (-0.05)
	Serum_sodium_24                                                            | 2321	 (16252, 44)             | 141.19    (-0.03)
	Serum_total_bilirubin_level_56                                             | 2321	 (16252, 44)             | 3.25      (-0.50)
	Serum_urea_level_29                                                        | 2321	 (16252, 44)             | 4.65      (-0.05)
	............................................................new week............................................................
	Serum_vitamin_B12_79                                                       | 2322	 (16260, 44)             | 412.19    (-0.48)
	eGFR_using_creatinine_CKD_EPI_per_1_73_square_metres_33                    | 2322	 (16260, 44)             | 89.05     (-0.26)
	............................................................new week............................................................
	Diastolic_blood_pressure_5                                                 | 2333	 (16337, 44)             | 80.09     (-0.34)
	Systolic_blood_pressure_4                                                  | 2333	 (16337, 44)             | 138.90    (-0.21)
	............................................................new week............................................................
	Basophil_count_22                                                          | 2344	 (16413, 44)             | 0.07      (-0.48)
	............................................................new week............................................................
	Calcium_adjusted_level_41                                                  | 2345	 (16415, 44)             | 2.33      (-0.27)
	Eosinophil_count_21                                                        | 2345	 (16415, 44)             | 0.24      (-0.46)
	GFR_calculated_abbreviated_MDRD_34                                         | 2345	 (16415, 44)             | 82.31     (-0.23)
	Haematocrit_15                                                             | 2345	 (16415, 44)             | 0.49      (-0.01)
	Haemoglobin_A1c_level___IFCC_standardised_6                                | 2345	 (16415, 44)             | 39.80     (-0.36)
	Haemoglobin_estimation_9                                                   | 2345	 (16419, 44)             | 158.50    (0.01)
	............................................................new week............................................................
	Mean_corpuscular_volume__MCV__11                                           | 2346	 (16422, 44)             | 83.91     (-0.19)
	Monocyte_count_23                                                          | 2346	 (16428, 45)             | 0.54      (-0.47)
	Neutrophil_count_19                                                        | 2346	 (16428, 45)             | 2.37      (-0.45)
	............................................................new week............................................................
	Platelet_count_12                                                          | 2347	 (16430, 45)             | -751.61   (-0.50)
	Red_blood_cell__RBC__count_10                                              | 2347	 (16433, 45)             | 4.97      (-0.49)
	Red_blood_cell_distribution_width_17                                       | 2347	 (16433, 45)             | 12.55     (-0.48)
	Serum_C_reactive_protein_level_59                                          | 2347	 (16433, 45)             | 3.40      (-0.05)
	Serum_TSH_level_71                                                         | 2347	 (16435, 45)             | 0.07      (-0.50)
	............................................................new week............................................................
	Serum_albumin_51                                                           | 2348	 (16437, 45)             | 43.61     (-0.27)
	Serum_alkaline_phosphatase_50                                              | 2348	 (16439, 45)             | 46.50     (-0.50)
	Serum_bilirubin_level_53                                                   | 2348	 (16439, 45)             | 37.19     (-0.46)
	O_E___weight_2                                                             | 2348	 (16442, 45)             | 69.25     (-0.39)
	............................................................new week............................................................
	OSTEOARTHRITIS                                                             | 2350	 (16455, 45)             | nan       (nan)
	............................................................new week............................................................
	Ex_smoker_84                                                               | 2354	 (16479, 45)             | 113.21    (0.92)
	............................................................new week............................................................
	O_E___weight_2                                                             | 2355	 (16486, 45)             | 95.67     (-0.35)
	............................................................new week............................................................
	Serum_C_reactive_protein_level_59                                          | 2358	 (16508, 45)             | 8.78      (0.16)
	............................................................new week............................................................
	Weak_Opioids_Final                                                         | 2359	 (16514, 45)             | nan       (nan)
	............................................................new week............................................................
	Basophil_count_22                                                          | 2367	 (16569, 45)             | 0.01      (-0.49)
	Body_mass_index_3                                                          | 2367	 (16569, 45)             | 18.07     (-0.40)
	Current_smoker_83                                                          | 2367	 (16572, 45)             | 15.19     (-0.31)
	............................................................new week............................................................
	Nasal_steroids_optimal                                                     | 2371	 (16600, 45)             | nan       (nan)
	............................................................new week............................................................
	SNRIs_OPTIMAL                                                              | 2389	 (16727, 45)             | nan       (nan)
	............................................................new week............................................................
	SNRIs_OPTIMAL                                                              | 2392	 (16748, 45)             | nan       (nan)
	............................................................new week............................................................
	SNRIs_OPTIMAL                                                              | 2394	 (16762, 45)             | nan       (nan)
	............................................................new week............................................................
	SNRIs_OPTIMAL                                                              | 2397	 (16780, 45)             | nan       (nan)
	............................................................new week............................................................
	SNRIs_OPTIMAL                                                              | 2398	 (16791, 46)             | nan       (nan)
	............................................................new week............................................................
	SNRIs_OPTIMAL                                                              | 2405	 (16835, 46)             | nan       (nan)
	............................................................new week............................................................
	SNRIs_OPTIMAL                                                              | 2408	 (16857, 46)             | nan       (nan)
	............................................................new week............................................................
	SNRIs_OPTIMAL                                                              | 2409	 (16864, 46)             | nan       (nan)
	............................................................new week............................................................
	SNRIs_OPTIMAL                                                              | 2421	 (16947, 46)             | nan       (nan)
	............................................................new week............................................................
	Mirtazapine                                                                | 2423	 (16967, 46)             | nan       (nan)
	............................................................new week............................................................
	SNRIs_OPTIMAL                                                              | 2425	 (16978, 46)             | nan       (nan)
	............................................................new week............................................................
	OSTEOARTHRITIS                                                             | 2436	 (17053, 46)             | nan       (nan)
	............................................................new week............................................................
	SNRIs_OPTIMAL                                                              | 2440	 (17086, 46)             | nan       (nan)
