STATIC INFORMATION
========================================================================================================================
	SEX:               M
	IMD:               5.0
	ETHNICITY:         BLACK
	birth_year:        1978.0


GIVEN PATIENT CONTEXT
========================================================================================================================
	EVENT                                                                     | AGE IN WEEKS (days, years)   | VALUE
	............................................................new week............................................................
	ALCOHOLMISUSE_V2                                                           | 1777	 (12445, 34)             | nan       (nan)
	............................................................new week............................................................
	Body_mass_index_3                                                          | 1778	 (12449, 34)             | 25.20     (-0.34)
	Diastolic_blood_pressure_5                                                 | 1778	 (12449, 34)             | 80.00     (-0.34)
	O_E___height_1                                                             | 1778	 (12449, 34)             | 167.00    (0.08)
	O_E___weight_2                                                             | 1778	 (12449, 34)             | 70.20     (-0.39)
	Systolic_blood_pressure_4                                                  | 1778	 (12449, 34)             | 142.00    (-0.20)
	............................................................new week............................................................
	Nasal_steroids_optimal                                                     | 1814	 (12701, 34)             | nan       (nan)
	............................................................new week............................................................
	Nasal_steroids_optimal                                                     | 1820	 (12745, 34)             | nan       (nan)
	............................................................new week............................................................
	GFR_calculated_abbreviated_MDRD_34                                         | 1830	 (12816, 35)             | nan       (nan)
	Haemoglobin_estimation_9                                                   | 1830	 (12816, 35)             | 143.00    (-0.04)
	Lymphocyte_count_20                                                        | 1830	 (12816, 35)             | 0.90      (-0.50)
	Mean_corpusc_Hb_conc__MCHC__14                                             | 1830	 (12816, 35)             | 322.00    (0.14)
	Mean_corpusc_haemoglobin_MCH__13                                           | 1830	 (12816, 35)             | 30.60     (-0.20)
	Mean_corpuscular_volume__MCV__11                                           | 1830	 (12816, 35)             | 95.20     (-0.14)
	Monocyte_count_23                                                          | 1830	 (12816, 35)             | 0.20      (-0.49)
	Neutrophil_count_19                                                        | 1830	 (12816, 35)             | 1.00      (-0.48)
	Platelet_count_12                                                          | 1830	 (12816, 35)             | 258.09    (-0.50)
	Red_blood_cell__RBC__count_10                                              | 1830	 (12816, 35)             | 4.69      (-0.49)
	Red_blood_cell_distribution_width_17                                       | 1830	 (12816, 35)             | 12.80     (-0.47)
	Serum_C_reactive_protein_level_59                                          | 1830	 (12816, 35)             | 4.00      (-0.03)
	Serum_alanine_aminotransferase_level_45                                    | 1830	 (12816, 35)             | 44.00     (-0.50)
	Serum_albumin_51                                                           | 1830	 (12816, 35)             | 42.00     (-0.28)
	Serum_alkaline_phosphatase_50                                              | 1830	 (12816, 35)             | 32.00     (-0.50)
	Serum_bilirubin_level_53                                                   | 1830	 (12816, 35)             | 13.00     (-0.48)
	Serum_creatinine_31                                                        | 1830	 (12816, 35)             | 85.00     (-0.49)
	Serum_gamma_glutamyl_transferase_level_57                                  | 1830	 (12816, 35)             | 38.00     (0.04)
	Serum_potassium_26                                                         | 1830	 (12816, 35)             | 4.10      (-0.10)
	Serum_sodium_24                                                            | 1830	 (12816, 35)             | 139.00    (-0.05)
	Serum_urea_level_29                                                        | 1830	 (12816, 35)             | 6.50      (0.13)
	Total_white_cell_count_18                                                  | 1830	 (12816, 35)             | 2.20      (-0.50)
	............................................................new week............................................................
	Haemoglobin_estimation_9                                                   | 1834	 (12842, 35)             | 148.00    (-0.02)
	Lymphocyte_count_20                                                        | 1834	 (12842, 35)             | 0.90      (-0.50)
	Mean_corpusc_Hb_conc__MCHC__14                                             | 1834	 (12842, 35)             | 317.00    (0.13)
	Mean_corpusc_haemoglobin_MCH__13                                           | 1834	 (12842, 35)             | 30.50     (-0.20)
	Mean_corpuscular_volume__MCV__11                                           | 1834	 (12842, 35)             | 96.30     (-0.14)
	Monocyte_count_23                                                          | 1834	 (12842, 35)             | 0.30      (-0.48)
	Neutrophil_count_19                                                        | 1834	 (12842, 35)             | 1.30      (-0.47)
	Platelet_count_12                                                          | 1834	 (12842, 35)             | 227.99    (-0.50)
	Red_blood_cell__RBC__count_10                                              | 1834	 (12842, 35)             | 4.86      (-0.49)
	Red_blood_cell_distribution_width_17                                       | 1834	 (12842, 35)             | 12.20     (-0.48)
	Total_white_cell_count_18                                                  | 1834	 (12842, 35)             | 2.60      (-0.50)
	............................................................new week............................................................
	Haemoglobin_estimation_9                                                   | 1845	 (12920, 35)             | 151.00    (-0.01)
	Lymphocyte_count_20                                                        | 1845	 (12920, 35)             | 1.20      (-0.49)
	Mean_corpusc_Hb_conc__MCHC__14                                             | 1845	 (12920, 35)             | 322.00    (0.14)
	Mean_corpusc_haemoglobin_MCH__13                                           | 1845	 (12920, 35)             | 30.60     (-0.20)
	Mean_corpuscular_volume__MCV__11                                           | 1845	 (12920, 35)             | 95.00     (-0.15)
	Monocyte_count_23                                                          | 1845	 (12920, 35)             | 0.30      (-0.48)
	Neutrophil_count_19                                                        | 1845	 (12920, 35)             | 1.10      (-0.48)
	Platelet_count_12                                                          | 1845	 (12920, 35)             | 275.08    (-0.50)
	Red_blood_cell__RBC__count_10                                              | 1845	 (12920, 35)             | 4.93      (-0.49)
	Red_blood_cell_distribution_width_17                                       | 1845	 (12920, 35)             | 11.30     (-0.49)
	Total_white_cell_count_18                                                  | 1845	 (12920, 35)             | 2.60      (-0.50)
	............................................................new week............................................................
	Nasal_steroids_optimal                                                     | 1862	 (13039, 35)             | nan       (nan)
	Nasal_steroids_optimal                                                     | 1862	 (13039, 35)             | nan       (nan)
	Nasal_steroids_optimal                                                     | 1862	 (13040, 35)             | nan       (nan)
	............................................................new week............................................................
	Nasal_steroids_optimal                                                     | 1872	 (13110, 35)             | nan       (nan)
	............................................................new week............................................................
	Haemoglobin_estimation_9                                                   | 1895	 (13271, 36)             | 148.00    (-0.02)
	Lymphocyte_count_20                                                        | 1895	 (13271, 36)             | 1.70      (-0.49)
	Mean_corpusc_Hb_conc__MCHC__14                                             | 1895	 (13271, 36)             | 331.00    (0.16)
	Mean_corpusc_haemoglobin_MCH__13                                           | 1895	 (13271, 36)             | 31.20     (-0.19)
	Mean_corpuscular_volume__MCV__11                                           | 1895	 (13271, 36)             | 94.10     (-0.15)
	Monocyte_count_23                                                          | 1895	 (13271, 36)             | 0.40      (-0.48)
	Neutrophil_count_19                                                        | 1895	 (13271, 36)             | 1.40      (-0.47)
	Platelet_count_12                                                          | 1895	 (13271, 36)             | 250.94    (-0.50)
	Red_blood_cell__RBC__count_10                                              | 1895	 (13271, 36)             | 4.74      (-0.49)
	Red_blood_cell_distribution_width_17                                       | 1895	 (13271, 36)             | 11.80     (-0.48)
	Total_white_cell_count_18                                                  | 1895	 (13271, 36)             | 3.50      (-0.50)
	............................................................new week............................................................
	Nasal_steroids_optimal                                                     | 1929	 (13505, 37)             | nan       (nan)
	ALLERGICRHINITISCONJ                                                       | 1929	 (13505, 37)             | nan       (nan)
	............................................................new week............................................................
	Diastolic_blood_pressure_5                                                 | 1982	 (13877, 38)             | 72.00     (-0.36)
	Systolic_blood_pressure_4                                                  | 1982	 (13877, 38)             | 130.00    (-0.23)
	............................................................new week............................................................
	Haemoglobin_estimation_9                                                   | 2003	 (14027, 38)             | 147.00    (-0.03)
	Lymphocyte_count_20                                                        | 2003	 (14027, 38)             | 1.30      (-0.49)
	Mean_corpusc_Hb_conc__MCHC__14                                             | 2003	 (14027, 38)             | 331.00    (0.16)
	Mean_corpusc_haemoglobin_MCH__13                                           | 2003	 (14027, 38)             | 31.10     (-0.20)
	Mean_corpuscular_volume__MCV__11                                           | 2003	 (14027, 38)             | 93.90     (-0.15)
	Monocyte_count_23                                                          | 2003	 (14027, 38)             | 0.50      (-0.47)
	Neutrophil_count_19                                                        | 2003	 (14027, 38)             | 1.20      (-0.48)
	Platelet_count_12                                                          | 2003	 (14027, 38)             | 239.01    (-0.50)
	Red_blood_cell__RBC__count_10                                              | 2003	 (14027, 38)             | 4.73      (-0.49)
	Red_blood_cell_distribution_width_17                                       | 2003	 (14027, 38)             | 12.50     (-0.48)
	Total_white_cell_count_18                                                  | 2003	 (14027, 38)             | 3.10      (-0.50)
	............................................................new week............................................................
	Nasal_steroids_optimal                                                     | 2020	 (14142, 38)             | nan       (nan)
	............................................................new week............................................................
	Body_mass_index_3                                                          | 2033	 (14234, 38)             | 23.60     (-0.35)
	Diastolic_blood_pressure_5                                                 | 2033	 (14234, 38)             | 93.00     (-0.31)
	O_E___height_1                                                             | 2033	 (14234, 38)             | 167.00    (0.08)
	O_E___weight_2                                                             | 2033	 (14234, 38)             | 66.00     (-0.40)
	Systolic_blood_pressure_4                                                  | 2033	 (14234, 38)             | 139.00    (-0.21)
	............................................................new week............................................................
	Calculated_LDL_cholesterol_level_103                                       | 2034	 (14242, 39)             | 2.50      (-0.42)
	GFR_calculated_abbreviated_MDRD_34                                         | 2034	 (14242, 39)             | 60.00     (-0.30)
	Haemoglobin_A1c_level___IFCC_standardised_6                                | 2034	 (14242, 39)             | 29.00     (-0.40)
	Haemoglobin_estimation_9                                                   | 2034	 (14242, 39)             | 143.00    (-0.04)
	Lymphocyte_count_20                                                        | 2034	 (14242, 39)             | 1.20      (-0.49)
	Mean_corpusc_Hb_conc__MCHC__14                                             | 2034	 (14242, 39)             | 335.00    (0.16)
	Mean_corpusc_haemoglobin_MCH__13                                           | 2034	 (14242, 39)             | 31.50     (-0.19)
	Mean_corpuscular_volume__MCV__11                                           | 2034	 (14242, 39)             | 93.90     (-0.15)
	Monocyte_count_23                                                          | 2034	 (14242, 39)             | 0.50      (-0.47)
	Neutrophil_count_19                                                        | 2034	 (14242, 39)             | 1.40      (-0.47)
	Non_HDL_cholesterol_level_108                                              | 2034	 (14242, 39)             | 3.00      (-0.03)
	Platelet_count_12                                                          | 2034	 (14242, 39)             | 262.86    (-0.50)
	Red_blood_cell__RBC__count_10                                              | 2034	 (14242, 39)             | 4.54      (-0.49)
	Red_blood_cell_distribution_width_17                                       | 2034	 (14242, 39)             | 12.30     (-0.48)
	Serum_HDL_cholesterol_level_100                                            | 2034	 (14242, 39)             | 3.08      (0.29)
	Serum_TSH_level_71                                                         | 2034	 (14242, 39)             | 1.15      (-0.50)
	Serum_alanine_aminotransferase_level_45                                    | 2034	 (14242, 39)             | 52.00     (-0.50)
	Serum_albumin_51                                                           | 2034	 (14242, 39)             | 43.00     (-0.27)
	Serum_alkaline_phosphatase_50                                              | 2034	 (14242, 39)             | 50.00     (-0.50)
	Serum_bilirubin_level_53                                                   | 2034	 (14242, 39)             | 17.00     (-0.48)
	Serum_cholesterol_97                                                       | 2034	 (14242, 39)             | 6.10      (-0.41)
	Serum_creatinine_31                                                        | 2034	 (14242, 39)             | 88.00     (-0.49)
	Serum_potassium_26                                                         | 2034	 (14242, 39)             | 4.40      (-0.07)
	Serum_sodium_24                                                            | 2034	 (14242, 39)             | 140.00    (-0.05)
	Serum_triglycerides_105                                                    | 2034	 (14242, 39)             | 1.10      (-0.49)
	Serum_urea_level_29                                                        | 2034	 (14242, 39)             | 5.10      (-0.01)
	Total_cholesterol_HDL_ratio_95                                             | 2034	 (14242, 39)             | 2.00      (-0.50)
	Total_white_cell_count_18                                                  | 2034	 (14242, 39)             | 3.10      (-0.50)
	............................................................new week............................................................
	SSRIs_Optimal                                                              | 2061	 (14430, 39)             | nan       (nan)
	DEPRESSION                                                                 | 2061	 (14430, 39)             | nan       (nan)
	............................................................new week............................................................
	Body_mass_index_3                                                          | 2067	 (14471, 39)             | 24.00     (-0.35)
	Diastolic_blood_pressure_5                                                 | 2067	 (14471, 39)             | 99.00     (-0.29)
	O_E___weight_2                                                             | 2067	 (14471, 39)             | 67.00     (-0.40)
	Systolic_blood_pressure_4                                                  | 2067	 (14471, 39)             | 169.00    (-0.12)
	Calculated_LDL_cholesterol_level_103                                       | 2067	 (14474, 39)             | 2.80      (-0.41)
	GFR_calculated_abbreviated_MDRD_34                                         | 2067	 (14474, 39)             | 60.00     (-0.30)
	Haemoglobin_A1c_level___IFCC_standardised_6                                | 2067	 (14474, 39)             | 32.00     (-0.39)
	Non_HDL_cholesterol_level_108                                              | 2067	 (14474, 39)             | 3.30      (0.02)
	Serum_HDL_cholesterol_level_100                                            | 2067	 (14474, 39)             | 3.07      (0.29)
	Serum_TSH_level_71                                                         | 2067	 (14474, 39)             | 1.23      (-0.50)
	Serum_alanine_aminotransferase_level_45                                    | 2067	 (14474, 39)             | 44.00     (-0.50)
	Serum_albumin_51                                                           | 2067	 (14474, 39)             | 45.00     (-0.26)
	Serum_alkaline_phosphatase_50                                              | 2067	 (14474, 39)             | 40.00     (-0.50)
	Serum_bilirubin_level_53                                                   | 2067	 (14474, 39)             | 10.00     (-0.49)
	Serum_cholesterol_97                                                       | 2067	 (14474, 39)             | 6.30      (-0.41)
	Serum_creatinine_31                                                        | 2067	 (14474, 39)             | 87.00     (-0.49)
	Serum_potassium_26                                                         | 2067	 (14474, 39)             | 5.10      (0.01)
	Serum_sodium_24                                                            | 2067	 (14474, 39)             | 141.00    (-0.04)
	Serum_triglycerides_105                                                    | 2067	 (14474, 39)             | 0.96      (-0.49)
	Serum_urea_level_29                                                        | 2067	 (14474, 39)             | 4.90      (-0.03)
	Total_cholesterol_HDL_ratio_95                                             | 2067	 (14474, 39)             | 2.10      (-0.50)
	............................................................new week............................................................
	Diastolic_blood_pressure_5                                                 | 2068	 (14478, 39)             | 95.00     (-0.30)
	Diastolic_blood_pressure_5                                                 | 2068	 (14478, 39)             | 96.00     (-0.30)
	Systolic_blood_pressure_4                                                  | 2068	 (14478, 39)             | 163.00    (-0.14)
	Systolic_blood_pressure_4                                                  | 2068	 (14478, 39)             | 174.00    (-0.11)
	............................................................new week............................................................
	Diastolic_blood_pressure_5                                                 | 2104	 (14733, 40)             | 98.00     (-0.29)
	Systolic_blood_pressure_4                                                  | 2104	 (14733, 40)             | 154.00    (-0.16)
	............................................................new week............................................................
	Diastolic_blood_pressure_5                                                 | 2105	 (14740, 40)             | 105.00    (-0.28)
	Systolic_blood_pressure_4                                                  | 2105	 (14740, 40)             | 168.00    (-0.13)
	............................................................new week............................................................
	Haematocrit_15                                                             | 2119	 (14835, 40)             | 0.42      (-0.08)
	Haemoglobin_estimation_9                                                   | 2119	 (14835, 40)             | 138.00    (-0.06)
	Lymphocyte_count_20                                                        | 2119	 (14835, 40)             | 1.00      (-0.50)
	Mean_corpusc_Hb_conc__MCHC__14                                             | 2119	 (14835, 40)             | 326.00    (0.14)
	Mean_corpusc_haemoglobin_MCH__13                                           | 2119	 (14835, 40)             | 31.00     (-0.20)
	Mean_corpuscular_volume__MCV__11                                           | 2119	 (14835, 40)             | 94.90     (-0.15)
	Monocyte_count_23                                                          | 2119	 (14835, 40)             | 0.40      (-0.48)
	Neutrophil_count_19                                                        | 2119	 (14835, 40)             | 1.60      (-0.47)
	Platelet_count_12                                                          | 2119	 (14835, 40)             | 225.01    (-0.50)
	Red_blood_cell__RBC__count_10                                              | 2119	 (14835, 40)             | 4.47      (-0.49)
	Red_blood_cell_distribution_width_17                                       | 2119	 (14835, 40)             | 12.50     (-0.48)
	Total_white_cell_count_18                                                  | 2119	 (14835, 40)             | 3.10      (-0.50)
	............................................................new week............................................................
	Body_mass_index_3                                                          | 2143	 (15007, 41)             | 23.59     (-0.35)
	Current_smoker_83                                                          | 2143	 (15007, 41)             | nan       (nan)
	Diastolic_blood_pressure_5                                                 | 2143	 (15007, 41)             | 92.00     (-0.31)
	O_E___height_1                                                             | 2143	 (15007, 41)             | 166.00    (0.08)
	O_E___weight_2                                                             | 2143	 (15007, 41)             | 65.00     (-0.40)
	Serum_HDL_cholesterol_level_100                                            | 2143	 (15007, 41)             | 2.15      (0.05)
	Serum_total_cholesterol_level_98                                           | 2143	 (15007, 41)             | 6.26      (-0.40)
	Systolic_blood_pressure_4                                                  | 2143	 (15007, 41)             | 134.00    (-0.22)
	Total_cholesterol_HDL_ratio_95                                             | 2143	 (15007, 41)             | 2.90      (-0.49)
	............................................................new week............................................................
	Nasal_steroids_optimal                                                     | 2170	 (15192, 41)             | nan       (nan)
	............................................................new week............................................................
	Nasal_steroids_optimal                                                     | 2229	 (15609, 42)             | nan       (nan)
	............................................................new week............................................................
	Mirtazapine                                                                | 2232	 (15626, 42)             | nan       (nan)
	............................................................new week............................................................
	Antihistamines_second_generation_H1_antagonists                            | 2233	 (15635, 42)             | nan       (nan)
	............................................................new week............................................................
	Mirtazapine                                                                | 2234	 (15644, 42)             | nan       (nan)
	............................................................new week............................................................
	Mirtazapine                                                                | 2235	 (15651, 42)             | nan       (nan)
	Nasal_steroids_optimal                                                     | 2235	 (15651, 42)             | nan       (nan)
	............................................................new week............................................................
	Mirtazapine                                                                | 2239	 (15674, 42)             | nan       (nan)
	............................................................new week............................................................
	Mirtazapine                                                                | 2243	 (15703, 43)             | nan       (nan)
	............................................................new week............................................................
	Mirtazapine                                                                | 2247	 (15733, 43)             | nan       (nan)
	............................................................new week............................................................
	Mirtazapine                                                                | 2253	 (15772, 43)             | nan       (nan)
	............................................................new week............................................................
	Mirtazapine                                                                | 2259	 (15815, 43)             | nan       (nan)
	............................................................new week............................................................
	Body_mass_index_3                                                          | 2263	 (15845, 43)             | 23.01     (-0.36)
	Diastolic_blood_pressure_5                                                 | 2263	 (15845, 43)             | 83.00     (-0.33)
	O_E___weight_2                                                             | 2263	 (15845, 43)             | 63.40     (-0.40)
	Systolic_blood_pressure_4                                                  | 2263	 (15845, 43)             | 142.00    (-0.20)
	............................................................new week............................................................
	Mirtazapine                                                                | 2266	 (15865, 43)             | nan       (nan)
	............................................................new week............................................................
	Nasal_steroids_optimal                                                     | 2273	 (15913, 43)             | nan       (nan)
	Mirtazapine                                                                | 2273	 (15914, 43)             | nan       (nan)

========================================================================================================================
DIAGNOSIS SUMMARY
['ALCOHOLMISUSE_V2', 'ALLERGICRHINITISCONJ', 'DEPRESSION']
========================================================================================================================


PREDICTED FUTURE EVENTS
========================================================================================================================
	EVENT                                                                     | AGE IN WEEKS (days, years)  | VALUE
	............................................................new week............................................................
	Mirtazapine                                                                | 2276	 (15935, 43)             | nan       (nan)
	............................................................new week............................................................
	Basophil_count_22                                                          | 2302	 (16114, 44)             | 0.05      (-0.49)
	Calcium_adjusted_level_41                                                  | 2302	 (16115, 44)             | 2.33      (-0.27)
	Eosinophil_count_21                                                        | 2302	 (16115, 44)             | 0.24      (-0.46)
	GFR_calculated_abbreviated_MDRD_34                                         | 2302	 (16115, 44)             | 76.58     (-0.24)
	Haematocrit_15                                                             | 2302	 (16115, 44)             | 0.47      (-0.03)
	Haemoglobin_estimation_9                                                   | 2302	 (16115, 44)             | 149.10    (-0.02)
	Lymphocyte_count_20                                                        | 2302	 (16119, 44)             | 3.51      (-0.48)
	Mean_corpusc_Hb_conc__MCHC__14                                             | 2302	 (16119, 44)             | 317.21    (0.13)
	............................................................new week............................................................
	Mean_corpusc_haemoglobin_MCH__13                                           | 2303	 (16121, 44)             | 30.45     (-0.20)
	Mean_corpuscular_volume__MCV__11                                           | 2303	 (16121, 44)             | 95.96     (-0.14)
	Monocyte_count_23                                                          | 2303	 (16126, 44)             | 0.24      (-0.49)
	............................................................new week............................................................
	Neutrophil_count_19                                                        | 2304	 (16128, 44)             | 1.33      (-0.47)
	Plasma_C_reactive_protein_60                                               | 2304	 (16128, 44)             | 1.22      (-0.14)
	Serum_HDL_cholesterol_level_100                                            | 2304	 (16128, 44)             | 1.20      (-0.19)
	Serum_TSH_level_71                                                         | 2304	 (16128, 44)             | 1.62      (-0.49)
	Serum_alanine_aminotransferase_level_45                                    | 2304	 (16128, 44)             | 42.87     (-0.50)
	Serum_albumin_51                                                           | 2304	 (16128, 44)             | 48.30     (-0.24)
	Serum_alkaline_phosphatase_50                                              | 2304	 (16128, 44)             | 107.65    (-0.49)
	Serum_bilirubin_level_53                                                   | 2304	 (16128, 44)             | 11.44     (-0.49)
	Serum_cholesterol_97                                                       | 2304	 (16128, 44)             | 4.84      (-0.44)
	Serum_creatinine_31                                                        | 2304	 (16128, 44)             | 85.65     (-0.49)
	Serum_gamma_glutamyl_transferase_level_57                                  | 2304	 (16128, 44)             | 47.72     (0.12)
	Serum_potassium_26                                                         | 2304	 (16128, 44)             | 4.08      (-0.10)
	Serum_sodium_24                                                            | 2304	 (16128, 44)             | 143.74    (-0.01)
	Serum_urea_level_29                                                        | 2304	 (16130, 44)             | 5.79      (0.06)
	Total_cholesterol_HDL_ratio_95                                             | 2304	 (16130, 44)             | 3.66      (-0.49)
	............................................................new week............................................................
	Body_mass_index_3                                                          | 2310	 (16172, 44)             | 26.57     (-0.33)
	Diastolic_blood_pressure_5                                                 | 2310	 (16172, 44)             | 92.85     (-0.31)
	Ex_smoker_84                                                               | 2310	 (16172, 44)             | 93.51     (0.67)
	O_E___height_1                                                             | 2310	 (16172, 44)             | 164.57    (0.07)
	O_E___weight_2                                                             | 2310	 (16172, 44)             | 70.80     (-0.39)
	Systolic_blood_pressure_4                                                  | 2310	 (16172, 44)             | 147.14    (-0.18)
	............................................................new week............................................................
	SNRIs_OPTIMAL                                                              | 2321	 (16247, 44)             | nan       (nan)
	............................................................new week............................................................
	ACE_Inhibitors_D2T                                                         | 2345	 (16415, 44)             | nan       (nan)
	............................................................new week............................................................
	Current_smoker_83                                                          | 2352	 (16464, 45)             | -2.76     (-0.53)
	ACE_Inhibitors_D2T                                                         | 2352	 (16470, 45)             | nan       (nan)
	............................................................new week............................................................
	Body_mass_index_3                                                          | 2353	 (16472, 45)             | 26.32     (-0.33)
	Calculated_LDL_cholesterol_level_103                                       | 2353	 (16474, 45)             | 2.86      (-0.40)
	GFR_calculated_abbreviated_MDRD_34                                         | 2353	 (16474, 45)             | 96.04     (-0.18)
	Haemoglobin_A1c_level___IFCC_standardised_6                                | 2353	 (16474, 45)             | 43.45     (-0.34)
	Haemoglobin_A1c_level_8                                                    | 2353	 (16474, 45)             | 8.35      (-0.49)
	Non_HDL_cholesterol_level_108                                              | 2353	 (16474, 45)             | 5.20      (0.31)
	Serum_HDL_cholesterol_level_100                                            | 2353	 (16477, 45)             | 1.01      (-0.24)
	............................................................new week............................................................
	Diastolic_blood_pressure_5                                                 | 2354	 (16481, 45)             | 76.95     (-0.35)
	GFR_calculated_abbreviated_MDRD_34                                         | 2354	 (16483, 45)             | 77.04     (-0.24)
	Haemoglobin_A1c_level___IFCC_standardised_6                                | 2354	 (16483, 45)             | 43.07     (-0.34)
	Serum_HDL_cholesterol_level_100                                            | 2354	 (16483, 45)             | 2.55      (0.15)
	Serum_TSH_level_71                                                         | 2354	 (16483, 45)             | 2.77      (-0.49)
	Serum_alanine_aminotransferase_level_45                                    | 2354	 (16483, 45)             | 10.51     (-0.50)
	............................................................new week............................................................
	Serum_albumin_51                                                           | 2355	 (16488, 45)             | 42.48     (-0.27)
	Serum_alkaline_phosphatase_50                                              | 2355	 (16490, 45)             | 41.50     (-0.50)
	............................................................new week............................................................
	Serum_ferritin_63                                                          | 2356	 (16494, 45)             | 688.26    (-0.50)
	Serum_non_high_density_lipoprotein_cholesterol_level_107                   | 2356	 (16497, 45)             | 3.25      (0.33)
	............................................................new week............................................................
	ACE_Inhibitors_D2T                                                         | 2359	 (16516, 45)             | nan       (nan)
	............................................................new week............................................................
	ACE_Inhibitors_D2T                                                         | 2373	 (16611, 45)             | nan       (nan)
	ACE_Inhibitors_D2T                                                         | 2373	 (16612, 45)             | nan       (nan)
	............................................................new week............................................................
	ACE_Inhibitors_D2T                                                         | 2374	 (16620, 45)             | nan       (nan)
	ACE_Inhibitors_D2T                                                         | 2374	 (16621, 45)             | nan       (nan)
	............................................................new week............................................................
	ACE_Inhibitors_D2T                                                         | 2376	 (16636, 45)             | nan       (nan)
	............................................................new week............................................................
	ACE_Inhibitors_D2T                                                         | 2379	 (16656, 45)             | nan       (nan)
	............................................................new week............................................................
	ACE_Inhibitors_D2T                                                         | 2381	 (16669, 45)             | nan       (nan)
	............................................................new week............................................................
	ACE_Inhibitors_D2T                                                         | 2391	 (16738, 45)             | nan       (nan)
	............................................................new week............................................................
	Diastolic_blood_pressure_5                                                 | 2392	 (16749, 45)             | 82.57     (-0.34)
	Systolic_blood_pressure_4                                                  | 2392	 (16749, 45)             | 145.51    (-0.19)
	............................................................new week............................................................
	ACE_Inhibitors_D2T                                                         | 2394	 (16760, 45)             | nan       (nan)
	............................................................new week............................................................
	ACE_Inhibitors_D2T                                                         | 2395	 (16766, 45)             | nan       (nan)
	............................................................new week............................................................
	ACE_Inhibitors_D2T                                                         | 2403	 (16822, 46)             | nan       (nan)
	ACE_Inhibitors_D2T                                                         | 2403	 (16824, 46)             | nan       (nan)
	............................................................new week............................................................
	ACE_Inhibitors_D2T                                                         | 2426	 (16983, 46)             | nan       (nan)
	............................................................new week............................................................
	ACE_Inhibitors_D2T                                                         | 2434	 (17043, 46)             | nan       (nan)
	............................................................new week............................................................
	ACE_Inhibitors_D2T                                                         | 2435	 (17051, 46)             | nan       (nan)
	ACE_Inhibitors_D2T                                                         | 2435	 (17051, 46)             | nan       (nan)
	............................................................new week............................................................
	ACE_Inhibitors_D2T                                                         | 2445	 (17117, 46)             | nan       (nan)
	............................................................new week............................................................
	ACE_Inhibitors_D2T                                                         | 2451	 (17159, 47)             | nan       (nan)
	............................................................new week............................................................
	Body_mass_index_3                                                          | 2455	 (17190, 47)             | 29.32     (-0.31)
	Body_mass_index_3                                                          | 2455	 (17191, 47)             | 28.66     (-0.31)
	Body_mass_index_3                                                          | 2455	 (17191, 47)             | 28.94     (-0.31)
	Current_smoker_83                                                          | 2455	 (17191, 47)             | 11.89     (-0.35)
	Diastolic_blood_pressure_5                                                 | 2455	 (17191, 47)             | 87.79     (-0.32)
	............................................................new week............................................................
	O_E___height_1                                                             | 2456	 (17193, 47)             | 163.82    (0.07)
	O_E___weight_2                                                             | 2456	 (17193, 47)             | 79.92     (-0.38)
	Systolic_blood_pressure_4                                                  | 2456	 (17193, 47)             | 145.40    (-0.19)
	ACE_Inhibitors_D2T                                                         | 2456	 (17193, 47)             | nan       (nan)
	............................................................new week............................................................
	CalciumChannelBlck_D2T                                                     | 2457	 (17201, 47)             | nan       (nan)
	............................................................new week............................................................
	ACE_Inhibitors_D2T                                                         | 2459	 (17215, 47)             | nan       (nan)
	............................................................new week............................................................
	Basophil_count_22                                                          | 2463	 (17244, 47)             | 0.07      (-0.48)
	Calculated_LDL_cholesterol_level_103                                       | 2463	 (17246, 47)             | 3.58      (-0.38)
	............................................................new week............................................................
	Diastolic_blood_pressure_5                                                 | 2464	 (17250, 47)             | 88.39     (-0.32)
	Systolic_blood_pressure_4                                                  | 2464	 (17250, 47)             | 160.91    (-0.15)
	Diastolic_blood_pressure_5                                                 | 2464	 (17252, 47)             | 89.10     (-0.32)
	O_E___weight_2                                                             | 2464	 (17254, 47)             | 101.32    (-0.34)
	............................................................new week............................................................
	Systolic_blood_pressure_4                                                  | 2465	 (17255, 47)             | 138.47    (-0.21)
	............................................................new week............................................................
	ACE_Inhibitors_D2T                                                         | 2466	 (17268, 47)             | nan       (nan)
	............................................................new week............................................................
	CalciumChannelBlck_D2T                                                     | 2469	 (17288, 47)             | nan       (nan)
	............................................................new week............................................................
	ACE_Inhibitors_D2T                                                         | 2473	 (17316, 47)             | nan       (nan)
	............................................................new week............................................................
	CalciumChannelBlck_D2T                                                     | 2475	 (17328, 47)             | nan       (nan)
	............................................................new week............................................................
	ACE_Inhibitors_D2T                                                         | 2478	 (17350, 47)             | nan       (nan)
	ACE_Inhibitors_D2T                                                         | 2478	 (17350, 47)             | nan       (nan)
	............................................................new week............................................................
	ACE_Inhibitors_D2T                                                         | 2479	 (17354, 47)             | nan       (nan)
	SNRIs_OPTIMAL                                                              | 2479	 (17354, 47)             | nan       (nan)
	............................................................new week............................................................
	ACE_Inhibitors_D2T                                                         | 2484	 (17392, 47)             | nan       (nan)
	............................................................new week............................................................
	ACE_Inhibitors_D2T                                                         | 2486	 (17405, 47)             | nan       (nan)
	............................................................new week............................................................
	Diastolic_blood_pressure_5                                                 | 2488	 (17422, 47)             | 87.84     (-0.32)
	............................................................new week............................................................
	Systolic_blood_pressure_4                                                  | 2489	 (17425, 47)             | 146.73    (-0.18)
	ACE_Inhibitors_D2T                                                         | 2489	 (17429, 47)             | nan       (nan)
	............................................................new week............................................................
	ACE_Inhibitors_D2T                                                         | 2492	 (17445, 47)             | nan       (nan)
	............................................................new week............................................................
	ACE_Inhibitors_D2T                                                         | 2498	 (17489, 47)             | nan       (nan)
	Nasal_steroids_optimal                                                     | 2498	 (17491, 47)             | nan       (nan)
	............................................................new week............................................................
	ACE_Inhibitors_D2T                                                         | 2499	 (17493, 47)             | nan       (nan)
	............................................................new week............................................................
	Diastolic_blood_pressure_5                                                 | 2500	 (17500, 47)             | 79.51     (-0.34)
	Systolic_blood_pressure_4                                                  | 2500	 (17500, 47)             | 137.50    (-0.21)
	............................................................new week............................................................
	CalciumChannelBlck_D2T                                                     | 2503	 (17524, 48)             | nan       (nan)
	............................................................new week............................................................
	ACE_Inhibitors_D2T                                                         | 2510	 (17573, 48)             | nan       (nan)
	............................................................new week............................................................
	Basophil_count_22                                                          | 2513	 (17593, 48)             | 0.10      (-0.48)
	Calculated_LDL_cholesterol_level_103                                       | 2513	 (17597, 48)             | 3.60      (-0.38)
	............................................................new week............................................................
	GFR_calculated_abbreviated_MDRD_34                                         | 2514	 (17599, 48)             | 71.09     (-0.26)
	Haemoglobin_A1c_level___IFCC_standardised_6                                | 2514	 (17599, 48)             | 53.13     (-0.30)
	Haemoglobin_A1c_level___IFCC_standardised_6                                | 2514	 (17604, 48)             | 32.00     (-0.39)
	Serum_HDL_cholesterol_level_100                                            | 2514	 (17604, 48)             | 2.06      (0.03)
	............................................................new week............................................................
	Serum_alanine_aminotransferase_level_45                                    | 2515	 (17606, 48)             | 10.51     (-0.50)
	Serum_albumin_51                                                           | 2515	 (17610, 48)             | 40.86     (-0.28)
	Serum_alkaline_phosphatase_50                                              | 2515	 (17610, 48)             | 63.27     (-0.50)
	Serum_bilirubin_level_53                                                   | 2515	 (17610, 48)             | 17.21     (-0.48)
	Serum_calcium_39                                                           | 2515	 (17610, 48)             | 2.32      (-0.28)
	Serum_cholesterol_97                                                       | 2515	 (17610, 48)             | 5.31      (-0.43)
	............................................................new week............................................................
	Serum_creatinine_31                                                        | 2516	 (17612, 48)             | 71.63     (-0.49)
	Serum_ferritin_63                                                          | 2516	 (17615, 48)             | 243.82    (-0.50)
	Serum_ferritin_63                                                          | 2516	 (17615, 48)             | -134.70   (-0.50)
	eGFR_using_creatinine_CKD_EPI_per_1_73_square_metres_33                    | 2516	 (17615, 48)             | 73.11     (-0.32)
	............................................................new week............................................................
	Body_mass_index_3                                                          | 2517	 (17624, 48)             | 23.92     (-0.35)
	Diastolic_blood_pressure_5                                                 | 2517	 (17624, 48)             | 86.18     (-0.33)
	O_E___height_1                                                             | 2517	 (17624, 48)             | 164.88    (0.07)
	O_E___weight_2                                                             | 2517	 (17624, 48)             | 67.05     (-0.40)
	............................................................new week............................................................
	Systolic_blood_pressure_4                                                  | 2518	 (17628, 48)             | 158.30    (-0.15)
	............................................................new week............................................................
	ACE_Inhibitors_D2T                                                         | 2519	 (17634, 48)             | nan       (nan)
	............................................................new week............................................................
	Calculated_LDL_cholesterol_level_103                                       | 2520	 (17645, 48)             | 3.89      (-0.37)
	Eosinophil_count_21                                                        | 2520	 (17646, 48)             | 0.17      (-0.46)
	GFR_calculated_abbreviated_MDRD_34                                         | 2520	 (17646, 48)             | 73.77     (-0.25)
	............................................................new week............................................................
	Haematocrit_15                                                             | 2521	 (17652, 48)             | 0.46      (-0.04)
	............................................................new week............................................................
	Haemoglobin_A1c_level___IFCC_standardised_6                                | 2522	 (17657, 48)             | 34.35     (-0.38)
	Haemoglobin_A1c_level_8                                                    | 2522	 (17657, 48)             | 10.46     (-0.48)
	............................................................new week............................................................
	Body_mass_index_3                                                          | 2525	 (17677, 48)             | 23.01     (-0.36)
	Diastolic_blood_pressure_5                                                 | 2525	 (17677, 48)             | 86.53     (-0.32)
	Ex_smoker_84                                                               | 2525	 (17677, 48)             | -10.36    (-0.63)
	O_E___height_1                                                             | 2525	 (17677, 48)             | 168.23    (0.09)
	O_E___weight_2                                                             | 2525	 (17677, 48)             | 66.73     (-0.40)
	Systolic_blood_pressure_4                                                  | 2525	 (17677, 48)             | 160.77    (-0.15)
	ACE_Inhibitors_D2T                                                         | 2525	 (17677, 48)             | nan       (nan)
	............................................................new week............................................................
	Diastolic_blood_pressure_5                                                 | 2526	 (17683, 48)             | 86.63     (-0.32)
