STATIC INFORMATION
========================================================================================================================
	SEX:               M
	IMD:               5.0
	ETHNICITY:         BLACK
	birth_year:        1978.0


GIVEN PATIENT CONTEXT
========================================================================================================================
	EVENT                                                                     | AGE IN WEEKS (days, years)   | VALUE
	............................................................new week............................................................
	ALCOHOLMISUSE_V2                                                           | 1777	 (12445, 34)             | nan       (nan)
	............................................................new week............................................................
	Body_mass_index_3                                                          | 1778	 (12449, 34)             | 25.20     (-0.34)
	Diastolic_blood_pressure_5                                                 | 1778	 (12449, 34)             | 80.00     (-0.34)
	O_E___height_1                                                             | 1778	 (12449, 34)             | 167.00    (0.08)
	O_E___weight_2                                                             | 1778	 (12449, 34)             | 70.20     (-0.39)
	Systolic_blood_pressure_4                                                  | 1778	 (12449, 34)             | 142.00    (-0.20)
	............................................................new week............................................................
	Nasal_steroids_optimal                                                     | 1814	 (12701, 34)             | nan       (nan)
	............................................................new week............................................................
	Nasal_steroids_optimal                                                     | 1820	 (12745, 34)             | nan       (nan)
	............................................................new week............................................................
	GFR_calculated_abbreviated_MDRD_34                                         | 1830	 (12816, 35)             | nan       (nan)
	Haemoglobin_estimation_9                                                   | 1830	 (12816, 35)             | 143.00    (-0.04)
	Lymphocyte_count_20                                                        | 1830	 (12816, 35)             | 0.90      (-0.50)
	Mean_corpusc_Hb_conc__MCHC__14                                             | 1830	 (12816, 35)             | 322.00    (0.14)
	Mean_corpusc_haemoglobin_MCH__13                                           | 1830	 (12816, 35)             | 30.60     (-0.20)
	Mean_corpuscular_volume__MCV__11                                           | 1830	 (12816, 35)             | 95.20     (-0.14)
	Monocyte_count_23                                                          | 1830	 (12816, 35)             | 0.20      (-0.49)
	Neutrophil_count_19                                                        | 1830	 (12816, 35)             | 1.00      (-0.48)
	Platelet_count_12                                                          | 1830	 (12816, 35)             | 258.09    (-0.50)
	Red_blood_cell__RBC__count_10                                              | 1830	 (12816, 35)             | 4.69      (-0.49)
	Red_blood_cell_distribution_width_17                                       | 1830	 (12816, 35)             | 12.80     (-0.47)
	Serum_C_reactive_protein_level_59                                          | 1830	 (12816, 35)             | 4.00      (-0.03)
	Serum_alanine_aminotransferase_level_45                                    | 1830	 (12816, 35)             | 44.00     (-0.50)
	Serum_albumin_51                                                           | 1830	 (12816, 35)             | 42.00     (-0.28)
	Serum_alkaline_phosphatase_50                                              | 1830	 (12816, 35)             | 32.00     (-0.50)
	Serum_bilirubin_level_53                                                   | 1830	 (12816, 35)             | 13.00     (-0.48)
	Serum_creatinine_31                                                        | 1830	 (12816, 35)             | 85.00     (-0.49)
	Serum_gamma_glutamyl_transferase_level_57                                  | 1830	 (12816, 35)             | 38.00     (0.04)
	Serum_potassium_26                                                         | 1830	 (12816, 35)             | 4.10      (-0.10)
	Serum_sodium_24                                                            | 1830	 (12816, 35)             | 139.00    (-0.05)
	Serum_urea_level_29                                                        | 1830	 (12816, 35)             | 6.50      (0.13)
	Total_white_cell_count_18                                                  | 1830	 (12816, 35)             | 2.20      (-0.50)
	............................................................new week............................................................
	Haemoglobin_estimation_9                                                   | 1834	 (12842, 35)             | 148.00    (-0.02)
	Lymphocyte_count_20                                                        | 1834	 (12842, 35)             | 0.90      (-0.50)
	Mean_corpusc_Hb_conc__MCHC__14                                             | 1834	 (12842, 35)             | 317.00    (0.13)
	Mean_corpusc_haemoglobin_MCH__13                                           | 1834	 (12842, 35)             | 30.50     (-0.20)
	Mean_corpuscular_volume__MCV__11                                           | 1834	 (12842, 35)             | 96.30     (-0.14)
	Monocyte_count_23                                                          | 1834	 (12842, 35)             | 0.30      (-0.48)
	Neutrophil_count_19                                                        | 1834	 (12842, 35)             | 1.30      (-0.47)
	Platelet_count_12                                                          | 1834	 (12842, 35)             | 227.99    (-0.50)
	Red_blood_cell__RBC__count_10                                              | 1834	 (12842, 35)             | 4.86      (-0.49)
	Red_blood_cell_distribution_width_17                                       | 1834	 (12842, 35)             | 12.20     (-0.48)
	Total_white_cell_count_18                                                  | 1834	 (12842, 35)             | 2.60      (-0.50)
	............................................................new week............................................................
	Haemoglobin_estimation_9                                                   | 1845	 (12920, 35)             | 151.00    (-0.01)
	Lymphocyte_count_20                                                        | 1845	 (12920, 35)             | 1.20      (-0.49)
	Mean_corpusc_Hb_conc__MCHC__14                                             | 1845	 (12920, 35)             | 322.00    (0.14)
	Mean_corpusc_haemoglobin_MCH__13                                           | 1845	 (12920, 35)             | 30.60     (-0.20)
	Mean_corpuscular_volume__MCV__11                                           | 1845	 (12920, 35)             | 95.00     (-0.15)
	Monocyte_count_23                                                          | 1845	 (12920, 35)             | 0.30      (-0.48)
	Neutrophil_count_19                                                        | 1845	 (12920, 35)             | 1.10      (-0.48)
	Platelet_count_12                                                          | 1845	 (12920, 35)             | 275.08    (-0.50)
	Red_blood_cell__RBC__count_10                                              | 1845	 (12920, 35)             | 4.93      (-0.49)
	Red_blood_cell_distribution_width_17                                       | 1845	 (12920, 35)             | 11.30     (-0.49)
	Total_white_cell_count_18                                                  | 1845	 (12920, 35)             | 2.60      (-0.50)
	............................................................new week............................................................
	Nasal_steroids_optimal                                                     | 1862	 (13039, 35)             | nan       (nan)
	Nasal_steroids_optimal                                                     | 1862	 (13039, 35)             | nan       (nan)
	Nasal_steroids_optimal                                                     | 1862	 (13040, 35)             | nan       (nan)
	............................................................new week............................................................
	Nasal_steroids_optimal                                                     | 1872	 (13110, 35)             | nan       (nan)
	............................................................new week............................................................
	Haemoglobin_estimation_9                                                   | 1895	 (13271, 36)             | 148.00    (-0.02)
	Lymphocyte_count_20                                                        | 1895	 (13271, 36)             | 1.70      (-0.49)
	Mean_corpusc_Hb_conc__MCHC__14                                             | 1895	 (13271, 36)             | 331.00    (0.16)
	Mean_corpusc_haemoglobin_MCH__13                                           | 1895	 (13271, 36)             | 31.20     (-0.19)
	Mean_corpuscular_volume__MCV__11                                           | 1895	 (13271, 36)             | 94.10     (-0.15)
	Monocyte_count_23                                                          | 1895	 (13271, 36)             | 0.40      (-0.48)
	Neutrophil_count_19                                                        | 1895	 (13271, 36)             | 1.40      (-0.47)
	Platelet_count_12                                                          | 1895	 (13271, 36)             | 250.94    (-0.50)
	Red_blood_cell__RBC__count_10                                              | 1895	 (13271, 36)             | 4.74      (-0.49)
	Red_blood_cell_distribution_width_17                                       | 1895	 (13271, 36)             | 11.80     (-0.48)
	Total_white_cell_count_18                                                  | 1895	 (13271, 36)             | 3.50      (-0.50)
	............................................................new week............................................................
	Nasal_steroids_optimal                                                     | 1929	 (13505, 37)             | nan       (nan)
	ALLERGICRHINITISCONJ                                                       | 1929	 (13505, 37)             | nan       (nan)
	............................................................new week............................................................
	Diastolic_blood_pressure_5                                                 | 1982	 (13877, 38)             | 72.00     (-0.36)
	Systolic_blood_pressure_4                                                  | 1982	 (13877, 38)             | 130.00    (-0.23)
	............................................................new week............................................................
	Haemoglobin_estimation_9                                                   | 2003	 (14027, 38)             | 147.00    (-0.03)
	Lymphocyte_count_20                                                        | 2003	 (14027, 38)             | 1.30      (-0.49)
	Mean_corpusc_Hb_conc__MCHC__14                                             | 2003	 (14027, 38)             | 331.00    (0.16)
	Mean_corpusc_haemoglobin_MCH__13                                           | 2003	 (14027, 38)             | 31.10     (-0.20)
	Mean_corpuscular_volume__MCV__11                                           | 2003	 (14027, 38)             | 93.90     (-0.15)
	Monocyte_count_23                                                          | 2003	 (14027, 38)             | 0.50      (-0.47)
	Neutrophil_count_19                                                        | 2003	 (14027, 38)             | 1.20      (-0.48)
	Platelet_count_12                                                          | 2003	 (14027, 38)             | 239.01    (-0.50)
	Red_blood_cell__RBC__count_10                                              | 2003	 (14027, 38)             | 4.73      (-0.49)
	Red_blood_cell_distribution_width_17                                       | 2003	 (14027, 38)             | 12.50     (-0.48)
	Total_white_cell_count_18                                                  | 2003	 (14027, 38)             | 3.10      (-0.50)
	............................................................new week............................................................
	Nasal_steroids_optimal                                                     | 2020	 (14142, 38)             | nan       (nan)
	............................................................new week............................................................
	Body_mass_index_3                                                          | 2033	 (14234, 38)             | 23.60     (-0.35)
	Diastolic_blood_pressure_5                                                 | 2033	 (14234, 38)             | 93.00     (-0.31)
	O_E___height_1                                                             | 2033	 (14234, 38)             | 167.00    (0.08)
	O_E___weight_2                                                             | 2033	 (14234, 38)             | 66.00     (-0.40)
	Systolic_blood_pressure_4                                                  | 2033	 (14234, 38)             | 139.00    (-0.21)
	............................................................new week............................................................
	Calculated_LDL_cholesterol_level_103                                       | 2034	 (14242, 39)             | 2.50      (-0.42)
	GFR_calculated_abbreviated_MDRD_34                                         | 2034	 (14242, 39)             | 60.00     (-0.30)
	Haemoglobin_A1c_level___IFCC_standardised_6                                | 2034	 (14242, 39)             | 29.00     (-0.40)
	Haemoglobin_estimation_9                                                   | 2034	 (14242, 39)             | 143.00    (-0.04)
	Lymphocyte_count_20                                                        | 2034	 (14242, 39)             | 1.20      (-0.49)
	Mean_corpusc_Hb_conc__MCHC__14                                             | 2034	 (14242, 39)             | 335.00    (0.16)
	Mean_corpusc_haemoglobin_MCH__13                                           | 2034	 (14242, 39)             | 31.50     (-0.19)
	Mean_corpuscular_volume__MCV__11                                           | 2034	 (14242, 39)             | 93.90     (-0.15)
	Monocyte_count_23                                                          | 2034	 (14242, 39)             | 0.50      (-0.47)
	Neutrophil_count_19                                                        | 2034	 (14242, 39)             | 1.40      (-0.47)
	Non_HDL_cholesterol_level_108                                              | 2034	 (14242, 39)             | 3.00      (-0.03)
	Platelet_count_12                                                          | 2034	 (14242, 39)             | 262.86    (-0.50)
	Red_blood_cell__RBC__count_10                                              | 2034	 (14242, 39)             | 4.54      (-0.49)
	Red_blood_cell_distribution_width_17                                       | 2034	 (14242, 39)             | 12.30     (-0.48)
	Serum_HDL_cholesterol_level_100                                            | 2034	 (14242, 39)             | 3.08      (0.29)
	Serum_TSH_level_71                                                         | 2034	 (14242, 39)             | 1.15      (-0.50)
	Serum_alanine_aminotransferase_level_45                                    | 2034	 (14242, 39)             | 52.00     (-0.50)
	Serum_albumin_51                                                           | 2034	 (14242, 39)             | 43.00     (-0.27)
	Serum_alkaline_phosphatase_50                                              | 2034	 (14242, 39)             | 50.00     (-0.50)
	Serum_bilirubin_level_53                                                   | 2034	 (14242, 39)             | 17.00     (-0.48)
	Serum_cholesterol_97                                                       | 2034	 (14242, 39)             | 6.10      (-0.41)
	Serum_creatinine_31                                                        | 2034	 (14242, 39)             | 88.00     (-0.49)
	Serum_potassium_26                                                         | 2034	 (14242, 39)             | 4.40      (-0.07)
	Serum_sodium_24                                                            | 2034	 (14242, 39)             | 140.00    (-0.05)
	Serum_triglycerides_105                                                    | 2034	 (14242, 39)             | 1.10      (-0.49)
	Serum_urea_level_29                                                        | 2034	 (14242, 39)             | 5.10      (-0.01)
	Total_cholesterol_HDL_ratio_95                                             | 2034	 (14242, 39)             | 2.00      (-0.50)
	Total_white_cell_count_18                                                  | 2034	 (14242, 39)             | 3.10      (-0.50)
	............................................................new week............................................................
	SSRIs_Optimal                                                              | 2061	 (14430, 39)             | nan       (nan)
	DEPRESSION                                                                 | 2061	 (14430, 39)             | nan       (nan)
	............................................................new week............................................................
	Body_mass_index_3                                                          | 2067	 (14471, 39)             | 24.00     (-0.35)
	Diastolic_blood_pressure_5                                                 | 2067	 (14471, 39)             | 99.00     (-0.29)
	O_E___weight_2                                                             | 2067	 (14471, 39)             | 67.00     (-0.40)
	Systolic_blood_pressure_4                                                  | 2067	 (14471, 39)             | 169.00    (-0.12)
	Calculated_LDL_cholesterol_level_103                                       | 2067	 (14474, 39)             | 2.80      (-0.41)
	GFR_calculated_abbreviated_MDRD_34                                         | 2067	 (14474, 39)             | 60.00     (-0.30)
	Haemoglobin_A1c_level___IFCC_standardised_6                                | 2067	 (14474, 39)             | 32.00     (-0.39)
	Non_HDL_cholesterol_level_108                                              | 2067	 (14474, 39)             | 3.30      (0.02)
	Serum_HDL_cholesterol_level_100                                            | 2067	 (14474, 39)             | 3.07      (0.29)
	Serum_TSH_level_71                                                         | 2067	 (14474, 39)             | 1.23      (-0.50)
	Serum_alanine_aminotransferase_level_45                                    | 2067	 (14474, 39)             | 44.00     (-0.50)
	Serum_albumin_51                                                           | 2067	 (14474, 39)             | 45.00     (-0.26)
	Serum_alkaline_phosphatase_50                                              | 2067	 (14474, 39)             | 40.00     (-0.50)
	Serum_bilirubin_level_53                                                   | 2067	 (14474, 39)             | 10.00     (-0.49)
	Serum_cholesterol_97                                                       | 2067	 (14474, 39)             | 6.30      (-0.41)
	Serum_creatinine_31                                                        | 2067	 (14474, 39)             | 87.00     (-0.49)
	Serum_potassium_26                                                         | 2067	 (14474, 39)             | 5.10      (0.01)
	Serum_sodium_24                                                            | 2067	 (14474, 39)             | 141.00    (-0.04)
	Serum_triglycerides_105                                                    | 2067	 (14474, 39)             | 0.96      (-0.49)
	Serum_urea_level_29                                                        | 2067	 (14474, 39)             | 4.90      (-0.03)
	Total_cholesterol_HDL_ratio_95                                             | 2067	 (14474, 39)             | 2.10      (-0.50)
	............................................................new week............................................................
	Diastolic_blood_pressure_5                                                 | 2068	 (14478, 39)             | 95.00     (-0.30)
	Diastolic_blood_pressure_5                                                 | 2068	 (14478, 39)             | 96.00     (-0.30)
	Systolic_blood_pressure_4                                                  | 2068	 (14478, 39)             | 163.00    (-0.14)
	Systolic_blood_pressure_4                                                  | 2068	 (14478, 39)             | 174.00    (-0.11)
	............................................................new week............................................................
	Diastolic_blood_pressure_5                                                 | 2104	 (14733, 40)             | 98.00     (-0.29)
	Systolic_blood_pressure_4                                                  | 2104	 (14733, 40)             | 154.00    (-0.16)
	............................................................new week............................................................
	Diastolic_blood_pressure_5                                                 | 2105	 (14740, 40)             | 105.00    (-0.28)
	Systolic_blood_pressure_4                                                  | 2105	 (14740, 40)             | 168.00    (-0.13)
	............................................................new week............................................................
	Haematocrit_15                                                             | 2119	 (14835, 40)             | 0.42      (-0.08)
	Haemoglobin_estimation_9                                                   | 2119	 (14835, 40)             | 138.00    (-0.06)
	Lymphocyte_count_20                                                        | 2119	 (14835, 40)             | 1.00      (-0.50)
	Mean_corpusc_Hb_conc__MCHC__14                                             | 2119	 (14835, 40)             | 326.00    (0.14)
	Mean_corpusc_haemoglobin_MCH__13                                           | 2119	 (14835, 40)             | 31.00     (-0.20)
	Mean_corpuscular_volume__MCV__11                                           | 2119	 (14835, 40)             | 94.90     (-0.15)
	Monocyte_count_23                                                          | 2119	 (14835, 40)             | 0.40      (-0.48)
	Neutrophil_count_19                                                        | 2119	 (14835, 40)             | 1.60      (-0.47)
	Platelet_count_12                                                          | 2119	 (14835, 40)             | 225.01    (-0.50)
	Red_blood_cell__RBC__count_10                                              | 2119	 (14835, 40)             | 4.47      (-0.49)
	Red_blood_cell_distribution_width_17                                       | 2119	 (14835, 40)             | 12.50     (-0.48)
	Total_white_cell_count_18                                                  | 2119	 (14835, 40)             | 3.10      (-0.50)
	............................................................new week............................................................
	Body_mass_index_3                                                          | 2143	 (15007, 41)             | 23.59     (-0.35)
	Current_smoker_83                                                          | 2143	 (15007, 41)             | nan       (nan)
	Diastolic_blood_pressure_5                                                 | 2143	 (15007, 41)             | 92.00     (-0.31)
	O_E___height_1                                                             | 2143	 (15007, 41)             | 166.00    (0.08)
	O_E___weight_2                                                             | 2143	 (15007, 41)             | 65.00     (-0.40)
	Serum_HDL_cholesterol_level_100                                            | 2143	 (15007, 41)             | 2.15      (0.05)
	Serum_total_cholesterol_level_98                                           | 2143	 (15007, 41)             | 6.26      (-0.40)
	Systolic_blood_pressure_4                                                  | 2143	 (15007, 41)             | 134.00    (-0.22)
	Total_cholesterol_HDL_ratio_95                                             | 2143	 (15007, 41)             | 2.90      (-0.49)
	............................................................new week............................................................
	Nasal_steroids_optimal                                                     | 2170	 (15192, 41)             | nan       (nan)
	............................................................new week............................................................
	Nasal_steroids_optimal                                                     | 2229	 (15609, 42)             | nan       (nan)
	............................................................new week............................................................
	Mirtazapine                                                                | 2232	 (15626, 42)             | nan       (nan)
	............................................................new week............................................................
	Antihistamines_second_generation_H1_antagonists                            | 2233	 (15635, 42)             | nan       (nan)
	............................................................new week............................................................
	Mirtazapine                                                                | 2234	 (15644, 42)             | nan       (nan)
	............................................................new week............................................................
	Mirtazapine                                                                | 2235	 (15651, 42)             | nan       (nan)
	Nasal_steroids_optimal                                                     | 2235	 (15651, 42)             | nan       (nan)
	............................................................new week............................................................
	Mirtazapine                                                                | 2239	 (15674, 42)             | nan       (nan)
	............................................................new week............................................................
	Mirtazapine                                                                | 2243	 (15703, 43)             | nan       (nan)
	............................................................new week............................................................
	Mirtazapine                                                                | 2247	 (15733, 43)             | nan       (nan)
	............................................................new week............................................................
	Mirtazapine                                                                | 2253	 (15772, 43)             | nan       (nan)
	............................................................new week............................................................
	Mirtazapine                                                                | 2259	 (15815, 43)             | nan       (nan)
	............................................................new week............................................................
	Body_mass_index_3                                                          | 2263	 (15845, 43)             | 23.01     (-0.36)
	Diastolic_blood_pressure_5                                                 | 2263	 (15845, 43)             | 83.00     (-0.33)
	O_E___weight_2                                                             | 2263	 (15845, 43)             | 63.40     (-0.40)
	Systolic_blood_pressure_4                                                  | 2263	 (15845, 43)             | 142.00    (-0.20)
	............................................................new week............................................................
	Mirtazapine                                                                | 2266	 (15865, 43)             | nan       (nan)
	............................................................new week............................................................
	Nasal_steroids_optimal                                                     | 2273	 (15913, 43)             | nan       (nan)
	Mirtazapine                                                                | 2273	 (15914, 43)             | nan       (nan)

========================================================================================================================
DIAGNOSIS SUMMARY
['ALCOHOLMISUSE_V2', 'ALLERGICRHINITISCONJ', 'DEPRESSION']
========================================================================================================================


PREDICTED FUTURE EVENTS
========================================================================================================================
	EVENT                                                                     | AGE IN WEEKS (days, years)  | VALUE
	Antihistamines_second_generation_H1_antagonists                            | 2273	 (15916, 43)             | nan       (nan)
	............................................................new week............................................................
	Antihistamines_second_generation_H1_antagonists                            | 2278	 (15951, 43)             | nan       (nan)
	............................................................new week............................................................
	OCS_PUSHAsthma2                                                            | 2279	 (15958, 43)             | nan       (nan)
	Systemic_oral_corticosteroids_optimal                                      | 2279	 (15958, 43)             | nan       (nan)
	............................................................new week............................................................
	Diastolic_blood_pressure_5                                                 | 2292	 (16050, 43)             | 94.44     (-0.30)
	............................................................new week............................................................
	Systolic_blood_pressure_4                                                  | 2293	 (16055, 43)             | 132.76    (-0.22)
	............................................................new week............................................................
	Mirtazapine                                                                | 2296	 (16072, 44)             | nan       (nan)
	............................................................new week............................................................
	Mirtazapine                                                                | 2298	 (16086, 44)             | nan       (nan)
	............................................................new week............................................................
	Mirtazapine                                                                | 2306	 (16147, 44)             | nan       (nan)
	............................................................new week............................................................
	Mirtazapine                                                                | 2308	 (16157, 44)             | nan       (nan)
	............................................................new week............................................................
	Mirtazapine                                                                | 2311	 (16179, 44)             | nan       (nan)
	Mirtazapine                                                                | 2311	 (16181, 44)             | nan       (nan)
	Mirtazapine                                                                | 2311	 (16181, 44)             | nan       (nan)
	............................................................new week............................................................
	Nasal_steroids_optimal                                                     | 2326	 (16285, 44)             | nan       (nan)
	............................................................new week............................................................
	Vitamin_D                                                                  | 2329	 (16305, 44)             | nan       (nan)
	............................................................new week............................................................
	Mirtazapine                                                                | 2338	 (16369, 44)             | nan       (nan)
	............................................................new week............................................................
	Mirtazapine                                                                | 2341	 (16391, 44)             | nan       (nan)
	............................................................new week............................................................
	Mirtazapine                                                                | 2342	 (16399, 44)             | nan       (nan)
	............................................................new week............................................................
	Mirtazapine                                                                | 2343	 (16404, 44)             | nan       (nan)
	............................................................new week............................................................
	Mirtazapine                                                                | 2345	 (16415, 44)             | nan       (nan)
	............................................................new week............................................................
	Mirtazapine                                                                | 2349	 (16446, 45)             | nan       (nan)
	............................................................new week............................................................
	Mirtazapine                                                                | 2356	 (16495, 45)             | nan       (nan)
	............................................................new week............................................................
	NSAIDS_oral_OPTIMAL_final                                                  | 2363	 (16541, 45)             | nan       (nan)
	............................................................new week............................................................
	Mirtazapine                                                                | 2364	 (16554, 45)             | nan       (nan)
	............................................................new week............................................................
	Basophil_count_22                                                          | 2384	 (16693, 45)             | -0.00     (-0.49)
	............................................................new week............................................................
	Calculated_LDL_cholesterol_level_103                                       | 2385	 (16695, 45)             | 3.45      (-0.38)
	Eosinophil_count_21                                                        | 2385	 (16695, 45)             | 0.14      (-0.47)
	GFR_calculated_abbreviated_MDRD_34                                         | 2385	 (16695, 45)             | 64.58     (-0.29)
	Haematocrit_15                                                             | 2385	 (16695, 45)             | 0.40      (-0.10)
	Haemoglobin_A1c_level___IFCC_standardised_6                                | 2385	 (16695, 45)             | 26.76     (-0.41)
	Haemoglobin_estimation_9                                                   | 2385	 (16695, 45)             | 137.84    (-0.06)
	Lymphocyte_count_20                                                        | 2385	 (16696, 45)             | 1.72      (-0.49)
	Mean_corpusc_Hb_conc__MCHC__14                                             | 2385	 (16696, 45)             | 346.21    (0.19)
	Mean_corpusc_haemoglobin_MCH__13                                           | 2385	 (16696, 45)             | 31.43     (-0.19)
	Mean_corpuscular_volume__MCV__11                                           | 2385	 (16696, 45)             | 91.25     (-0.16)
	Monocyte_count_23                                                          | 2385	 (16696, 45)             | 0.34      (-0.48)
	Neutrophil_count_19                                                        | 2385	 (16700, 45)             | 0.13      (-0.50)
	............................................................new week............................................................
	Platelet_count_12                                                          | 2386	 (16702, 45)             | 3465.12   (-0.50)
	Red_blood_cell__RBC__count_10                                              | 2386	 (16702, 45)             | 3.00      (-0.49)
	Red_blood_cell_distribution_width_17                                       | 2386	 (16702, 45)             | 13.95     (-0.46)
	Serum_HDL_cholesterol_level_100                                            | 2386	 (16702, 45)             | 1.77      (-0.05)
	Serum_TSH_level_71                                                         | 2386	 (16702, 45)             | -0.85     (-0.50)
	Serum_free_T4_level_75                                                     | 2386	 (16702, 45)             | 15.68     (-0.50)
	Serum_triglycerides_105                                                    | 2386	 (16702, 45)             | 1.06      (-0.49)
	Lipid_lowering_drugs_Optimal                                               | 2386	 (16707, 45)             | nan       (nan)
	............................................................new week............................................................
	Mirtazapine                                                                | 2387	 (16711, 45)             | nan       (nan)
	............................................................new week............................................................
	Mirtazapine                                                                | 2392	 (16748, 45)             | nan       (nan)
	Mirtazapine                                                                | 2392	 (16748, 45)             | nan       (nan)
	............................................................new week............................................................
	Mirtazapine                                                                | 2394	 (16762, 45)             | nan       (nan)
	............................................................new week............................................................
	Mirtazapine                                                                | 2399	 (16793, 46)             | nan       (nan)
	............................................................new week............................................................
	Mirtazapine                                                                | 2402	 (16815, 46)             | nan       (nan)
	............................................................new week............................................................
	Mirtazapine                                                                | 2410	 (16875, 46)             | nan       (nan)
	............................................................new week............................................................
	Mirtazapine                                                                | 2415	 (16908, 46)             | nan       (nan)
	............................................................new week............................................................
	Mirtazapine                                                                | 2416	 (16912, 46)             | nan       (nan)
	Mirtazapine                                                                | 2416	 (16914, 46)             | nan       (nan)
	............................................................new week............................................................
	Nasal_steroids_optimal                                                     | 2419	 (16938, 46)             | nan       (nan)
	Mirtazapine                                                                | 2419	 (16938, 46)             | nan       (nan)
	............................................................new week............................................................
	Diastolic_blood_pressure_5                                                 | 2424	 (16972, 46)             | 95.91     (-0.30)
	............................................................new week............................................................
	Systolic_blood_pressure_4                                                  | 2425	 (16976, 46)             | 146.28    (-0.19)
	............................................................new week............................................................
	Mirtazapine                                                                | 2427	 (16991, 46)             | nan       (nan)
	............................................................new week............................................................
	Current_smoker_83                                                          | 2430	 (17016, 46)             | 0.98      (-0.49)
	............................................................new week............................................................
	Mirtazapine                                                                | 2433	 (17031, 46)             | nan       (nan)
	............................................................new week............................................................
	Mirtazapine                                                                | 2435	 (17051, 46)             | nan       (nan)
	............................................................new week............................................................
	Mirtazapine                                                                | 2439	 (17076, 46)             | nan       (nan)
	............................................................new week............................................................
	Mirtazapine                                                                | 2452	 (17170, 47)             | nan       (nan)
	............................................................new week............................................................
	Mirtazapine                                                                | 2454	 (17184, 47)             | nan       (nan)
	............................................................new week............................................................
	Mirtazapine                                                                | 2469	 (17288, 47)             | nan       (nan)
	............................................................new week............................................................
	Mirtazapine                                                                | 2480	 (17365, 47)             | nan       (nan)
	............................................................new week............................................................
	Mirtazapine                                                                | 2481	 (17370, 47)             | nan       (nan)
	Mirtazapine                                                                | 2481	 (17372, 47)             | nan       (nan)
	............................................................new week............................................................
	Mirtazapine                                                                | 2482	 (17374, 47)             | nan       (nan)
	Mirtazapine                                                                | 2482	 (17374, 47)             | nan       (nan)
	Mirtazapine                                                                | 2482	 (17376, 47)             | nan       (nan)
	............................................................new week............................................................
	Mirtazapine                                                                | 2487	 (17409, 47)             | nan       (nan)
	Mirtazapine                                                                | 2487	 (17411, 47)             | nan       (nan)
	phosphodiesterasetype5inhibitor_OPTIMAL                                    | 2487	 (17414, 47)             | nan       (nan)
	............................................................new week............................................................
	Mirtazapine                                                                | 2494	 (17462, 47)             | nan       (nan)
	Mirtazapine                                                                | 2494	 (17462, 47)             | nan       (nan)
	............................................................new week............................................................
	Mirtazapine                                                                | 2501	 (17509, 47)             | nan       (nan)
	............................................................new week............................................................
	Mirtazapine                                                                | 2502	 (17518, 47)             | nan       (nan)
	Mirtazapine                                                                | 2502	 (17520, 48)             | nan       (nan)
	............................................................new week............................................................
	Mirtazapine                                                                | 2507	 (17555, 48)             | nan       (nan)
	............................................................new week............................................................
	phosphodiesterasetype5inhibitor_OPTIMAL                                    | 2509	 (17564, 48)             | nan       (nan)
	............................................................new week............................................................
	Mirtazapine                                                                | 2517	 (17619, 48)             | nan       (nan)
	............................................................new week............................................................
	Mirtazapine                                                                | 2522	 (17654, 48)             | nan       (nan)
	............................................................new week............................................................
	Mirtazapine                                                                | 2528	 (17696, 48)             | nan       (nan)
	............................................................new week............................................................
	Mirtazapine                                                                | 2529	 (17703, 48)             | nan       (nan)
	Mirtazapine                                                                | 2529	 (17707, 48)             | nan       (nan)
	............................................................new week............................................................
	Mirtazapine                                                                | 2534	 (17741, 48)             | nan       (nan)
	............................................................new week............................................................
	Mirtazapine                                                                | 2540	 (17785, 48)             | nan       (nan)
	............................................................new week............................................................
	Mirtazapine                                                                | 2559	 (17915, 49)             | nan       (nan)
	............................................................new week............................................................
	Mirtazapine                                                                | 2561	 (17928, 49)             | nan       (nan)
	............................................................new week............................................................
	Mirtazapine                                                                | 2562	 (17939, 49)             | nan       (nan)
	............................................................new week............................................................
	Mirtazapine                                                                | 2568	 (17977, 49)             | nan       (nan)
	............................................................new week............................................................
	Mirtazapine                                                                | 2569	 (17988, 49)             | nan       (nan)
	............................................................new week............................................................
	Mirtazapine                                                                | 2579	 (18057, 49)             | nan       (nan)
	............................................................new week............................................................
	Mirtazapine                                                                | 2587	 (18109, 49)             | nan       (nan)
	............................................................new week............................................................
	Anticonvulsants_OPTIMAL                                                    | 2589	 (18125, 49)             | nan       (nan)
	............................................................new week............................................................
	Anticonvulsants_OPTIMAL                                                    | 2591	 (18140, 49)             | nan       (nan)
	............................................................new week............................................................
	PropranololAnxiety_mumpredict                                              | 2592	 (18145, 49)             | nan       (nan)
	Mirtazapine                                                                | 2592	 (18147, 49)             | nan       (nan)
	............................................................new week............................................................
	Strong_Opioids_2022_Final                                                  | 2595	 (18167, 49)             | nan       (nan)
	............................................................new week............................................................
	Strong_Opioids_2022_Final                                                  | 2596	 (18174, 49)             | nan       (nan)
	............................................................new week............................................................
	Anticonvulsants_OPTIMAL                                                    | 2601	 (18209, 49)             | nan       (nan)
	Gabapentin_Oral_OPTIMAL                                                    | 2601	 (18209, 49)             | nan       (nan)
	............................................................new week............................................................
	Mirtazapine                                                                | 2606	 (18244, 49)             | nan       (nan)
	Strong_Opioids_2022_Final                                                  | 2606	 (18246, 49)             | nan       (nan)
	Strong_Opioids_2022_Final                                                  | 2606	 (18246, 49)             | nan       (nan)
	............................................................new week............................................................
	Mirtazapine                                                                | 2612	 (18286, 50)             | nan       (nan)
	Mirtazapine                                                                | 2612	 (18286, 50)             | nan       (nan)
	............................................................new week............................................................
	Ex_smoker_84                                                               | 2613	 (18295, 50)             | 106.64    (0.83)
	............................................................new week............................................................
	Mirtazapine                                                                | 2621	 (18350, 50)             | nan       (nan)
	............................................................new week............................................................
	Anticonvulsants_OPTIMAL                                                    | 2631	 (18417, 50)             | nan       (nan)
	Gabapentin_Oral_OPTIMAL                                                    | 2631	 (18417, 50)             | nan       (nan)
	............................................................new week............................................................
	Mirtazapine                                                                | 2633	 (18437, 50)             | nan       (nan)
	............................................................new week............................................................
	Anticonvulsants_OPTIMAL                                                    | 2636	 (18452, 50)             | nan       (nan)
	Gabapentin_Oral_OPTIMAL                                                    | 2636	 (18452, 50)             | nan       (nan)
	............................................................new week............................................................
	Basophil_count_22                                                          | 2637	 (18459, 50)             | 0.21      (-0.47)
	Calculated_LDL_cholesterol_level_103                                       | 2637	 (18461, 50)             | 3.08      (-0.40)
	Eosinophil_count_21                                                        | 2637	 (18463, 50)             | 0.03      (-0.48)
	Haematocrit_15                                                             | 2637	 (18465, 50)             | 0.41      (-0.09)
	............................................................new week............................................................
	Haemoglobin_A1c_level___IFCC_standardised_6                                | 2638	 (18467, 50)             | 44.94     (-0.34)
	Haemoglobin_A1c_level___IFCC_standardised_6                                | 2638	 (18467, 50)             | 40.42     (-0.36)
	Haemoglobin_A1c_level___IFCC_standardised_6                                | 2638	 (18467, 50)             | 34.66     (-0.38)
	O_E___height_1                                                             | 2638	 (18467, 50)             | 158.65    (0.05)
	O_E___weight_2                                                             | 2638	 (18468, 50)             | 72.56     (-0.39)
	SulfasalazineAURUM_Zhaonan                                                 | 2638	 (18470, 50)             | nan       (nan)
	............................................................new week............................................................
	Basophil_count_22                                                          | 2644	 (18509, 50)             | 0.06      (-0.48)
	Body_mass_index_3                                                          | 2644	 (18509, 50)             | 28.21     (-0.31)
	Diastolic_blood_pressure_5                                                 | 2644	 (18509, 50)             | 78.14     (-0.35)
	Diastolic_blood_pressure_5                                                 | 2644	 (18509, 50)             | 75.93     (-0.35)
	Eosinophil_count_21                                                        | 2644	 (18510, 50)             | 0.22      (-0.46)
	GFR_calculated_abbreviated_MDRD_34                                         | 2644	 (18510, 50)             | 55.87     (-0.31)
	Haematocrit_15                                                             | 2644	 (18510, 50)             | 0.43      (-0.07)
	Haemoglobin_A1c_level___IFCC_standardised_6                                | 2644	 (18510, 50)             | 37.17     (-0.37)
	Haemoglobin_estimation_9                                                   | 2644	 (18512, 50)             | 146.80    (-0.03)
	Lymphocyte_count_20                                                        | 2644	 (18512, 50)             | 0.99      (-0.50)
	Mean_corpuscular_volume__MCV__11                                           | 2644	 (18514, 50)             | 89.82     (-0.17)
	............................................................new week............................................................
	Monocyte_count_23                                                          | 2645	 (18516, 50)             | 0.24      (-0.49)
	Neutrophil_count_19                                                        | 2645	 (18516, 50)             | 0.99      (-0.48)
	Non_HDL_cholesterol_level_108                                              | 2645	 (18516, 50)             | 4.70      (0.23)
	............................................................new week............................................................
	O_E___height_1                                                             | 2646	 (18523, 50)             | 166.61    (0.08)
	O_E___weight_2                                                             | 2646	 (18523, 50)             | 80.29     (-0.38)
	Serum_HDL_cholesterol_level_100                                            | 2646	 (18523, 50)             | 1.40      (-0.14)
	Serum_alanine_aminotransferase_level_45                                    | 2646	 (18525, 50)             | 17.13     (-0.50)
	............................................................new week............................................................
	Serum_albumin_51                                                           | 2647	 (18531, 50)             | 46.03     (-0.25)
	............................................................new week............................................................
	Serum_alkaline_phosphatase_50                                              | 2648	 (18538, 50)             | 157.06    (-0.49)
	Serum_cholesterol_97                                                       | 2648	 (18540, 50)             | 4.00      (-0.45)
	Serum_creatinine_31                                                        | 2648	 (18540, 50)             | 92.03     (-0.49)
	Serum_potassium_26                                                         | 2648	 (18540, 50)             | 4.98      (-0.01)
