STATIC INFORMATION
========================================================================================================================
	SEX:               F
	IMD:               5.0
	ETHNICITY:         BLACK
	birth_year:        1984.0


GIVEN PATIENT CONTEXT
========================================================================================================================
	EVENT                                                                     | AGE IN WEEKS (days, years)   | VALUE
	............................................................new week............................................................
	TSH___thyroid_stim_hormone_72                                              | 793	 (5556, 15)               | 1.43      (-0.49)
	............................................................new week............................................................
	Body_mass_index_3                                                          | 1143	 (8002, 21)              | 28.70     (-0.31)
	Diastolic_blood_pressure_5                                                 | 1143	 (8002, 21)              | 97.00     (-0.30)
	Never_smoked_tobacco_85                                                    | 1143	 (8002, 21)              | nan       (nan)
	O_E___height_1                                                             | 1143	 (8002, 21)              | 177.80    (0.13)
	O_E___weight_2                                                             | 1143	 (8002, 21)              | 91.00     (-0.36)
	Systolic_blood_pressure_4                                                  | 1143	 (8002, 21)              | 122.00    (-0.25)
	............................................................new week............................................................
	Basophil_count_22                                                          | 1157	 (8101, 22)              | 0.10      (-0.48)
	Eosinophil_count_21                                                        | 1157	 (8101, 22)              | 0.10      (-0.47)
	Haematocrit_15                                                             | 1157	 (8101, 22)              | 0.37      (-0.13)
	Haemoglobin_estimation_9                                                   | 1157	 (8101, 22)              | 12.30     (-0.49)
	Lymphocyte_count_20                                                        | 1157	 (8101, 22)              | 2.00      (-0.49)
	Mean_corpusc_Hb_conc__MCHC__14                                             | 1157	 (8101, 22)              | 33.20     (-0.45)
	Mean_corpusc_haemoglobin_MCH__13                                           | 1157	 (8101, 22)              | 30.40     (-0.20)
	Mean_corpuscular_volume__MCV__11                                           | 1157	 (8101, 22)              | 91.40     (-0.16)
	Monocyte_count_23                                                          | 1157	 (8101, 22)              | 0.70      (-0.46)
	Neutrophil_count_19                                                        | 1157	 (8101, 22)              | 8.10      (-0.34)
	Platelet_count_12                                                          | 1157	 (8101, 22)              | 266.13    (-0.50)
	Red_blood_cell__RBC__count_10                                              | 1157	 (8101, 22)              | 4.04      (-0.49)
	Red_blood_cell_distribution_width_17                                       | 1157	 (8101, 22)              | nan       (nan)
	Total_white_cell_count_18                                                  | 1157	 (8101, 22)              | 10.90     (-0.50)
	............................................................new week............................................................
	Diastolic_blood_pressure_5                                                 | 1159	 (8115, 22)              | 51.00     (-0.42)
	Systolic_blood_pressure_4                                                  | 1159	 (8115, 22)              | 91.00     (-0.34)
	............................................................new week............................................................
	Basophil_count_22                                                          | 1160	 (8121, 22)              | 0.00      (-0.49)
	Eosinophil_count_21                                                        | 1160	 (8121, 22)              | 0.10      (-0.47)
	Haematocrit_15                                                             | 1160	 (8121, 22)              | 0.36      (-0.14)
	Haemoglobin_estimation_9                                                   | 1160	 (8121, 22)              | 11.90     (-0.49)
	Lymphocyte_count_20                                                        | 1160	 (8121, 22)              | 2.10      (-0.49)
	Mean_corpusc_Hb_conc__MCHC__14                                             | 1160	 (8121, 22)              | 33.60     (-0.45)
	Mean_corpusc_haemoglobin_MCH__13                                           | 1160	 (8121, 22)              | 30.00     (-0.21)
	Mean_corpuscular_volume__MCV__11                                           | 1160	 (8121, 22)              | 89.30     (-0.17)
	Monocyte_count_23                                                          | 1160	 (8121, 22)              | 0.50      (-0.47)
	Neutrophil_count_19                                                        | 1160	 (8121, 22)              | 8.10      (-0.34)
	Platelet_count_12                                                          | 1160	 (8121, 22)              | 247.06    (-0.50)
	Red_blood_cell__RBC__count_10                                              | 1160	 (8121, 22)              | 3.98      (-0.49)
	Red_blood_cell_distribution_width_17                                       | 1160	 (8121, 22)              | nan       (nan)
	Total_white_cell_count_18                                                  | 1160	 (8121, 22)              | 10.80     (-0.50)
	............................................................new week............................................................
	Diastolic_blood_pressure_5                                                 | 1163	 (8144, 22)              | 72.00     (-0.36)
	Systolic_blood_pressure_4                                                  | 1163	 (8144, 22)              | 113.00    (-0.28)
	............................................................new week............................................................
	Diastolic_blood_pressure_5                                                 | 1166	 (8163, 22)              | 75.00     (-0.36)
	Systolic_blood_pressure_4                                                  | 1166	 (8163, 22)              | 118.00    (-0.26)
	............................................................new week............................................................
	Paracetamol_OPTIMAL                                                        | 1167	 (8170, 22)              | nan       (nan)
	............................................................new week............................................................
	Diastolic_blood_pressure_5                                                 | 1168	 (8178, 22)              | 82.00     (-0.34)
	Systolic_blood_pressure_4                                                  | 1168	 (8178, 22)              | 116.00    (-0.27)
	............................................................new week............................................................
	Body_mass_index_3                                                          | 1180	 (8263, 22)              | 29.20     (-0.31)
	Diastolic_blood_pressure_5                                                 | 1180	 (8263, 22)              | 86.00     (-0.33)
	O_E___weight_2                                                             | 1180	 (8263, 22)              | 92.60     (-0.36)
	Systolic_blood_pressure_4                                                  | 1180	 (8263, 22)              | 122.00    (-0.25)
	all_contraceptive                                                          | 1180	 (8263, 22)              | nan       (nan)
	............................................................new week............................................................
	NSAIDS_oral_OPTIMAL_final                                                  | 1218	 (8530, 23)              | nan       (nan)
	............................................................new week............................................................
	Paracetamol_OPTIMAL                                                        | 1281	 (8971, 24)              | nan       (nan)
	............................................................new week............................................................
	Paracetamol_OPTIMAL                                                        | 1287	 (9013, 24)              | nan       (nan)
	............................................................new week............................................................
	Never_smoked_tobacco_85                                                    | 1299	 (9094, 24)              | nan       (nan)
	............................................................new week............................................................
	Body_mass_index_3                                                          | 1303	 (9126, 25)              | 27.50     (-0.32)
	Diastolic_blood_pressure_5                                                 | 1303	 (9126, 25)              | 62.00     (-0.39)
	Never_smoked_tobacco_85                                                    | 1303	 (9126, 25)              | nan       (nan)
	O_E___weight_2                                                             | 1303	 (9126, 25)              | 87.00     (-0.37)
	Systolic_blood_pressure_4                                                  | 1303	 (9126, 25)              | 116.00    (-0.27)
	COCP_reg_contraception                                                     | 1303	 (9126, 25)              | nan       (nan)
	all_contraceptive                                                          | 1303	 (9126, 25)              | nan       (nan)
	............................................................new week............................................................
	COCP_reg_contraception                                                     | 1316	 (9213, 25)              | nan       (nan)
	all_contraceptive                                                          | 1316	 (9213, 25)              | nan       (nan)
	............................................................new week............................................................
	Never_smoked_tobacco_85                                                    | 1384	 (9693, 26)              | nan       (nan)
	............................................................new week............................................................
	AST_serum_level_47                                                         | 1385	 (9697, 26)              | 22.00     (-0.50)
	Basophil_count_22                                                          | 1385	 (9697, 26)              | 0.10      (-0.48)
	Eosinophil_count_21                                                        | 1385	 (9697, 26)              | 0.10      (-0.47)
	GFR_calculated_abbreviated_MDRD_34                                         | 1385	 (9697, 26)              | 60.00     (-0.30)
	Haematocrit_15                                                             | 1385	 (9697, 26)              | 0.40      (-0.10)
	Haemoglobin_estimation_9                                                   | 1385	 (9697, 26)              | 13.40     (-0.49)
	Lymphocyte_count_20                                                        | 1385	 (9697, 26)              | 2.50      (-0.49)
	Mean_corpusc_Hb_conc__MCHC__14                                             | 1385	 (9697, 26)              | 33.00     (-0.45)
	Mean_corpusc_haemoglobin_MCH__13                                           | 1385	 (9697, 26)              | 30.70     (-0.20)
	Mean_corpuscular_volume__MCV__11                                           | 1385	 (9697, 26)              | 92.90     (-0.15)
	Monocyte_count_23                                                          | 1385	 (9697, 26)              | 0.40      (-0.48)
	Neutrophil_count_19                                                        | 1385	 (9697, 26)              | 2.80      (-0.44)
	Platelet_count_12                                                          | 1385	 (9697, 26)              | 258.09    (-0.50)
	Red_blood_cell__RBC__count_10                                              | 1385	 (9697, 26)              | 4.35      (-0.49)
	Red_blood_cell_distribution_width_17                                       | 1385	 (9697, 26)              | 13.90     (-0.46)
	Serum_HDL_cholesterol_level_100                                            | 1385	 (9697, 26)              | 1.50      (-0.12)
	Serum_LDL_cholesterol_level_102                                            | 1385	 (9697, 26)              | 3.00      (-0.40)
	Serum_TSH_level_71                                                         | 1385	 (9697, 26)              | 1.39      (-0.49)
	Serum_albumin_51                                                           | 1385	 (9697, 26)              | 46.00     (-0.25)
	Serum_alkaline_phosphatase_50                                              | 1385	 (9697, 26)              | 51.00     (-0.50)
	Serum_cholesterol_97                                                       | 1385	 (9697, 26)              | 4.80      (-0.44)
	Serum_creatinine_31                                                        | 1385	 (9697, 26)              | 69.00     (-0.49)
	Serum_potassium_26                                                         | 1385	 (9697, 26)              | 4.20      (-0.09)
	Serum_sodium_24                                                            | 1385	 (9697, 26)              | 141.00    (-0.04)
	Serum_total_bilirubin_level_56                                             | 1385	 (9697, 26)              | 7.00      (-0.49)
	Serum_triglycerides_105                                                    | 1385	 (9697, 26)              | 0.60      (-0.49)
	Serum_urea_level_29                                                        | 1385	 (9697, 26)              | 2.70      (-0.24)
	Total_cholesterol_HDL_ratio_95                                             | 1385	 (9697, 26)              | 3.20      (-0.49)
	Total_white_cell_count_18                                                  | 1385	 (9697, 26)              | 5.90      (-0.50)
	............................................................new week............................................................
	NSAIDS_oral_OPTIMAL_final                                                  | 1397	 (9783, 26)              | nan       (nan)
	............................................................new week............................................................
	Never_smoked_tobacco_85                                                    | 1408	 (9860, 27)              | nan       (nan)
	............................................................new week............................................................
	Body_mass_index_3                                                          | 1422	 (9956, 27)              | 28.40     (-0.31)
	Diastolic_blood_pressure_5                                                 | 1422	 (9956, 27)              | 91.00     (-0.31)
	O_E___weight_2                                                             | 1422	 (9956, 27)              | 90.00     (-0.36)
	Systolic_blood_pressure_4                                                  | 1422	 (9956, 27)              | 145.00    (-0.19)
	............................................................new week............................................................
	SSRIs_Optimal                                                              | 1434	 (10040, 27)             | nan       (nan)
	............................................................new week............................................................
	Antihistamines_second_generation_H1_antagonists                            | 1483	 (10385, 28)             | nan       (nan)
	............................................................new week............................................................
	Diastolic_blood_pressure_5                                                 | 1495	 (10467, 28)             | 81.00     (-0.34)
	Never_smoked_tobacco_85                                                    | 1495	 (10467, 28)             | nan       (nan)
	Systolic_blood_pressure_4                                                  | 1495	 (10467, 28)             | 130.00    (-0.23)
	............................................................new week............................................................
	SSRIs_Optimal                                                              | 1497	 (10483, 28)             | nan       (nan)
	............................................................new week............................................................
	Body_mass_index_3                                                          | 1521	 (10648, 29)             | 29.40     (-0.30)
	Never_smoked_tobacco_85                                                    | 1521	 (10648, 29)             | nan       (nan)
	O_E___weight_2                                                             | 1521	 (10648, 29)             | 93.00     (-0.36)
	............................................................new week............................................................
	Body_mass_index_3                                                          | 1550	 (10852, 29)             | 30.30     (-0.30)
	Never_smoked_tobacco_85                                                    | 1550	 (10852, 29)             | nan       (nan)
	O_E___weight_2                                                             | 1550	 (10852, 29)             | 96.00     (-0.35)
	Basophil_count_22                                                          | 1550	 (10853, 29)             | 0.00      (-0.49)
	Eosinophil_count_21                                                        | 1550	 (10853, 29)             | 0.10      (-0.47)
	Haematocrit_15                                                             | 1550	 (10853, 29)             | 0.40      (-0.10)
	Haemoglobin_estimation_9                                                   | 1550	 (10853, 29)             | 130.00    (-0.09)
	Lymphocyte_count_20                                                        | 1550	 (10853, 29)             | 1.80      (-0.49)
	Mean_corpusc_Hb_conc__MCHC__14                                             | 1550	 (10853, 29)             | 325.00    (0.14)
	Mean_corpusc_haemoglobin_MCH__13                                           | 1550	 (10853, 29)             | 29.50     (-0.21)
	Mean_corpuscular_volume__MCV__11                                           | 1550	 (10853, 29)             | 90.80     (-0.16)
	Monocyte_count_23                                                          | 1550	 (10853, 29)             | 0.30      (-0.48)
	Neutrophil_count_19                                                        | 1550	 (10853, 29)             | 1.80      (-0.46)
	Platelet_count_12                                                          | 1550	 (10853, 29)             | 238.12    (-0.50)
	Red_blood_cell__RBC__count_10                                              | 1550	 (10853, 29)             | 4.40      (-0.49)
	Red_blood_cell_distribution_width_17                                       | 1550	 (10853, 29)             | 13.50     (-0.47)
	Serum_TSH_level_71                                                         | 1550	 (10853, 29)             | 1.48      (-0.49)
	Total_white_cell_count_18                                                  | 1550	 (10853, 29)             | 4.00      (-0.50)
	............................................................new week............................................................
	Paracetamol_OPTIMAL                                                        | 1552	 (10866, 29)             | nan       (nan)
	............................................................new week............................................................
	Paracetamol_OPTIMAL                                                        | 1573	 (11014, 30)             | nan       (nan)
	............................................................new week............................................................
	DEPRESSION                                                                 | 1592	 (11145, 30)             | nan       (nan)

========================================================================================================================
DIAGNOSIS SUMMARY
['DEPRESSION']
========================================================================================================================


PREDICTED FUTURE EVENTS
========================================================================================================================
	EVENT                                                                     | AGE IN WEEKS (days, years)  | VALUE
	............................................................new week............................................................
	COCP_reg_contraception                                                     | 1603	 (11223, 30)             | nan       (nan)
	............................................................new week............................................................
	Weak_Opioids_Final                                                         | 1604	 (11234, 30)             | nan       (nan)
	............................................................new week............................................................
	Body_mass_index_3                                                          | 1605	 (11241, 30)             | 29.36     (-0.31)
	............................................................new week............................................................
	Basophil_count_22                                                          | 1662	 (11634, 31)             | 0.02      (-0.49)
	............................................................new week............................................................
	Paracetamol_OPTIMAL                                                        | 1664	 (11649, 31)             | nan       (nan)
	............................................................new week............................................................
	Paracetamol_OPTIMAL                                                        | 1674	 (11718, 32)             | nan       (nan)
	............................................................new week............................................................
	Diastolic_blood_pressure_5                                                 | 1696	 (11877, 32)             | 83.63     (-0.33)
	............................................................new week............................................................
	Basophil_count_22                                                          | 1703	 (11921, 32)             | -0.00     (-0.49)
	............................................................new week............................................................
	OCS_PUSHAsthma2                                                            | 1709	 (11965, 32)             | nan       (nan)
	............................................................new week............................................................
	SSRIs_Optimal                                                              | 1712	 (11985, 32)             | nan       (nan)
	............................................................new week............................................................
	NSAIDS_oral_OPTIMAL_final                                                  | 1714	 (12001, 32)             | nan       (nan)
	............................................................new week............................................................
	Serum_HDL_cholesterol_level_100                                            | 1718	 (12032, 32)             | 2.40      (0.11)
	Strong_Opioids_2022_Final                                                  | 1718	 (12032, 32)             | nan       (nan)
	............................................................new week............................................................
	Weak_Opioids_Final                                                         | 1720	 (12041, 32)             | nan       (nan)
	............................................................new week............................................................
	First_gen_H1_antihistamines                                                | 1727	 (12093, 33)             | nan       (nan)
	Diastolic_blood_pressure_5                                                 | 1727	 (12094, 33)             | 74.73     (-0.36)
	............................................................new week............................................................
	Basophil_count_22                                                          | 1736	 (12155, 33)             | 0.04      (-0.49)
	............................................................new week............................................................
	GFR_calculated_abbreviated_MDRD_34                                         | 1738	 (12169, 33)             | 77.53     (-0.24)
	............................................................new week............................................................
	OCS_PUSHAsthma2                                                            | 1747	 (12231, 33)             | nan       (nan)
	............................................................new week............................................................
	Basophil_count_22                                                          | 1749	 (12246, 33)             | 0.05      (-0.49)
	............................................................new week............................................................
	Amitriptyline_optimal                                                      | 1834	 (12843, 35)             | nan       (nan)
	............................................................new week............................................................
	SSRIs_Optimal                                                              | 1837	 (12860, 35)             | nan       (nan)
	............................................................new week............................................................
	Weak_Opioids_Final                                                         | 1843	 (12907, 35)             | nan       (nan)
	............................................................new week............................................................
	Diastolic_blood_pressure_5                                                 | 1846	 (12924, 35)             | 69.88     (-0.37)
	............................................................new week............................................................
	25_Hydroxyvitamin_D2_level_92                                              | 1858	 (13008, 35)             | 4.87      (0.11)
	............................................................new week............................................................
	First_gen_H1_antihistamines                                                | 1861	 (13030, 35)             | nan       (nan)
	............................................................new week............................................................
	O_E___weight_2                                                             | 1869	 (13083, 35)             | 73.34     (-0.39)
	............................................................new week............................................................
	Paracetamol_OPTIMAL                                                        | 1889	 (13229, 36)             | nan       (nan)
	............................................................new week............................................................
	Haemoglobin_A1c_level___IFCC_standardised_6                                | 1891	 (13238, 36)             | 25.14     (-0.42)
	............................................................new week............................................................
	Amitriptyline_optimal                                                      | 1892	 (13245, 36)             | nan       (nan)
	............................................................new week............................................................
	Never_smoked_tobacco_85                                                    | 1902	 (13317, 36)             | 0.00      (1.16)
	............................................................new week............................................................
	AST_serum_level_47                                                         | 1903	 (13322, 36)             | 72.00     (-0.50)
	............................................................new week............................................................
	AST_serum_level_47                                                         | 1908	 (13357, 36)             | 57.71     (-0.50)
	............................................................new week............................................................
	Paracetamol_OPTIMAL                                                        | 1971	 (13797, 37)             | nan       (nan)
	............................................................new week............................................................
	NSAIDS_oral_OPTIMAL_final                                                  | 1973	 (13815, 37)             | nan       (nan)
	............................................................new week............................................................
	Diastolic_blood_pressure_5                                                 | 1979	 (13857, 37)             | 75.53     (-0.35)
	Serum_ferritin_63                                                          | 1979	 (13857, 37)             | -432.31   (-0.50)
	O_E___weight_2                                                             | 1979	 (13857, 37)             | 66.44     (-0.40)
	............................................................new week............................................................
	Paracetamol_OPTIMAL                                                        | 2048	 (14338, 39)             | nan       (nan)
	Haemoglobin_A1c_level___IFCC_standardised_6                                | 2048	 (14340, 39)             | 41.77     (-0.35)
	............................................................new week............................................................
	NSAIDS_oral_OPTIMAL_final                                                  | 2060	 (14424, 39)             | nan       (nan)
	Basophil_count_22                                                          | 2060	 (14425, 39)             | 0.06      (-0.48)
	............................................................new week............................................................
	NSAIDS_oral_OPTIMAL_final                                                  | 2062	 (14438, 39)             | nan       (nan)
	............................................................new week............................................................
	Diastolic_blood_pressure_5                                                 | 2139	 (14979, 41)             | 70.14     (-0.37)
	............................................................new week............................................................
	NSAIDS_oral_OPTIMAL_final                                                  | 2143	 (15001, 41)             | nan       (nan)
	............................................................new week............................................................
	Paracetamol_OPTIMAL                                                        | 2147	 (15034, 41)             | nan       (nan)
	Systolic_blood_pressure_4                                                  | 2147	 (15034, 41)             | 140.49    (-0.20)
	Systolic_blood_pressure_4                                                  | 2147	 (15034, 41)             | 118.73    (-0.26)
	............................................................new week............................................................
	O_E___weight_2                                                             | 2152	 (15069, 41)             | 53.28     (-0.42)
	............................................................new week............................................................
	Paracetamol_OPTIMAL                                                        | 2162	 (15138, 41)             | nan       (nan)
