STATIC INFORMATION
========================================================================================================================
	SEX:               F
	IMD:               5.0
	ETHNICITY:         BLACK
	birth_year:        1984.0


GIVEN PATIENT CONTEXT
========================================================================================================================
	EVENT                                                                     | AGE IN WEEKS (days, years)   | VALUE
	............................................................new week............................................................
	TSH___thyroid_stim_hormone_72                                              | 793	 (5556, 15)               | 1.43      (-0.49)
	............................................................new week............................................................
	Body_mass_index_3                                                          | 1143	 (8002, 21)              | 28.70     (-0.31)
	Diastolic_blood_pressure_5                                                 | 1143	 (8002, 21)              | 97.00     (-0.30)
	Never_smoked_tobacco_85                                                    | 1143	 (8002, 21)              | nan       (nan)
	O_E___height_1                                                             | 1143	 (8002, 21)              | 177.80    (0.13)
	O_E___weight_2                                                             | 1143	 (8002, 21)              | 91.00     (-0.36)
	Systolic_blood_pressure_4                                                  | 1143	 (8002, 21)              | 122.00    (-0.25)
	............................................................new week............................................................
	Basophil_count_22                                                          | 1157	 (8101, 22)              | 0.10      (-0.48)
	Eosinophil_count_21                                                        | 1157	 (8101, 22)              | 0.10      (-0.47)
	Haematocrit_15                                                             | 1157	 (8101, 22)              | 0.37      (-0.13)
	Haemoglobin_estimation_9                                                   | 1157	 (8101, 22)              | 12.30     (-0.49)
	Lymphocyte_count_20                                                        | 1157	 (8101, 22)              | 2.00      (-0.49)
	Mean_corpusc_Hb_conc__MCHC__14                                             | 1157	 (8101, 22)              | 33.20     (-0.45)
	Mean_corpusc_haemoglobin_MCH__13                                           | 1157	 (8101, 22)              | 30.40     (-0.20)
	Mean_corpuscular_volume__MCV__11                                           | 1157	 (8101, 22)              | 91.40     (-0.16)
	Monocyte_count_23                                                          | 1157	 (8101, 22)              | 0.70      (-0.46)
	Neutrophil_count_19                                                        | 1157	 (8101, 22)              | 8.10      (-0.34)
	Platelet_count_12                                                          | 1157	 (8101, 22)              | 266.13    (-0.50)
	Red_blood_cell__RBC__count_10                                              | 1157	 (8101, 22)              | 4.04      (-0.49)
	Red_blood_cell_distribution_width_17                                       | 1157	 (8101, 22)              | nan       (nan)
	Total_white_cell_count_18                                                  | 1157	 (8101, 22)              | 10.90     (-0.50)
	............................................................new week............................................................
	Diastolic_blood_pressure_5                                                 | 1159	 (8115, 22)              | 51.00     (-0.42)
	Systolic_blood_pressure_4                                                  | 1159	 (8115, 22)              | 91.00     (-0.34)
	............................................................new week............................................................
	Basophil_count_22                                                          | 1160	 (8121, 22)              | 0.00      (-0.49)
	Eosinophil_count_21                                                        | 1160	 (8121, 22)              | 0.10      (-0.47)
	Haematocrit_15                                                             | 1160	 (8121, 22)              | 0.36      (-0.14)
	Haemoglobin_estimation_9                                                   | 1160	 (8121, 22)              | 11.90     (-0.49)
	Lymphocyte_count_20                                                        | 1160	 (8121, 22)              | 2.10      (-0.49)
	Mean_corpusc_Hb_conc__MCHC__14                                             | 1160	 (8121, 22)              | 33.60     (-0.45)
	Mean_corpusc_haemoglobin_MCH__13                                           | 1160	 (8121, 22)              | 30.00     (-0.21)
	Mean_corpuscular_volume__MCV__11                                           | 1160	 (8121, 22)              | 89.30     (-0.17)
	Monocyte_count_23                                                          | 1160	 (8121, 22)              | 0.50      (-0.47)
	Neutrophil_count_19                                                        | 1160	 (8121, 22)              | 8.10      (-0.34)
	Platelet_count_12                                                          | 1160	 (8121, 22)              | 247.06    (-0.50)
	Red_blood_cell__RBC__count_10                                              | 1160	 (8121, 22)              | 3.98      (-0.49)
	Red_blood_cell_distribution_width_17                                       | 1160	 (8121, 22)              | nan       (nan)
	Total_white_cell_count_18                                                  | 1160	 (8121, 22)              | 10.80     (-0.50)
	............................................................new week............................................................
	Diastolic_blood_pressure_5                                                 | 1163	 (8144, 22)              | 72.00     (-0.36)
	Systolic_blood_pressure_4                                                  | 1163	 (8144, 22)              | 113.00    (-0.28)
	............................................................new week............................................................
	Diastolic_blood_pressure_5                                                 | 1166	 (8163, 22)              | 75.00     (-0.36)
	Systolic_blood_pressure_4                                                  | 1166	 (8163, 22)              | 118.00    (-0.26)
	............................................................new week............................................................
	Paracetamol_OPTIMAL                                                        | 1167	 (8170, 22)              | nan       (nan)
	............................................................new week............................................................
	Diastolic_blood_pressure_5                                                 | 1168	 (8178, 22)              | 82.00     (-0.34)
	Systolic_blood_pressure_4                                                  | 1168	 (8178, 22)              | 116.00    (-0.27)
	............................................................new week............................................................
	Body_mass_index_3                                                          | 1180	 (8263, 22)              | 29.20     (-0.31)
	Diastolic_blood_pressure_5                                                 | 1180	 (8263, 22)              | 86.00     (-0.33)
	O_E___weight_2                                                             | 1180	 (8263, 22)              | 92.60     (-0.36)
	Systolic_blood_pressure_4                                                  | 1180	 (8263, 22)              | 122.00    (-0.25)
	all_contraceptive                                                          | 1180	 (8263, 22)              | nan       (nan)
	............................................................new week............................................................
	NSAIDS_oral_OPTIMAL_final                                                  | 1218	 (8530, 23)              | nan       (nan)
	............................................................new week............................................................
	Paracetamol_OPTIMAL                                                        | 1281	 (8971, 24)              | nan       (nan)
	............................................................new week............................................................
	Paracetamol_OPTIMAL                                                        | 1287	 (9013, 24)              | nan       (nan)
	............................................................new week............................................................
	Never_smoked_tobacco_85                                                    | 1299	 (9094, 24)              | nan       (nan)
	............................................................new week............................................................
	Body_mass_index_3                                                          | 1303	 (9126, 25)              | 27.50     (-0.32)
	Diastolic_blood_pressure_5                                                 | 1303	 (9126, 25)              | 62.00     (-0.39)
	Never_smoked_tobacco_85                                                    | 1303	 (9126, 25)              | nan       (nan)
	O_E___weight_2                                                             | 1303	 (9126, 25)              | 87.00     (-0.37)
	Systolic_blood_pressure_4                                                  | 1303	 (9126, 25)              | 116.00    (-0.27)
	COCP_reg_contraception                                                     | 1303	 (9126, 25)              | nan       (nan)
	all_contraceptive                                                          | 1303	 (9126, 25)              | nan       (nan)
	............................................................new week............................................................
	COCP_reg_contraception                                                     | 1316	 (9213, 25)              | nan       (nan)
	all_contraceptive                                                          | 1316	 (9213, 25)              | nan       (nan)
	............................................................new week............................................................
	Never_smoked_tobacco_85                                                    | 1384	 (9693, 26)              | nan       (nan)
	............................................................new week............................................................
	AST_serum_level_47                                                         | 1385	 (9697, 26)              | 22.00     (-0.50)
	Basophil_count_22                                                          | 1385	 (9697, 26)              | 0.10      (-0.48)
	Eosinophil_count_21                                                        | 1385	 (9697, 26)              | 0.10      (-0.47)
	GFR_calculated_abbreviated_MDRD_34                                         | 1385	 (9697, 26)              | 60.00     (-0.30)
	Haematocrit_15                                                             | 1385	 (9697, 26)              | 0.40      (-0.10)
	Haemoglobin_estimation_9                                                   | 1385	 (9697, 26)              | 13.40     (-0.49)
	Lymphocyte_count_20                                                        | 1385	 (9697, 26)              | 2.50      (-0.49)
	Mean_corpusc_Hb_conc__MCHC__14                                             | 1385	 (9697, 26)              | 33.00     (-0.45)
	Mean_corpusc_haemoglobin_MCH__13                                           | 1385	 (9697, 26)              | 30.70     (-0.20)
	Mean_corpuscular_volume__MCV__11                                           | 1385	 (9697, 26)              | 92.90     (-0.15)
	Monocyte_count_23                                                          | 1385	 (9697, 26)              | 0.40      (-0.48)
	Neutrophil_count_19                                                        | 1385	 (9697, 26)              | 2.80      (-0.44)
	Platelet_count_12                                                          | 1385	 (9697, 26)              | 258.09    (-0.50)
	Red_blood_cell__RBC__count_10                                              | 1385	 (9697, 26)              | 4.35      (-0.49)
	Red_blood_cell_distribution_width_17                                       | 1385	 (9697, 26)              | 13.90     (-0.46)
	Serum_HDL_cholesterol_level_100                                            | 1385	 (9697, 26)              | 1.50      (-0.12)
	Serum_LDL_cholesterol_level_102                                            | 1385	 (9697, 26)              | 3.00      (-0.40)
	Serum_TSH_level_71                                                         | 1385	 (9697, 26)              | 1.39      (-0.49)
	Serum_albumin_51                                                           | 1385	 (9697, 26)              | 46.00     (-0.25)
	Serum_alkaline_phosphatase_50                                              | 1385	 (9697, 26)              | 51.00     (-0.50)
	Serum_cholesterol_97                                                       | 1385	 (9697, 26)              | 4.80      (-0.44)
	Serum_creatinine_31                                                        | 1385	 (9697, 26)              | 69.00     (-0.49)
	Serum_potassium_26                                                         | 1385	 (9697, 26)              | 4.20      (-0.09)
	Serum_sodium_24                                                            | 1385	 (9697, 26)              | 141.00    (-0.04)
	Serum_total_bilirubin_level_56                                             | 1385	 (9697, 26)              | 7.00      (-0.49)
	Serum_triglycerides_105                                                    | 1385	 (9697, 26)              | 0.60      (-0.49)
	Serum_urea_level_29                                                        | 1385	 (9697, 26)              | 2.70      (-0.24)
	Total_cholesterol_HDL_ratio_95                                             | 1385	 (9697, 26)              | 3.20      (-0.49)
	Total_white_cell_count_18                                                  | 1385	 (9697, 26)              | 5.90      (-0.50)
	............................................................new week............................................................
	NSAIDS_oral_OPTIMAL_final                                                  | 1397	 (9783, 26)              | nan       (nan)
	............................................................new week............................................................
	Never_smoked_tobacco_85                                                    | 1408	 (9860, 27)              | nan       (nan)
	............................................................new week............................................................
	Body_mass_index_3                                                          | 1422	 (9956, 27)              | 28.40     (-0.31)
	Diastolic_blood_pressure_5                                                 | 1422	 (9956, 27)              | 91.00     (-0.31)
	O_E___weight_2                                                             | 1422	 (9956, 27)              | 90.00     (-0.36)
	Systolic_blood_pressure_4                                                  | 1422	 (9956, 27)              | 145.00    (-0.19)
	............................................................new week............................................................
	SSRIs_Optimal                                                              | 1434	 (10040, 27)             | nan       (nan)
	............................................................new week............................................................
	Antihistamines_second_generation_H1_antagonists                            | 1483	 (10385, 28)             | nan       (nan)
	............................................................new week............................................................
	Diastolic_blood_pressure_5                                                 | 1495	 (10467, 28)             | 81.00     (-0.34)
	Never_smoked_tobacco_85                                                    | 1495	 (10467, 28)             | nan       (nan)
	Systolic_blood_pressure_4                                                  | 1495	 (10467, 28)             | 130.00    (-0.23)
	............................................................new week............................................................
	SSRIs_Optimal                                                              | 1497	 (10483, 28)             | nan       (nan)
	............................................................new week............................................................
	Body_mass_index_3                                                          | 1521	 (10648, 29)             | 29.40     (-0.30)
	Never_smoked_tobacco_85                                                    | 1521	 (10648, 29)             | nan       (nan)
	O_E___weight_2                                                             | 1521	 (10648, 29)             | 93.00     (-0.36)
	............................................................new week............................................................
	Body_mass_index_3                                                          | 1550	 (10852, 29)             | 30.30     (-0.30)
	Never_smoked_tobacco_85                                                    | 1550	 (10852, 29)             | nan       (nan)
	O_E___weight_2                                                             | 1550	 (10852, 29)             | 96.00     (-0.35)
	Basophil_count_22                                                          | 1550	 (10853, 29)             | 0.00      (-0.49)
	Eosinophil_count_21                                                        | 1550	 (10853, 29)             | 0.10      (-0.47)
	Haematocrit_15                                                             | 1550	 (10853, 29)             | 0.40      (-0.10)
	Haemoglobin_estimation_9                                                   | 1550	 (10853, 29)             | 130.00    (-0.09)
	Lymphocyte_count_20                                                        | 1550	 (10853, 29)             | 1.80      (-0.49)
	Mean_corpusc_Hb_conc__MCHC__14                                             | 1550	 (10853, 29)             | 325.00    (0.14)
	Mean_corpusc_haemoglobin_MCH__13                                           | 1550	 (10853, 29)             | 29.50     (-0.21)
	Mean_corpuscular_volume__MCV__11                                           | 1550	 (10853, 29)             | 90.80     (-0.16)
	Monocyte_count_23                                                          | 1550	 (10853, 29)             | 0.30      (-0.48)
	Neutrophil_count_19                                                        | 1550	 (10853, 29)             | 1.80      (-0.46)
	Platelet_count_12                                                          | 1550	 (10853, 29)             | 238.12    (-0.50)
	Red_blood_cell__RBC__count_10                                              | 1550	 (10853, 29)             | 4.40      (-0.49)
	Red_blood_cell_distribution_width_17                                       | 1550	 (10853, 29)             | 13.50     (-0.47)
	Serum_TSH_level_71                                                         | 1550	 (10853, 29)             | 1.48      (-0.49)
	Total_white_cell_count_18                                                  | 1550	 (10853, 29)             | 4.00      (-0.50)
	............................................................new week............................................................
	Paracetamol_OPTIMAL                                                        | 1552	 (10866, 29)             | nan       (nan)
	............................................................new week............................................................
	Paracetamol_OPTIMAL                                                        | 1573	 (11014, 30)             | nan       (nan)
	............................................................new week............................................................
	DEPRESSION                                                                 | 1592	 (11145, 30)             | nan       (nan)

========================================================================================================================
DIAGNOSIS SUMMARY
['DEPRESSION']
========================================================================================================================


PREDICTED FUTURE EVENTS
========================================================================================================================
	EVENT                                                                     | AGE IN WEEKS (days, years)  | VALUE
	............................................................new week............................................................
	Serum_cholesterol_97                                                       | 1593	 (11157, 30)             | 6.74      (-0.40)
	............................................................new week............................................................
	Never_smoked_tobacco_85                                                    | 1624	 (11369, 31)             | 0.00      (0.19)
	............................................................new week............................................................
	Never_smoked_tobacco_85                                                    | 1723	 (12063, 33)             | 0.00      (1.30)
	............................................................new week............................................................
	NSAIDS_oral_OPTIMAL_final                                                  | 1729	 (12104, 33)             | nan       (nan)
	............................................................new week............................................................
	Paracetamol_OPTIMAL                                                        | 1780	 (12465, 34)             | nan       (nan)
	............................................................new week............................................................
	NSAIDS_oral_OPTIMAL_final                                                  | 1782	 (12476, 34)             | nan       (nan)
	............................................................new week............................................................
	SSRIs_Optimal                                                              | 1794	 (12560, 34)             | nan       (nan)
	............................................................new week............................................................
	Nasal_steroids_optimal                                                     | 1796	 (12573, 34)             | nan       (nan)
	............................................................new week............................................................
	NSAIDS_oral_OPTIMAL_final                                                  | 1797	 (12580, 34)             | nan       (nan)
	............................................................new week............................................................
	Levothyroxine_                                                             | 1798	 (12588, 34)             | nan       (nan)
	Levothyroxine_                                                             | 1798	 (12591, 34)             | nan       (nan)
	............................................................new week............................................................
	Basophil_count_22                                                          | 1801	 (12610, 34)             | 0.04      (-0.49)
	............................................................new week............................................................
	Serum_cholesterol_97                                                       | 1802	 (12615, 34)             | 6.36      (-0.40)
	............................................................new week............................................................
	Serum_TSH_level_71                                                         | 1804	 (12633, 34)             | -2.63     (-0.50)
	............................................................new week............................................................
	NSAIDS_oral_OPTIMAL_final                                                  | 1822	 (12754, 34)             | nan       (nan)
	............................................................new week............................................................
	Serum_TSH_level_71                                                         | 1829	 (12805, 35)             | 5.48      (-0.49)
	Levothyroxine_                                                             | 1829	 (12805, 35)             | nan       (nan)
	NSAIDS_oral_OPTIMAL_final                                                  | 1829	 (12807, 35)             | nan       (nan)
	............................................................new week............................................................
	Serum_TSH_level_71                                                         | 1833	 (12834, 35)             | -16.75    (-0.53)
	............................................................new week............................................................
	Levothyroxine_                                                             | 1835	 (12845, 35)             | nan       (nan)
	............................................................new week............................................................
	O_E___height_1                                                             | 1838	 (12869, 35)             | 142.08    (-0.02)
	............................................................new week............................................................
	NSAIDS_oral_OPTIMAL_final                                                  | 1839	 (12875, 35)             | nan       (nan)
	............................................................new week............................................................
	Nasal_steroids_optimal                                                     | 1840	 (12880, 35)             | nan       (nan)
	............................................................new week............................................................
	Diastolic_blood_pressure_5                                                 | 1841	 (12889, 35)             | 72.73     (-0.36)
	Systolic_blood_pressure_4                                                  | 1841	 (12893, 35)             | 123.81    (-0.25)
	............................................................new week............................................................
	Serum_TSH_level_71                                                         | 1846	 (12924, 35)             | 3.63      (-0.49)
	Serum_total_25_hydroxy_vitamin_D_level_87                                  | 1846	 (12927, 35)             | 89.35     (0.26)
	............................................................new week............................................................
	Serum_ferritin_63                                                          | 1847	 (12929, 35)             | 995.04    (-0.50)
	............................................................new week............................................................
	NSAIDS_oral_OPTIMAL_final                                                  | 1852	 (12966, 35)             | nan       (nan)
	Systolic_blood_pressure_4                                                  | 1852	 (12966, 35)             | 122.85    (-0.25)
	............................................................new week............................................................
	Levothyroxine_                                                             | 1857	 (13004, 35)             | nan       (nan)
	Haemoglobin_A1c_level___IFCC_standardised_6                                | 1857	 (13004, 35)             | 27.55     (-0.41)
	............................................................new week............................................................
	Serum_TSH_level_71                                                         | 1858	 (13012, 35)             | 3.54      (-0.49)
	............................................................new week............................................................
	Diastolic_blood_pressure_5                                                 | 1862	 (13035, 35)             | 77.12     (-0.35)
	Serum_free_T4_level_75                                                     | 1862	 (13037, 35)             | -25.05    (-0.50)
	Serum_TSH_level_71                                                         | 1862	 (13037, 35)             | -17.34    (-0.53)
	............................................................new week............................................................
	Levothyroxine_                                                             | 1864	 (13048, 35)             | nan       (nan)
	............................................................new week............................................................
	Serum_free_T4_level_75                                                     | 1865	 (13061, 35)             | 32.21     (-0.50)
	............................................................new week............................................................
	Serum_TSH_level_71                                                         | 1869	 (13088, 35)             | -17.26    (-0.53)
	............................................................new week............................................................
	Levothyroxine_                                                             | 1873	 (13112, 35)             | nan       (nan)
	Levothyroxine_                                                             | 1873	 (13112, 35)             | nan       (nan)
	............................................................new week............................................................
	Serum_TSH_level_71                                                         | 1878	 (13147, 36)             | 24.22     (-0.45)
	Levothyroxine_                                                             | 1878	 (13152, 36)             | nan       (nan)
	............................................................new week............................................................
	Levothyroxine_                                                             | 1879	 (13154, 36)             | nan       (nan)
	............................................................new week............................................................
	Levothyroxine_                                                             | 1880	 (13161, 36)             | nan       (nan)
	............................................................new week............................................................
	Serum_HDL_cholesterol_level_100                                            | 1883	 (13185, 36)             | 2.20      (0.06)
	............................................................new week............................................................
	Diastolic_blood_pressure_5                                                 | 1886	 (13202, 36)             | 74.26     (-0.36)
	Haemoglobin_A1c_level___IFCC_standardised_6                                | 1886	 (13202, 36)             | 42.46     (-0.35)
	............................................................new week............................................................
	Levothyroxine_                                                             | 1888	 (13216, 36)             | nan       (nan)
	............................................................new week............................................................
	Never_smoked_tobacco_85                                                    | 1896	 (13275, 36)             | 0.00      (1.55)
