STATIC INFORMATION
========================================================================================================================
	SEX:               M
	IMD:               5.0
	ETHNICITY:         BLACK
	birth_year:        1978.0


GIVEN PATIENT CONTEXT
========================================================================================================================
	EVENT                                                                     | AGE IN WEEKS (days, years)   | VALUE
	............................................................new week............................................................
	ALCOHOLMISUSE_V2                                                           | 1777	 (12445, 34)             | nan       (nan)
	............................................................new week............................................................
	Body_mass_index_3                                                          | 1778	 (12449, 34)             | 25.20     (-0.34)
	Diastolic_blood_pressure_5                                                 | 1778	 (12449, 34)             | 80.00     (-0.34)
	O_E___height_1                                                             | 1778	 (12449, 34)             | 167.00    (0.08)
	O_E___weight_2                                                             | 1778	 (12449, 34)             | 70.20     (-0.39)
	Systolic_blood_pressure_4                                                  | 1778	 (12449, 34)             | 142.00    (-0.20)
	............................................................new week............................................................
	Nasal_steroids_optimal                                                     | 1814	 (12701, 34)             | nan       (nan)
	............................................................new week............................................................
	Nasal_steroids_optimal                                                     | 1820	 (12745, 34)             | nan       (nan)
	............................................................new week............................................................
	GFR_calculated_abbreviated_MDRD_34                                         | 1830	 (12816, 35)             | nan       (nan)
	Haemoglobin_estimation_9                                                   | 1830	 (12816, 35)             | 143.00    (-0.04)
	Lymphocyte_count_20                                                        | 1830	 (12816, 35)             | 0.90      (-0.50)
	Mean_corpusc_Hb_conc__MCHC__14                                             | 1830	 (12816, 35)             | 322.00    (0.14)
	Mean_corpusc_haemoglobin_MCH__13                                           | 1830	 (12816, 35)             | 30.60     (-0.20)
	Mean_corpuscular_volume__MCV__11                                           | 1830	 (12816, 35)             | 95.20     (-0.14)
	Monocyte_count_23                                                          | 1830	 (12816, 35)             | 0.20      (-0.49)
	Neutrophil_count_19                                                        | 1830	 (12816, 35)             | 1.00      (-0.48)
	Platelet_count_12                                                          | 1830	 (12816, 35)             | 258.09    (-0.50)
	Red_blood_cell__RBC__count_10                                              | 1830	 (12816, 35)             | 4.69      (-0.49)
	Red_blood_cell_distribution_width_17                                       | 1830	 (12816, 35)             | 12.80     (-0.47)
	Serum_C_reactive_protein_level_59                                          | 1830	 (12816, 35)             | 4.00      (-0.03)
	Serum_alanine_aminotransferase_level_45                                    | 1830	 (12816, 35)             | 44.00     (-0.50)
	Serum_albumin_51                                                           | 1830	 (12816, 35)             | 42.00     (-0.28)
	Serum_alkaline_phosphatase_50                                              | 1830	 (12816, 35)             | 32.00     (-0.50)
	Serum_bilirubin_level_53                                                   | 1830	 (12816, 35)             | 13.00     (-0.48)
	Serum_creatinine_31                                                        | 1830	 (12816, 35)             | 85.00     (-0.49)
	Serum_gamma_glutamyl_transferase_level_57                                  | 1830	 (12816, 35)             | 38.00     (0.04)
	Serum_potassium_26                                                         | 1830	 (12816, 35)             | 4.10      (-0.10)
	Serum_sodium_24                                                            | 1830	 (12816, 35)             | 139.00    (-0.05)
	Serum_urea_level_29                                                        | 1830	 (12816, 35)             | 6.50      (0.13)
	Total_white_cell_count_18                                                  | 1830	 (12816, 35)             | 2.20      (-0.50)
	............................................................new week............................................................
	Haemoglobin_estimation_9                                                   | 1834	 (12842, 35)             | 148.00    (-0.02)
	Lymphocyte_count_20                                                        | 1834	 (12842, 35)             | 0.90      (-0.50)
	Mean_corpusc_Hb_conc__MCHC__14                                             | 1834	 (12842, 35)             | 317.00    (0.13)
	Mean_corpusc_haemoglobin_MCH__13                                           | 1834	 (12842, 35)             | 30.50     (-0.20)
	Mean_corpuscular_volume__MCV__11                                           | 1834	 (12842, 35)             | 96.30     (-0.14)
	Monocyte_count_23                                                          | 1834	 (12842, 35)             | 0.30      (-0.48)
	Neutrophil_count_19                                                        | 1834	 (12842, 35)             | 1.30      (-0.47)
	Platelet_count_12                                                          | 1834	 (12842, 35)             | 227.99    (-0.50)
	Red_blood_cell__RBC__count_10                                              | 1834	 (12842, 35)             | 4.86      (-0.49)
	Red_blood_cell_distribution_width_17                                       | 1834	 (12842, 35)             | 12.20     (-0.48)
	Total_white_cell_count_18                                                  | 1834	 (12842, 35)             | 2.60      (-0.50)
	............................................................new week............................................................
	Haemoglobin_estimation_9                                                   | 1845	 (12920, 35)             | 151.00    (-0.01)
	Lymphocyte_count_20                                                        | 1845	 (12920, 35)             | 1.20      (-0.49)
	Mean_corpusc_Hb_conc__MCHC__14                                             | 1845	 (12920, 35)             | 322.00    (0.14)
	Mean_corpusc_haemoglobin_MCH__13                                           | 1845	 (12920, 35)             | 30.60     (-0.20)
	Mean_corpuscular_volume__MCV__11                                           | 1845	 (12920, 35)             | 95.00     (-0.15)
	Monocyte_count_23                                                          | 1845	 (12920, 35)             | 0.30      (-0.48)
	Neutrophil_count_19                                                        | 1845	 (12920, 35)             | 1.10      (-0.48)
	Platelet_count_12                                                          | 1845	 (12920, 35)             | 275.08    (-0.50)
	Red_blood_cell__RBC__count_10                                              | 1845	 (12920, 35)             | 4.93      (-0.49)
	Red_blood_cell_distribution_width_17                                       | 1845	 (12920, 35)             | 11.30     (-0.49)
	Total_white_cell_count_18                                                  | 1845	 (12920, 35)             | 2.60      (-0.50)
	............................................................new week............................................................
	Nasal_steroids_optimal                                                     | 1862	 (13039, 35)             | nan       (nan)
	Nasal_steroids_optimal                                                     | 1862	 (13039, 35)             | nan       (nan)
	Nasal_steroids_optimal                                                     | 1862	 (13040, 35)             | nan       (nan)
	............................................................new week............................................................
	Nasal_steroids_optimal                                                     | 1872	 (13110, 35)             | nan       (nan)
	............................................................new week............................................................
	Haemoglobin_estimation_9                                                   | 1895	 (13271, 36)             | 148.00    (-0.02)
	Lymphocyte_count_20                                                        | 1895	 (13271, 36)             | 1.70      (-0.49)
	Mean_corpusc_Hb_conc__MCHC__14                                             | 1895	 (13271, 36)             | 331.00    (0.16)
	Mean_corpusc_haemoglobin_MCH__13                                           | 1895	 (13271, 36)             | 31.20     (-0.19)
	Mean_corpuscular_volume__MCV__11                                           | 1895	 (13271, 36)             | 94.10     (-0.15)
	Monocyte_count_23                                                          | 1895	 (13271, 36)             | 0.40      (-0.48)
	Neutrophil_count_19                                                        | 1895	 (13271, 36)             | 1.40      (-0.47)
	Platelet_count_12                                                          | 1895	 (13271, 36)             | 250.94    (-0.50)
	Red_blood_cell__RBC__count_10                                              | 1895	 (13271, 36)             | 4.74      (-0.49)
	Red_blood_cell_distribution_width_17                                       | 1895	 (13271, 36)             | 11.80     (-0.48)
	Total_white_cell_count_18                                                  | 1895	 (13271, 36)             | 3.50      (-0.50)
	............................................................new week............................................................
	Nasal_steroids_optimal                                                     | 1929	 (13505, 37)             | nan       (nan)
	ALLERGICRHINITISCONJ                                                       | 1929	 (13505, 37)             | nan       (nan)
	............................................................new week............................................................
	Diastolic_blood_pressure_5                                                 | 1982	 (13877, 38)             | 72.00     (-0.36)
	Systolic_blood_pressure_4                                                  | 1982	 (13877, 38)             | 130.00    (-0.23)
	............................................................new week............................................................
	Haemoglobin_estimation_9                                                   | 2003	 (14027, 38)             | 147.00    (-0.03)
	Lymphocyte_count_20                                                        | 2003	 (14027, 38)             | 1.30      (-0.49)
	Mean_corpusc_Hb_conc__MCHC__14                                             | 2003	 (14027, 38)             | 331.00    (0.16)
	Mean_corpusc_haemoglobin_MCH__13                                           | 2003	 (14027, 38)             | 31.10     (-0.20)
	Mean_corpuscular_volume__MCV__11                                           | 2003	 (14027, 38)             | 93.90     (-0.15)
	Monocyte_count_23                                                          | 2003	 (14027, 38)             | 0.50      (-0.47)
	Neutrophil_count_19                                                        | 2003	 (14027, 38)             | 1.20      (-0.48)
	Platelet_count_12                                                          | 2003	 (14027, 38)             | 239.01    (-0.50)
	Red_blood_cell__RBC__count_10                                              | 2003	 (14027, 38)             | 4.73      (-0.49)
	Red_blood_cell_distribution_width_17                                       | 2003	 (14027, 38)             | 12.50     (-0.48)
	Total_white_cell_count_18                                                  | 2003	 (14027, 38)             | 3.10      (-0.50)
	............................................................new week............................................................
	Nasal_steroids_optimal                                                     | 2020	 (14142, 38)             | nan       (nan)
	............................................................new week............................................................
	Body_mass_index_3                                                          | 2033	 (14234, 38)             | 23.60     (-0.35)
	Diastolic_blood_pressure_5                                                 | 2033	 (14234, 38)             | 93.00     (-0.31)
	O_E___height_1                                                             | 2033	 (14234, 38)             | 167.00    (0.08)
	O_E___weight_2                                                             | 2033	 (14234, 38)             | 66.00     (-0.40)
	Systolic_blood_pressure_4                                                  | 2033	 (14234, 38)             | 139.00    (-0.21)
	............................................................new week............................................................
	Calculated_LDL_cholesterol_level_103                                       | 2034	 (14242, 39)             | 2.50      (-0.42)
	GFR_calculated_abbreviated_MDRD_34                                         | 2034	 (14242, 39)             | 60.00     (-0.30)
	Haemoglobin_A1c_level___IFCC_standardised_6                                | 2034	 (14242, 39)             | 29.00     (-0.40)
	Haemoglobin_estimation_9                                                   | 2034	 (14242, 39)             | 143.00    (-0.04)
	Lymphocyte_count_20                                                        | 2034	 (14242, 39)             | 1.20      (-0.49)
	Mean_corpusc_Hb_conc__MCHC__14                                             | 2034	 (14242, 39)             | 335.00    (0.16)
	Mean_corpusc_haemoglobin_MCH__13                                           | 2034	 (14242, 39)             | 31.50     (-0.19)
	Mean_corpuscular_volume__MCV__11                                           | 2034	 (14242, 39)             | 93.90     (-0.15)
	Monocyte_count_23                                                          | 2034	 (14242, 39)             | 0.50      (-0.47)
	Neutrophil_count_19                                                        | 2034	 (14242, 39)             | 1.40      (-0.47)
	Non_HDL_cholesterol_level_108                                              | 2034	 (14242, 39)             | 3.00      (-0.03)
	Platelet_count_12                                                          | 2034	 (14242, 39)             | 262.86    (-0.50)
	Red_blood_cell__RBC__count_10                                              | 2034	 (14242, 39)             | 4.54      (-0.49)
	Red_blood_cell_distribution_width_17                                       | 2034	 (14242, 39)             | 12.30     (-0.48)
	Serum_HDL_cholesterol_level_100                                            | 2034	 (14242, 39)             | 3.08      (0.29)
	Serum_TSH_level_71                                                         | 2034	 (14242, 39)             | 1.15      (-0.50)
	Serum_alanine_aminotransferase_level_45                                    | 2034	 (14242, 39)             | 52.00     (-0.50)
	Serum_albumin_51                                                           | 2034	 (14242, 39)             | 43.00     (-0.27)
	Serum_alkaline_phosphatase_50                                              | 2034	 (14242, 39)             | 50.00     (-0.50)
	Serum_bilirubin_level_53                                                   | 2034	 (14242, 39)             | 17.00     (-0.48)
	Serum_cholesterol_97                                                       | 2034	 (14242, 39)             | 6.10      (-0.41)
	Serum_creatinine_31                                                        | 2034	 (14242, 39)             | 88.00     (-0.49)
	Serum_potassium_26                                                         | 2034	 (14242, 39)             | 4.40      (-0.07)
	Serum_sodium_24                                                            | 2034	 (14242, 39)             | 140.00    (-0.05)
	Serum_triglycerides_105                                                    | 2034	 (14242, 39)             | 1.10      (-0.49)
	Serum_urea_level_29                                                        | 2034	 (14242, 39)             | 5.10      (-0.01)
	Total_cholesterol_HDL_ratio_95                                             | 2034	 (14242, 39)             | 2.00      (-0.50)
	Total_white_cell_count_18                                                  | 2034	 (14242, 39)             | 3.10      (-0.50)
	............................................................new week............................................................
	SSRIs_Optimal                                                              | 2061	 (14430, 39)             | nan       (nan)
	DEPRESSION                                                                 | 2061	 (14430, 39)             | nan       (nan)
	............................................................new week............................................................
	Body_mass_index_3                                                          | 2067	 (14471, 39)             | 24.00     (-0.35)
	Diastolic_blood_pressure_5                                                 | 2067	 (14471, 39)             | 99.00     (-0.29)
	O_E___weight_2                                                             | 2067	 (14471, 39)             | 67.00     (-0.40)
	Systolic_blood_pressure_4                                                  | 2067	 (14471, 39)             | 169.00    (-0.12)
	Calculated_LDL_cholesterol_level_103                                       | 2067	 (14474, 39)             | 2.80      (-0.41)
	GFR_calculated_abbreviated_MDRD_34                                         | 2067	 (14474, 39)             | 60.00     (-0.30)
	Haemoglobin_A1c_level___IFCC_standardised_6                                | 2067	 (14474, 39)             | 32.00     (-0.39)
	Non_HDL_cholesterol_level_108                                              | 2067	 (14474, 39)             | 3.30      (0.02)
	Serum_HDL_cholesterol_level_100                                            | 2067	 (14474, 39)             | 3.07      (0.29)
	Serum_TSH_level_71                                                         | 2067	 (14474, 39)             | 1.23      (-0.50)
	Serum_alanine_aminotransferase_level_45                                    | 2067	 (14474, 39)             | 44.00     (-0.50)
	Serum_albumin_51                                                           | 2067	 (14474, 39)             | 45.00     (-0.26)
	Serum_alkaline_phosphatase_50                                              | 2067	 (14474, 39)             | 40.00     (-0.50)
	Serum_bilirubin_level_53                                                   | 2067	 (14474, 39)             | 10.00     (-0.49)
	Serum_cholesterol_97                                                       | 2067	 (14474, 39)             | 6.30      (-0.41)
	Serum_creatinine_31                                                        | 2067	 (14474, 39)             | 87.00     (-0.49)
	Serum_potassium_26                                                         | 2067	 (14474, 39)             | 5.10      (0.01)
	Serum_sodium_24                                                            | 2067	 (14474, 39)             | 141.00    (-0.04)
	Serum_triglycerides_105                                                    | 2067	 (14474, 39)             | 0.96      (-0.49)
	Serum_urea_level_29                                                        | 2067	 (14474, 39)             | 4.90      (-0.03)
	Total_cholesterol_HDL_ratio_95                                             | 2067	 (14474, 39)             | 2.10      (-0.50)
	............................................................new week............................................................
	Diastolic_blood_pressure_5                                                 | 2068	 (14478, 39)             | 95.00     (-0.30)
	Diastolic_blood_pressure_5                                                 | 2068	 (14478, 39)             | 96.00     (-0.30)
	Systolic_blood_pressure_4                                                  | 2068	 (14478, 39)             | 163.00    (-0.14)
	Systolic_blood_pressure_4                                                  | 2068	 (14478, 39)             | 174.00    (-0.11)
	............................................................new week............................................................
	Diastolic_blood_pressure_5                                                 | 2104	 (14733, 40)             | 98.00     (-0.29)
	Systolic_blood_pressure_4                                                  | 2104	 (14733, 40)             | 154.00    (-0.16)
	............................................................new week............................................................
	Diastolic_blood_pressure_5                                                 | 2105	 (14740, 40)             | 105.00    (-0.28)
	Systolic_blood_pressure_4                                                  | 2105	 (14740, 40)             | 168.00    (-0.13)
	............................................................new week............................................................
	Haematocrit_15                                                             | 2119	 (14835, 40)             | 0.42      (-0.08)
	Haemoglobin_estimation_9                                                   | 2119	 (14835, 40)             | 138.00    (-0.06)
	Lymphocyte_count_20                                                        | 2119	 (14835, 40)             | 1.00      (-0.50)
	Mean_corpusc_Hb_conc__MCHC__14                                             | 2119	 (14835, 40)             | 326.00    (0.14)
	Mean_corpusc_haemoglobin_MCH__13                                           | 2119	 (14835, 40)             | 31.00     (-0.20)
	Mean_corpuscular_volume__MCV__11                                           | 2119	 (14835, 40)             | 94.90     (-0.15)
	Monocyte_count_23                                                          | 2119	 (14835, 40)             | 0.40      (-0.48)
	Neutrophil_count_19                                                        | 2119	 (14835, 40)             | 1.60      (-0.47)
	Platelet_count_12                                                          | 2119	 (14835, 40)             | 225.01    (-0.50)
	Red_blood_cell__RBC__count_10                                              | 2119	 (14835, 40)             | 4.47      (-0.49)
	Red_blood_cell_distribution_width_17                                       | 2119	 (14835, 40)             | 12.50     (-0.48)
	Total_white_cell_count_18                                                  | 2119	 (14835, 40)             | 3.10      (-0.50)
	............................................................new week............................................................
	Body_mass_index_3                                                          | 2143	 (15007, 41)             | 23.59     (-0.35)
	Current_smoker_83                                                          | 2143	 (15007, 41)             | nan       (nan)
	Diastolic_blood_pressure_5                                                 | 2143	 (15007, 41)             | 92.00     (-0.31)
	O_E___height_1                                                             | 2143	 (15007, 41)             | 166.00    (0.08)
	O_E___weight_2                                                             | 2143	 (15007, 41)             | 65.00     (-0.40)
	Serum_HDL_cholesterol_level_100                                            | 2143	 (15007, 41)             | 2.15      (0.05)
	Serum_total_cholesterol_level_98                                           | 2143	 (15007, 41)             | 6.26      (-0.40)
	Systolic_blood_pressure_4                                                  | 2143	 (15007, 41)             | 134.00    (-0.22)
	Total_cholesterol_HDL_ratio_95                                             | 2143	 (15007, 41)             | 2.90      (-0.49)
	............................................................new week............................................................
	Nasal_steroids_optimal                                                     | 2170	 (15192, 41)             | nan       (nan)
	............................................................new week............................................................
	Nasal_steroids_optimal                                                     | 2229	 (15609, 42)             | nan       (nan)
	............................................................new week............................................................
	Mirtazapine                                                                | 2232	 (15626, 42)             | nan       (nan)
	............................................................new week............................................................
	Antihistamines_second_generation_H1_antagonists                            | 2233	 (15635, 42)             | nan       (nan)
	............................................................new week............................................................
	Mirtazapine                                                                | 2234	 (15644, 42)             | nan       (nan)
	............................................................new week............................................................
	Mirtazapine                                                                | 2235	 (15651, 42)             | nan       (nan)
	Nasal_steroids_optimal                                                     | 2235	 (15651, 42)             | nan       (nan)
	............................................................new week............................................................
	Mirtazapine                                                                | 2239	 (15674, 42)             | nan       (nan)
	............................................................new week............................................................
	Mirtazapine                                                                | 2243	 (15703, 43)             | nan       (nan)
	............................................................new week............................................................
	Mirtazapine                                                                | 2247	 (15733, 43)             | nan       (nan)
	............................................................new week............................................................
	Mirtazapine                                                                | 2253	 (15772, 43)             | nan       (nan)
	............................................................new week............................................................
	Mirtazapine                                                                | 2259	 (15815, 43)             | nan       (nan)
	............................................................new week............................................................
	Body_mass_index_3                                                          | 2263	 (15845, 43)             | 23.01     (-0.36)
	Diastolic_blood_pressure_5                                                 | 2263	 (15845, 43)             | 83.00     (-0.33)
	O_E___weight_2                                                             | 2263	 (15845, 43)             | 63.40     (-0.40)
	Systolic_blood_pressure_4                                                  | 2263	 (15845, 43)             | 142.00    (-0.20)
	............................................................new week............................................................
	Mirtazapine                                                                | 2266	 (15865, 43)             | nan       (nan)
	............................................................new week............................................................
	Nasal_steroids_optimal                                                     | 2273	 (15913, 43)             | nan       (nan)
	Mirtazapine                                                                | 2273	 (15914, 43)             | nan       (nan)

========================================================================================================================
DIAGNOSIS SUMMARY
['ALCOHOLMISUSE_V2', 'ALLERGICRHINITISCONJ', 'DEPRESSION']
========================================================================================================================


PREDICTED FUTURE EVENTS
========================================================================================================================
	EVENT                                                                     | AGE IN WEEKS (days, years)  | VALUE
	............................................................new week............................................................
	Mirtazapine                                                                | 2274	 (15920, 43)             | nan       (nan)
	............................................................new week............................................................
	Mirtazapine                                                                | 2275	 (15931, 43)             | nan       (nan)
	............................................................new week............................................................
	Mirtazapine                                                                | 2276	 (15936, 43)             | nan       (nan)
	Serum_cholesterol_97                                                       | 2276	 (15936, 43)             | 4.51      (-0.44)
	Serum_creatinine_31                                                        | 2276	 (15936, 43)             | 65.64     (-0.49)
	Serum_potassium_26                                                         | 2276	 (15936, 43)             | 4.16      (-0.09)
	Serum_sodium_24                                                            | 2276	 (15936, 43)             | 141.97    (-0.03)
	Serum_urea_level_29                                                        | 2276	 (15936, 43)             | 4.77      (-0.04)
	eGFR_using_creatinine_CKD_EPI_per_1_73_square_metres_33                    | 2276	 (15936, 43)             | 92.88     (-0.25)
	............................................................new week............................................................
	Mirtazapine                                                                | 2280	 (15964, 43)             | nan       (nan)
	Mirtazapine                                                                | 2280	 (15964, 43)             | nan       (nan)
	............................................................new week............................................................
	Mirtazapine                                                                | 2289	 (16024, 43)             | nan       (nan)
	............................................................new week............................................................
	Mirtazapine                                                                | 2293	 (16057, 43)             | nan       (nan)
	............................................................new week............................................................
	Body_mass_index_3                                                          | 2294	 (16059, 43)             | 24.89     (-0.34)
	Diastolic_blood_pressure_5                                                 | 2294	 (16062, 44)             | 84.97     (-0.33)
	............................................................new week............................................................
	Systolic_blood_pressure_4                                                  | 2295	 (16066, 44)             | 152.41    (-0.17)
	Mirtazapine                                                                | 2295	 (16066, 44)             | nan       (nan)
	............................................................new week............................................................
	Mirtazapine                                                                | 2296	 (16077, 44)             | nan       (nan)
	............................................................new week............................................................
	Antipsychotics_OPTIMAL                                                     | 2305	 (16137, 44)             | nan       (nan)
	............................................................new week............................................................
	Mirtazapine                                                                | 2307	 (16154, 44)             | nan       (nan)
	............................................................new week............................................................
	Body_mass_index_3                                                          | 2308	 (16159, 44)             | 20.41     (-0.38)
	Diastolic_blood_pressure_5                                                 | 2308	 (16159, 44)             | 79.77     (-0.34)
	O_E___weight_2                                                             | 2308	 (16159, 44)             | 64.04     (-0.40)
	Systolic_blood_pressure_4                                                  | 2308	 (16159, 44)             | 136.21    (-0.21)
	............................................................new week............................................................
	Antipsychotics_OPTIMAL                                                     | 2311	 (16178, 44)             | nan       (nan)
	............................................................new week............................................................
	Serum_HDL_cholesterol_level_100                                            | 2312	 (16189, 44)             | 1.69      (-0.07)
	Serum_LDL_cholesterol_level_102                                            | 2312	 (16189, 44)             | 3.30      (-0.39)
	Serum_cholesterol_97                                                       | 2312	 (16190, 44)             | 5.79      (-0.42)
	Serum_non_high_density_lipoprotein_cholesterol_level_107                   | 2312	 (16190, 44)             | 3.50      (0.40)
	Serum_triglycerides_105                                                    | 2312	 (16190, 44)             | 0.85      (-0.49)
	............................................................new week............................................................
	Antipsychotics_OPTIMAL                                                     | 2316	 (16216, 44)             | nan       (nan)
	............................................................new week............................................................
	Mirtazapine                                                                | 2321	 (16252, 44)             | nan       (nan)
	............................................................new week............................................................
	Antipsychotics_OPTIMAL                                                     | 2325	 (16276, 44)             | nan       (nan)
	............................................................new week............................................................
	Antipsychotics_OPTIMAL                                                     | 2327	 (16294, 44)             | nan       (nan)
	............................................................new week............................................................
	Antipsychotics_OPTIMAL                                                     | 2328	 (16296, 44)             | nan       (nan)
	............................................................new week............................................................
	Antipsychotics_OPTIMAL                                                     | 2329	 (16309, 44)             | nan       (nan)
	............................................................new week............................................................
	Mirtazapine                                                                | 2331	 (16320, 44)             | nan       (nan)
	............................................................new week............................................................
	Antipsychotics_OPTIMAL                                                     | 2332	 (16327, 44)             | nan       (nan)
	............................................................new week............................................................
	Antipsychotics_OPTIMAL                                                     | 2333	 (16335, 44)             | nan       (nan)
	............................................................new week............................................................
	Antipsychotics_OPTIMAL                                                     | 2335	 (16346, 44)             | nan       (nan)
	Mirtazapine                                                                | 2335	 (16346, 44)             | nan       (nan)
	............................................................new week............................................................
	Antipsychotics_OPTIMAL                                                     | 2336	 (16355, 44)             | nan       (nan)
	Antipsychotics_OPTIMAL                                                     | 2336	 (16358, 44)             | nan       (nan)
	............................................................new week............................................................
	Antipsychotics_OPTIMAL                                                     | 2338	 (16366, 44)             | nan       (nan)
	Antipsychotics_OPTIMAL                                                     | 2338	 (16368, 44)             | nan       (nan)
	............................................................new week............................................................
	Antipsychotics_OPTIMAL                                                     | 2344	 (16413, 44)             | nan       (nan)
	............................................................new week............................................................
	Antipsychotics_OPTIMAL                                                     | 2347	 (16431, 45)             | nan       (nan)
	............................................................new week............................................................
	Antipsychotics_OPTIMAL                                                     | 2351	 (16457, 45)             | nan       (nan)
	............................................................new week............................................................
	Basophil_count_22                                                          | 2355	 (16488, 45)             | -0.11     (-0.50)
	Eosinophil_count_21                                                        | 2355	 (16488, 45)             | 0.04      (-0.48)
	Haematocrit_15                                                             | 2355	 (16488, 45)             | 0.43      (-0.07)
	Haemoglobin_estimation_9                                                   | 2355	 (16488, 45)             | 138.50    (-0.06)
	Lymphocyte_count_20                                                        | 2355	 (16488, 45)             | 1.49      (-0.49)
	Mean_corpusc_Hb_conc__MCHC__14                                             | 2355	 (16490, 45)             | 321.53    (0.14)
	Mean_corpusc_haemoglobin_MCH__13                                           | 2355	 (16490, 45)             | 29.82     (-0.21)
	Mean_corpuscular_volume__MCV__11                                           | 2355	 (16490, 45)             | 92.68     (-0.16)
	Monocyte_count_23                                                          | 2355	 (16490, 45)             | 0.41      (-0.48)
	Neutrophil_count_19                                                        | 2355	 (16490, 45)             | 2.30      (-0.45)
	............................................................new week............................................................
	Platelet_count_12                                                          | 2356	 (16492, 45)             | 185.97    (-0.50)
	Lymphocyte_count_20                                                        | 2356	 (16494, 45)             | 2.26      (-0.49)
	Mean_corpusc_Hb_conc__MCHC__14                                             | 2356	 (16494, 45)             | 317.31    (0.13)
	............................................................new week............................................................
	Mean_corpusc_haemoglobin_MCH__13                                           | 2357	 (16501, 45)             | 29.58     (-0.21)
	Mean_corpuscular_volume__MCV__11                                           | 2357	 (16501, 45)             | 94.12     (-0.15)
	Monocyte_count_23                                                          | 2357	 (16501, 45)             | 0.61      (-0.47)
	Neutrophil_count_19                                                        | 2357	 (16501, 45)             | 3.77      (-0.42)
	Platelet_count_12                                                          | 2357	 (16501, 45)             | 929.83    (-0.50)
	Red_blood_cell__RBC__count_10                                              | 2357	 (16501, 45)             | 4.09      (-0.49)
	Red_blood_cell_distribution_width_17                                       | 2357	 (16501, 45)             | 12.69     (-0.47)
	Serum_ferritin_63                                                          | 2357	 (16501, 45)             | 498.52    (-0.50)
	Total_white_cell_count_18                                                  | 2357	 (16501, 45)             | 6.78      (-0.50)
	Antipsychotics_OPTIMAL                                                     | 2357	 (16503, 45)             | nan       (nan)
	............................................................new week............................................................
	Antipsychotics_OPTIMAL                                                     | 2363	 (16547, 45)             | nan       (nan)
	Antipsychotics_OPTIMAL                                                     | 2363	 (16547, 45)             | nan       (nan)
	............................................................new week............................................................
	SABA_PUSHAsthma                                                            | 2365	 (16559, 45)             | nan       (nan)
	............................................................new week............................................................
	Antipsychotics_OPTIMAL                                                     | 2366	 (16567, 45)             | nan       (nan)
	............................................................new week............................................................
	Antipsychotics_OPTIMAL                                                     | 2379	 (16656, 45)             | nan       (nan)
	Antipsychotics_OPTIMAL                                                     | 2379	 (16658, 45)             | nan       (nan)
	............................................................new week............................................................
	Current_smoker_83                                                          | 2382	 (16674, 45)             | 13.54     (-0.33)
	............................................................new week............................................................
	Antipsychotics_OPTIMAL                                                     | 2388	 (16716, 45)             | nan       (nan)
	............................................................new week............................................................
	Antipsychotics_OPTIMAL                                                     | 2394	 (16762, 45)             | nan       (nan)
	............................................................new week............................................................
	Antipsychotics_OPTIMAL                                                     | 2399	 (16799, 46)             | nan       (nan)
	............................................................new week............................................................
	Antipsychotics_OPTIMAL                                                     | 2400	 (16804, 46)             | nan       (nan)
	............................................................new week............................................................
	Antipsychotics_OPTIMAL                                                     | 2401	 (16808, 46)             | nan       (nan)
	............................................................new week............................................................
	Antipsychotics_OPTIMAL                                                     | 2404	 (16830, 46)             | nan       (nan)
	............................................................new week............................................................
	Antipsychotics_OPTIMAL                                                     | 2412	 (16888, 46)             | nan       (nan)
	............................................................new week............................................................
	Antipsychotics_OPTIMAL                                                     | 2415	 (16906, 46)             | nan       (nan)
	............................................................new week............................................................
	Antipsychotics_OPTIMAL                                                     | 2417	 (16925, 46)             | nan       (nan)
	............................................................new week............................................................
	Antipsychotics_OPTIMAL                                                     | 2418	 (16932, 46)             | nan       (nan)
	............................................................new week............................................................
	Antipsychotics_OPTIMAL                                                     | 2423	 (16965, 46)             | nan       (nan)
	............................................................new week............................................................
	Antipsychotics_OPTIMAL                                                     | 2424	 (16969, 46)             | nan       (nan)
	............................................................new week............................................................
	Current_smoker_83                                                          | 2425	 (16980, 46)             | 13.34     (-0.33)
	............................................................new week............................................................
	Serum_creatinine_31                                                        | 2426	 (16983, 46)             | 63.29     (-0.49)
	Serum_potassium_26                                                         | 2426	 (16983, 46)             | 4.32      (-0.07)
	Serum_sodium_24                                                            | 2426	 (16983, 46)             | 137.68    (-0.07)
	Serum_urea_level_29                                                        | 2426	 (16983, 46)             | 4.39      (-0.08)
	eGFR_using_creatinine_CKD_EPI_per_1_73_square_metres_33                    | 2426	 (16983, 46)             | 87.00     (-0.27)
	Antipsychotics_OPTIMAL                                                     | 2426	 (16987, 46)             | nan       (nan)
	............................................................new week............................................................
	Antipsychotics_OPTIMAL                                                     | 2429	 (17005, 46)             | nan       (nan)
	SABA_PUSHAsthma                                                            | 2429	 (17007, 46)             | nan       (nan)
	............................................................new week............................................................
	Antipsychotics_OPTIMAL                                                     | 2430	 (17016, 46)             | nan       (nan)
	............................................................new week............................................................
	Antipsychotics_OPTIMAL                                                     | 2433	 (17033, 46)             | nan       (nan)
	O_E___height_1                                                             | 2433	 (17033, 46)             | 190.86    (0.18)
	O_E___weight_2                                                             | 2433	 (17033, 46)             | 59.70     (-0.41)
	Antipsychotics_OPTIMAL                                                     | 2433	 (17034, 46)             | nan       (nan)
	Antipsychotics_OPTIMAL                                                     | 2433	 (17034, 46)             | nan       (nan)
	............................................................new week............................................................
	Antipsychotics_OPTIMAL                                                     | 2449	 (17144, 46)             | nan       (nan)
	............................................................new week............................................................
	Antipsychotics_OPTIMAL                                                     | 2450	 (17151, 46)             | nan       (nan)
	............................................................new week............................................................
	Diastolic_blood_pressure_5                                                 | 2455	 (17186, 47)             | 89.85     (-0.32)
	O_E___weight_2                                                             | 2455	 (17186, 47)             | 84.44     (-0.37)
	Systolic_blood_pressure_4                                                  | 2455	 (17188, 47)             | 154.09    (-0.16)
	............................................................new week............................................................
	Antipsychotics_OPTIMAL                                                     | 2457	 (17204, 47)             | nan       (nan)
	............................................................new week............................................................
	Antipsychotics_OPTIMAL                                                     | 2460	 (17226, 47)             | nan       (nan)
	............................................................new week............................................................
	Antipsychotics_OPTIMAL                                                     | 2463	 (17243, 47)             | nan       (nan)
	............................................................new week............................................................
	Antipsychotics_OPTIMAL                                                     | 2465	 (17255, 47)             | nan       (nan)
	............................................................new week............................................................
	Antipsychotics_OPTIMAL                                                     | 2466	 (17266, 47)             | nan       (nan)
	............................................................new week............................................................
	Antipsychotics_OPTIMAL                                                     | 2476	 (17332, 47)             | nan       (nan)
	............................................................new week............................................................
	Body_mass_index_3                                                          | 2482	 (17376, 47)             | 19.76     (-0.38)
	............................................................new week............................................................
	Diastolic_blood_pressure_5                                                 | 2483	 (17381, 47)             | 66.92     (-0.38)
	O_E___height_1                                                             | 2483	 (17381, 47)             | 181.96    (0.14)
	O_E___weight_2                                                             | 2483	 (17383, 47)             | 71.86     (-0.39)
	............................................................new week............................................................
	Serum_HDL_cholesterol_level_100                                            | 2484	 (17392, 47)             | 2.04      (0.02)
	Serum_alanine_aminotransferase_level_45                                    | 2484	 (17392, 47)             | 28.91     (-0.50)
	Serum_albumin_51                                                           | 2484	 (17392, 47)             | 42.18     (-0.27)
	Serum_alkaline_phosphatase_50                                              | 2484	 (17394, 47)             | 74.18     (-0.50)
	Serum_bilirubin_level_53                                                   | 2484	 (17394, 47)             | 7.26      (-0.49)
	............................................................new week............................................................
	Serum_cholesterol_97                                                       | 2485	 (17398, 47)             | 6.24      (-0.41)
	Serum_triglycerides_105                                                    | 2485	 (17398, 47)             | 2.14      (-0.48)
	............................................................new week............................................................
	Antipsychotics_OPTIMAL                                                     | 2489	 (17429, 47)             | nan       (nan)
	............................................................new week............................................................
	Antipsychotics_OPTIMAL                                                     | 2490	 (17434, 47)             | nan       (nan)
	............................................................new week............................................................
	Antipsychotics_OPTIMAL                                                     | 2491	 (17438, 47)             | nan       (nan)
	Antipsychotics_OPTIMAL                                                     | 2491	 (17442, 47)             | nan       (nan)
	............................................................new week............................................................
	Antipsychotics_OPTIMAL                                                     | 2498	 (17486, 47)             | nan       (nan)
	............................................................new week............................................................
	Basophil_count_22                                                          | 2501	 (17508, 47)             | 0.00      (-0.49)
	Calculated_LDL_cholesterol_level_103                                       | 2501	 (17508, 47)             | 2.82      (-0.41)
	Eosinophil_count_21                                                        | 2501	 (17508, 47)             | 0.04      (-0.48)
	Haematocrit_15                                                             | 2501	 (17511, 47)             | 0.44      (-0.06)
	Haemoglobin_A1c_level___IFCC_standardised_6                                | 2501	 (17511, 47)             | 42.80     (-0.35)
	Haemoglobin_estimation_9                                                   | 2501	 (17513, 47)             | 136.97    (-0.06)
	Lymphocyte_count_20                                                        | 2501	 (17513, 47)             | 4.69      (-0.48)
	Mean_corpusc_Hb_conc__MCHC__14                                             | 2501	 (17513, 47)             | 311.93    (0.12)
	Mean_corpusc_haemoglobin_MCH__13                                           | 2501	 (17513, 47)             | 29.86     (-0.21)
	Mean_corpuscular_volume__MCV__11                                           | 2501	 (17513, 47)             | 95.67     (-0.14)
	............................................................new week............................................................
	Monocyte_count_23                                                          | 2502	 (17515, 47)             | 0.66      (-0.47)
	Neutrophil_count_19                                                        | 2502	 (17515, 47)             | 3.15      (-0.44)
	Platelet_count_12                                                          | 2502	 (17515, 47)             | 1117.89   (-0.50)
	Red_blood_cell__RBC__count_10                                              | 2502	 (17518, 47)             | 4.14      (-0.49)
	Red_blood_cell_distribution_width_17                                       | 2502	 (17518, 47)             | 11.66     (-0.49)
	Serum_HDL_cholesterol_level_100                                            | 2502	 (17518, 47)             | 0.67      (-0.33)
	............................................................new week............................................................
	Serum_cholesterol_97                                                       | 2503	 (17522, 48)             | 3.18      (-0.47)
	Systolic_blood_pressure_4                                                  | 2503	 (17522, 48)             | 152.75    (-0.17)
