STATIC INFORMATION
========================================================================================================================
	SEX:               M
	IMD:               5.0
	ETHNICITY:         BLACK
	birth_year:        1978.0


GIVEN PATIENT CONTEXT
========================================================================================================================
	EVENT                                                                     | AGE IN WEEKS (days, years)   | VALUE
	............................................................new week............................................................
	ALCOHOLMISUSE_V2                                                           | 1777	 (12445, 34)             | nan       (nan)
	............................................................new week............................................................
	Body_mass_index_3                                                          | 1778	 (12449, 34)             | 25.20     (-0.34)
	Diastolic_blood_pressure_5                                                 | 1778	 (12449, 34)             | 80.00     (-0.34)
	O_E___height_1                                                             | 1778	 (12449, 34)             | 167.00    (0.08)
	O_E___weight_2                                                             | 1778	 (12449, 34)             | 70.20     (-0.39)
	Systolic_blood_pressure_4                                                  | 1778	 (12449, 34)             | 142.00    (-0.20)
	............................................................new week............................................................
	Nasal_steroids_optimal                                                     | 1814	 (12701, 34)             | nan       (nan)
	............................................................new week............................................................
	Nasal_steroids_optimal                                                     | 1820	 (12745, 34)             | nan       (nan)
	............................................................new week............................................................
	GFR_calculated_abbreviated_MDRD_34                                         | 1830	 (12816, 35)             | nan       (nan)
	Haemoglobin_estimation_9                                                   | 1830	 (12816, 35)             | 143.00    (-0.04)
	Lymphocyte_count_20                                                        | 1830	 (12816, 35)             | 0.90      (-0.50)
	Mean_corpusc_Hb_conc__MCHC__14                                             | 1830	 (12816, 35)             | 322.00    (0.14)
	Mean_corpusc_haemoglobin_MCH__13                                           | 1830	 (12816, 35)             | 30.60     (-0.20)
	Mean_corpuscular_volume__MCV__11                                           | 1830	 (12816, 35)             | 95.20     (-0.14)
	Monocyte_count_23                                                          | 1830	 (12816, 35)             | 0.20      (-0.49)
	Neutrophil_count_19                                                        | 1830	 (12816, 35)             | 1.00      (-0.48)
	Platelet_count_12                                                          | 1830	 (12816, 35)             | 258.09    (-0.50)
	Red_blood_cell__RBC__count_10                                              | 1830	 (12816, 35)             | 4.69      (-0.49)
	Red_blood_cell_distribution_width_17                                       | 1830	 (12816, 35)             | 12.80     (-0.47)
	Serum_C_reactive_protein_level_59                                          | 1830	 (12816, 35)             | 4.00      (-0.03)
	Serum_alanine_aminotransferase_level_45                                    | 1830	 (12816, 35)             | 44.00     (-0.50)
	Serum_albumin_51                                                           | 1830	 (12816, 35)             | 42.00     (-0.28)
	Serum_alkaline_phosphatase_50                                              | 1830	 (12816, 35)             | 32.00     (-0.50)
	Serum_bilirubin_level_53                                                   | 1830	 (12816, 35)             | 13.00     (-0.48)
	Serum_creatinine_31                                                        | 1830	 (12816, 35)             | 85.00     (-0.49)
	Serum_gamma_glutamyl_transferase_level_57                                  | 1830	 (12816, 35)             | 38.00     (0.04)
	Serum_potassium_26                                                         | 1830	 (12816, 35)             | 4.10      (-0.10)
	Serum_sodium_24                                                            | 1830	 (12816, 35)             | 139.00    (-0.05)
	Serum_urea_level_29                                                        | 1830	 (12816, 35)             | 6.50      (0.13)
	Total_white_cell_count_18                                                  | 1830	 (12816, 35)             | 2.20      (-0.50)
	............................................................new week............................................................
	Haemoglobin_estimation_9                                                   | 1834	 (12842, 35)             | 148.00    (-0.02)
	Lymphocyte_count_20                                                        | 1834	 (12842, 35)             | 0.90      (-0.50)
	Mean_corpusc_Hb_conc__MCHC__14                                             | 1834	 (12842, 35)             | 317.00    (0.13)
	Mean_corpusc_haemoglobin_MCH__13                                           | 1834	 (12842, 35)             | 30.50     (-0.20)
	Mean_corpuscular_volume__MCV__11                                           | 1834	 (12842, 35)             | 96.30     (-0.14)
	Monocyte_count_23                                                          | 1834	 (12842, 35)             | 0.30      (-0.48)
	Neutrophil_count_19                                                        | 1834	 (12842, 35)             | 1.30      (-0.47)
	Platelet_count_12                                                          | 1834	 (12842, 35)             | 227.99    (-0.50)
	Red_blood_cell__RBC__count_10                                              | 1834	 (12842, 35)             | 4.86      (-0.49)
	Red_blood_cell_distribution_width_17                                       | 1834	 (12842, 35)             | 12.20     (-0.48)
	Total_white_cell_count_18                                                  | 1834	 (12842, 35)             | 2.60      (-0.50)
	............................................................new week............................................................
	Haemoglobin_estimation_9                                                   | 1845	 (12920, 35)             | 151.00    (-0.01)
	Lymphocyte_count_20                                                        | 1845	 (12920, 35)             | 1.20      (-0.49)
	Mean_corpusc_Hb_conc__MCHC__14                                             | 1845	 (12920, 35)             | 322.00    (0.14)
	Mean_corpusc_haemoglobin_MCH__13                                           | 1845	 (12920, 35)             | 30.60     (-0.20)
	Mean_corpuscular_volume__MCV__11                                           | 1845	 (12920, 35)             | 95.00     (-0.15)
	Monocyte_count_23                                                          | 1845	 (12920, 35)             | 0.30      (-0.48)
	Neutrophil_count_19                                                        | 1845	 (12920, 35)             | 1.10      (-0.48)
	Platelet_count_12                                                          | 1845	 (12920, 35)             | 275.08    (-0.50)
	Red_blood_cell__RBC__count_10                                              | 1845	 (12920, 35)             | 4.93      (-0.49)
	Red_blood_cell_distribution_width_17                                       | 1845	 (12920, 35)             | 11.30     (-0.49)
	Total_white_cell_count_18                                                  | 1845	 (12920, 35)             | 2.60      (-0.50)
	............................................................new week............................................................
	Nasal_steroids_optimal                                                     | 1862	 (13039, 35)             | nan       (nan)
	Nasal_steroids_optimal                                                     | 1862	 (13039, 35)             | nan       (nan)
	Nasal_steroids_optimal                                                     | 1862	 (13040, 35)             | nan       (nan)
	............................................................new week............................................................
	Nasal_steroids_optimal                                                     | 1872	 (13110, 35)             | nan       (nan)
	............................................................new week............................................................
	Haemoglobin_estimation_9                                                   | 1895	 (13271, 36)             | 148.00    (-0.02)
	Lymphocyte_count_20                                                        | 1895	 (13271, 36)             | 1.70      (-0.49)
	Mean_corpusc_Hb_conc__MCHC__14                                             | 1895	 (13271, 36)             | 331.00    (0.16)
	Mean_corpusc_haemoglobin_MCH__13                                           | 1895	 (13271, 36)             | 31.20     (-0.19)
	Mean_corpuscular_volume__MCV__11                                           | 1895	 (13271, 36)             | 94.10     (-0.15)
	Monocyte_count_23                                                          | 1895	 (13271, 36)             | 0.40      (-0.48)
	Neutrophil_count_19                                                        | 1895	 (13271, 36)             | 1.40      (-0.47)
	Platelet_count_12                                                          | 1895	 (13271, 36)             | 250.94    (-0.50)
	Red_blood_cell__RBC__count_10                                              | 1895	 (13271, 36)             | 4.74      (-0.49)
	Red_blood_cell_distribution_width_17                                       | 1895	 (13271, 36)             | 11.80     (-0.48)
	Total_white_cell_count_18                                                  | 1895	 (13271, 36)             | 3.50      (-0.50)
	............................................................new week............................................................
	Nasal_steroids_optimal                                                     | 1929	 (13505, 37)             | nan       (nan)
	ALLERGICRHINITISCONJ                                                       | 1929	 (13505, 37)             | nan       (nan)
	............................................................new week............................................................
	Diastolic_blood_pressure_5                                                 | 1982	 (13877, 38)             | 72.00     (-0.36)
	Systolic_blood_pressure_4                                                  | 1982	 (13877, 38)             | 130.00    (-0.23)
	............................................................new week............................................................
	Haemoglobin_estimation_9                                                   | 2003	 (14027, 38)             | 147.00    (-0.03)
	Lymphocyte_count_20                                                        | 2003	 (14027, 38)             | 1.30      (-0.49)
	Mean_corpusc_Hb_conc__MCHC__14                                             | 2003	 (14027, 38)             | 331.00    (0.16)
	Mean_corpusc_haemoglobin_MCH__13                                           | 2003	 (14027, 38)             | 31.10     (-0.20)
	Mean_corpuscular_volume__MCV__11                                           | 2003	 (14027, 38)             | 93.90     (-0.15)
	Monocyte_count_23                                                          | 2003	 (14027, 38)             | 0.50      (-0.47)
	Neutrophil_count_19                                                        | 2003	 (14027, 38)             | 1.20      (-0.48)
	Platelet_count_12                                                          | 2003	 (14027, 38)             | 239.01    (-0.50)
	Red_blood_cell__RBC__count_10                                              | 2003	 (14027, 38)             | 4.73      (-0.49)
	Red_blood_cell_distribution_width_17                                       | 2003	 (14027, 38)             | 12.50     (-0.48)
	Total_white_cell_count_18                                                  | 2003	 (14027, 38)             | 3.10      (-0.50)
	............................................................new week............................................................
	Nasal_steroids_optimal                                                     | 2020	 (14142, 38)             | nan       (nan)
	............................................................new week............................................................
	Body_mass_index_3                                                          | 2033	 (14234, 38)             | 23.60     (-0.35)
	Diastolic_blood_pressure_5                                                 | 2033	 (14234, 38)             | 93.00     (-0.31)
	O_E___height_1                                                             | 2033	 (14234, 38)             | 167.00    (0.08)
	O_E___weight_2                                                             | 2033	 (14234, 38)             | 66.00     (-0.40)
	Systolic_blood_pressure_4                                                  | 2033	 (14234, 38)             | 139.00    (-0.21)
	............................................................new week............................................................
	Calculated_LDL_cholesterol_level_103                                       | 2034	 (14242, 39)             | 2.50      (-0.42)
	GFR_calculated_abbreviated_MDRD_34                                         | 2034	 (14242, 39)             | 60.00     (-0.30)
	Haemoglobin_A1c_level___IFCC_standardised_6                                | 2034	 (14242, 39)             | 29.00     (-0.40)
	Haemoglobin_estimation_9                                                   | 2034	 (14242, 39)             | 143.00    (-0.04)
	Lymphocyte_count_20                                                        | 2034	 (14242, 39)             | 1.20      (-0.49)
	Mean_corpusc_Hb_conc__MCHC__14                                             | 2034	 (14242, 39)             | 335.00    (0.16)
	Mean_corpusc_haemoglobin_MCH__13                                           | 2034	 (14242, 39)             | 31.50     (-0.19)
	Mean_corpuscular_volume__MCV__11                                           | 2034	 (14242, 39)             | 93.90     (-0.15)
	Monocyte_count_23                                                          | 2034	 (14242, 39)             | 0.50      (-0.47)
	Neutrophil_count_19                                                        | 2034	 (14242, 39)             | 1.40      (-0.47)
	Non_HDL_cholesterol_level_108                                              | 2034	 (14242, 39)             | 3.00      (-0.03)
	Platelet_count_12                                                          | 2034	 (14242, 39)             | 262.86    (-0.50)
	Red_blood_cell__RBC__count_10                                              | 2034	 (14242, 39)             | 4.54      (-0.49)
	Red_blood_cell_distribution_width_17                                       | 2034	 (14242, 39)             | 12.30     (-0.48)
	Serum_HDL_cholesterol_level_100                                            | 2034	 (14242, 39)             | 3.08      (0.29)
	Serum_TSH_level_71                                                         | 2034	 (14242, 39)             | 1.15      (-0.50)
	Serum_alanine_aminotransferase_level_45                                    | 2034	 (14242, 39)             | 52.00     (-0.50)
	Serum_albumin_51                                                           | 2034	 (14242, 39)             | 43.00     (-0.27)
	Serum_alkaline_phosphatase_50                                              | 2034	 (14242, 39)             | 50.00     (-0.50)
	Serum_bilirubin_level_53                                                   | 2034	 (14242, 39)             | 17.00     (-0.48)
	Serum_cholesterol_97                                                       | 2034	 (14242, 39)             | 6.10      (-0.41)
	Serum_creatinine_31                                                        | 2034	 (14242, 39)             | 88.00     (-0.49)
	Serum_potassium_26                                                         | 2034	 (14242, 39)             | 4.40      (-0.07)
	Serum_sodium_24                                                            | 2034	 (14242, 39)             | 140.00    (-0.05)
	Serum_triglycerides_105                                                    | 2034	 (14242, 39)             | 1.10      (-0.49)
	Serum_urea_level_29                                                        | 2034	 (14242, 39)             | 5.10      (-0.01)
	Total_cholesterol_HDL_ratio_95                                             | 2034	 (14242, 39)             | 2.00      (-0.50)
	Total_white_cell_count_18                                                  | 2034	 (14242, 39)             | 3.10      (-0.50)
	............................................................new week............................................................
	SSRIs_Optimal                                                              | 2061	 (14430, 39)             | nan       (nan)
	DEPRESSION                                                                 | 2061	 (14430, 39)             | nan       (nan)
	............................................................new week............................................................
	Body_mass_index_3                                                          | 2067	 (14471, 39)             | 24.00     (-0.35)
	Diastolic_blood_pressure_5                                                 | 2067	 (14471, 39)             | 99.00     (-0.29)
	O_E___weight_2                                                             | 2067	 (14471, 39)             | 67.00     (-0.40)
	Systolic_blood_pressure_4                                                  | 2067	 (14471, 39)             | 169.00    (-0.12)
	Calculated_LDL_cholesterol_level_103                                       | 2067	 (14474, 39)             | 2.80      (-0.41)
	GFR_calculated_abbreviated_MDRD_34                                         | 2067	 (14474, 39)             | 60.00     (-0.30)
	Haemoglobin_A1c_level___IFCC_standardised_6                                | 2067	 (14474, 39)             | 32.00     (-0.39)
	Non_HDL_cholesterol_level_108                                              | 2067	 (14474, 39)             | 3.30      (0.02)
	Serum_HDL_cholesterol_level_100                                            | 2067	 (14474, 39)             | 3.07      (0.29)
	Serum_TSH_level_71                                                         | 2067	 (14474, 39)             | 1.23      (-0.50)
	Serum_alanine_aminotransferase_level_45                                    | 2067	 (14474, 39)             | 44.00     (-0.50)
	Serum_albumin_51                                                           | 2067	 (14474, 39)             | 45.00     (-0.26)
	Serum_alkaline_phosphatase_50                                              | 2067	 (14474, 39)             | 40.00     (-0.50)
	Serum_bilirubin_level_53                                                   | 2067	 (14474, 39)             | 10.00     (-0.49)
	Serum_cholesterol_97                                                       | 2067	 (14474, 39)             | 6.30      (-0.41)
	Serum_creatinine_31                                                        | 2067	 (14474, 39)             | 87.00     (-0.49)
	Serum_potassium_26                                                         | 2067	 (14474, 39)             | 5.10      (0.01)
	Serum_sodium_24                                                            | 2067	 (14474, 39)             | 141.00    (-0.04)
	Serum_triglycerides_105                                                    | 2067	 (14474, 39)             | 0.96      (-0.49)
	Serum_urea_level_29                                                        | 2067	 (14474, 39)             | 4.90      (-0.03)
	Total_cholesterol_HDL_ratio_95                                             | 2067	 (14474, 39)             | 2.10      (-0.50)
	............................................................new week............................................................
	Diastolic_blood_pressure_5                                                 | 2068	 (14478, 39)             | 95.00     (-0.30)
	Diastolic_blood_pressure_5                                                 | 2068	 (14478, 39)             | 96.00     (-0.30)
	Systolic_blood_pressure_4                                                  | 2068	 (14478, 39)             | 163.00    (-0.14)
	Systolic_blood_pressure_4                                                  | 2068	 (14478, 39)             | 174.00    (-0.11)
	............................................................new week............................................................
	Diastolic_blood_pressure_5                                                 | 2104	 (14733, 40)             | 98.00     (-0.29)
	Systolic_blood_pressure_4                                                  | 2104	 (14733, 40)             | 154.00    (-0.16)
	............................................................new week............................................................
	Diastolic_blood_pressure_5                                                 | 2105	 (14740, 40)             | 105.00    (-0.28)
	Systolic_blood_pressure_4                                                  | 2105	 (14740, 40)             | 168.00    (-0.13)
	............................................................new week............................................................
	Haematocrit_15                                                             | 2119	 (14835, 40)             | 0.42      (-0.08)
	Haemoglobin_estimation_9                                                   | 2119	 (14835, 40)             | 138.00    (-0.06)
	Lymphocyte_count_20                                                        | 2119	 (14835, 40)             | 1.00      (-0.50)
	Mean_corpusc_Hb_conc__MCHC__14                                             | 2119	 (14835, 40)             | 326.00    (0.14)
	Mean_corpusc_haemoglobin_MCH__13                                           | 2119	 (14835, 40)             | 31.00     (-0.20)
	Mean_corpuscular_volume__MCV__11                                           | 2119	 (14835, 40)             | 94.90     (-0.15)
	Monocyte_count_23                                                          | 2119	 (14835, 40)             | 0.40      (-0.48)
	Neutrophil_count_19                                                        | 2119	 (14835, 40)             | 1.60      (-0.47)
	Platelet_count_12                                                          | 2119	 (14835, 40)             | 225.01    (-0.50)
	Red_blood_cell__RBC__count_10                                              | 2119	 (14835, 40)             | 4.47      (-0.49)
	Red_blood_cell_distribution_width_17                                       | 2119	 (14835, 40)             | 12.50     (-0.48)
	Total_white_cell_count_18                                                  | 2119	 (14835, 40)             | 3.10      (-0.50)
	............................................................new week............................................................
	Body_mass_index_3                                                          | 2143	 (15007, 41)             | 23.59     (-0.35)
	Current_smoker_83                                                          | 2143	 (15007, 41)             | nan       (nan)
	Diastolic_blood_pressure_5                                                 | 2143	 (15007, 41)             | 92.00     (-0.31)
	O_E___height_1                                                             | 2143	 (15007, 41)             | 166.00    (0.08)
	O_E___weight_2                                                             | 2143	 (15007, 41)             | 65.00     (-0.40)
	Serum_HDL_cholesterol_level_100                                            | 2143	 (15007, 41)             | 2.15      (0.05)
	Serum_total_cholesterol_level_98                                           | 2143	 (15007, 41)             | 6.26      (-0.40)
	Systolic_blood_pressure_4                                                  | 2143	 (15007, 41)             | 134.00    (-0.22)
	Total_cholesterol_HDL_ratio_95                                             | 2143	 (15007, 41)             | 2.90      (-0.49)
	............................................................new week............................................................
	Nasal_steroids_optimal                                                     | 2170	 (15192, 41)             | nan       (nan)
	............................................................new week............................................................
	Nasal_steroids_optimal                                                     | 2229	 (15609, 42)             | nan       (nan)
	............................................................new week............................................................
	Mirtazapine                                                                | 2232	 (15626, 42)             | nan       (nan)
	............................................................new week............................................................
	Antihistamines_second_generation_H1_antagonists                            | 2233	 (15635, 42)             | nan       (nan)
	............................................................new week............................................................
	Mirtazapine                                                                | 2234	 (15644, 42)             | nan       (nan)
	............................................................new week............................................................
	Mirtazapine                                                                | 2235	 (15651, 42)             | nan       (nan)
	Nasal_steroids_optimal                                                     | 2235	 (15651, 42)             | nan       (nan)
	............................................................new week............................................................
	Mirtazapine                                                                | 2239	 (15674, 42)             | nan       (nan)
	............................................................new week............................................................
	Mirtazapine                                                                | 2243	 (15703, 43)             | nan       (nan)
	............................................................new week............................................................
	Mirtazapine                                                                | 2247	 (15733, 43)             | nan       (nan)
	............................................................new week............................................................
	Mirtazapine                                                                | 2253	 (15772, 43)             | nan       (nan)
	............................................................new week............................................................
	Mirtazapine                                                                | 2259	 (15815, 43)             | nan       (nan)
	............................................................new week............................................................
	Body_mass_index_3                                                          | 2263	 (15845, 43)             | 23.01     (-0.36)
	Diastolic_blood_pressure_5                                                 | 2263	 (15845, 43)             | 83.00     (-0.33)
	O_E___weight_2                                                             | 2263	 (15845, 43)             | 63.40     (-0.40)
	Systolic_blood_pressure_4                                                  | 2263	 (15845, 43)             | 142.00    (-0.20)
	............................................................new week............................................................
	Mirtazapine                                                                | 2266	 (15865, 43)             | nan       (nan)
	............................................................new week............................................................
	Nasal_steroids_optimal                                                     | 2273	 (15913, 43)             | nan       (nan)
	Mirtazapine                                                                | 2273	 (15914, 43)             | nan       (nan)

========================================================================================================================
DIAGNOSIS SUMMARY
['ALCOHOLMISUSE_V2', 'ALLERGICRHINITISCONJ', 'DEPRESSION']
========================================================================================================================


PREDICTED FUTURE EVENTS
========================================================================================================================
	EVENT                                                                     | AGE IN WEEKS (days, years)  | VALUE
	............................................................new week............................................................
	Nasal_steroids_optimal                                                     | 2283	 (15982, 43)             | nan       (nan)
	............................................................new week............................................................
	Mirtazapine                                                                | 2284	 (15991, 43)             | nan       (nan)
	............................................................new week............................................................
	Diastolic_blood_pressure_5                                                 | 2285	 (15995, 43)             | 92.28     (-0.31)
	Systolic_blood_pressure_4                                                  | 2285	 (15995, 43)             | 157.09    (-0.16)
	............................................................new week............................................................
	Mirtazapine                                                                | 2295	 (16068, 44)             | nan       (nan)
	............................................................new week............................................................
	Body_mass_index_3                                                          | 2296	 (16077, 44)             | 20.67     (-0.37)
	............................................................new week............................................................
	Diastolic_blood_pressure_5                                                 | 2297	 (16079, 44)             | 66.08     (-0.38)
	Systolic_blood_pressure_4                                                  | 2297	 (16081, 44)             | 114.83    (-0.27)
	............................................................new week............................................................
	Mirtazapine                                                                | 2298	 (16086, 44)             | nan       (nan)
	............................................................new week............................................................
	Nasal_steroids_optimal                                                     | 2303	 (16121, 44)             | nan       (nan)
	............................................................new week............................................................
	Eosinophil_count_21                                                        | 2305	 (16137, 44)             | 0.03      (-0.48)
	GFR_calculated_abbreviated_MDRD_34                                         | 2305	 (16137, 44)             | 60.35     (-0.30)
	Haematocrit_15                                                             | 2305	 (16139, 44)             | 0.43      (-0.07)
	Haemoglobin_estimation_9                                                   | 2305	 (16139, 44)             | 134.27    (-0.07)
	Lymphocyte_count_20                                                        | 2305	 (16139, 44)             | 1.93      (-0.49)
	Mean_corpusc_Hb_conc__MCHC__14                                             | 2305	 (16141, 44)             | 312.69    (0.12)
	Mean_corpusc_haemoglobin_MCH__13                                           | 2305	 (16141, 44)             | 30.45     (-0.20)
	Mean_corpuscular_volume__MCV__11                                           | 2305	 (16141, 44)             | 98.07     (-0.13)
	Monocyte_count_23                                                          | 2305	 (16141, 44)             | 0.39      (-0.48)
	Neutrophil_count_19                                                        | 2305	 (16141, 44)             | 1.28      (-0.47)
	............................................................new week............................................................
	Plasma_C_reactive_protein_60                                               | 2306	 (16143, 44)             | 6.07      (0.01)
	Platelet_count_12                                                          | 2306	 (16143, 44)             | 924.17    (-0.50)
	Red_blood_cell__RBC__count_10                                              | 2306	 (16145, 44)             | -0.54     (-0.50)
	Red_blood_cell_distribution_width_17                                       | 2306	 (16145, 44)             | 14.27     (-0.46)
	Serum_HDL_cholesterol_level_100                                            | 2306	 (16147, 44)             | 1.66      (-0.07)
	Serum_alanine_aminotransferase_level_45                                    | 2306	 (16147, 44)             | -1.70     (-0.50)
	Serum_albumin_51                                                           | 2306	 (16148, 44)             | 39.12     (-0.29)
	Serum_alkaline_phosphatase_50                                              | 2306	 (16148, 44)             | 49.09     (-0.50)
	............................................................new week............................................................
	Serum_bilirubin_level_53                                                   | 2307	 (16152, 44)             | 17.96     (-0.48)
	Serum_creatinine_31                                                        | 2307	 (16152, 44)             | 58.54     (-0.49)
	Serum_potassium_26                                                         | 2307	 (16152, 44)             | 4.10      (-0.10)
	Serum_sodium_24                                                            | 2307	 (16152, 44)             | 139.25    (-0.05)
	............................................................new week............................................................
	Serum_urea_level_29                                                        | 2308	 (16156, 44)             | 6.37      (0.12)
	Total_cholesterol_HDL_ratio_95                                             | 2308	 (16159, 44)             | 3.67      (-0.49)
	............................................................new week............................................................
	Body_mass_index_3                                                          | 2310	 (16170, 44)             | 24.63     (-0.34)
	Diastolic_blood_pressure_5                                                 | 2310	 (16172, 44)             | 90.19     (-0.32)
	Systolic_blood_pressure_4                                                  | 2310	 (16174, 44)             | 136.08    (-0.21)
	............................................................new week............................................................
	ICS_PUSHAsthma                                                             | 2313	 (16194, 44)             | nan       (nan)
	............................................................new week............................................................
	Mirtazapine                                                                | 2314	 (16203, 44)             | nan       (nan)
	............................................................new week............................................................
	ALLERGICRHINITISCONJ                                                       | 2315	 (16205, 44)             | nan       (nan)
	Body_mass_index_3                                                          | 2315	 (16207, 44)             | 25.96     (-0.33)
	Diastolic_blood_pressure_5                                                 | 2315	 (16210, 44)             | 85.18     (-0.33)
	............................................................new week............................................................
	Systolic_blood_pressure_4                                                  | 2316	 (16214, 44)             | 148.13    (-0.18)
	............................................................new week............................................................
	Never_smoked_tobacco_85                                                    | 2320	 (16243, 44)             | 0.00      (-1.99)
	............................................................new week............................................................
	O_E___weight_2                                                             | 2321	 (16249, 44)             | 73.10     (-0.39)
	............................................................new week............................................................
	ICS_PUSHAsthma                                                             | 2322	 (16256, 44)             | nan       (nan)
	Serum_creatinine_31                                                        | 2322	 (16260, 44)             | 174.26    (-0.48)
	............................................................new week............................................................
	Serum_potassium_26                                                         | 2323	 (16263, 44)             | 4.44      (-0.06)
	Serum_sodium_24                                                            | 2323	 (16267, 44)             | 140.36    (-0.04)
	............................................................new week............................................................
	Serum_urea_level_29                                                        | 2324	 (16269, 44)             | 6.05      (0.09)
	............................................................new week............................................................
	ICS_PUSHAsthma                                                             | 2328	 (16296, 44)             | nan       (nan)
	Nasal_steroids_optimal                                                     | 2328	 (16296, 44)             | nan       (nan)
	SABA_PUSHAsthma                                                            | 2328	 (16296, 44)             | nan       (nan)
	............................................................new week............................................................
	Vitamin_D                                                                  | 2332	 (16324, 44)             | nan       (nan)
	............................................................new week............................................................
	Never_smoked_tobacco_85                                                    | 2337	 (16360, 44)             | 0.00      (1.18)
	UricAcid_LoweringDrugs_optimal                                             | 2337	 (16360, 44)             | nan       (nan)
	Never_smoked_tobacco_85                                                    | 2337	 (16364, 44)             | 0.00      (0.15)
	............................................................new week............................................................
	ICS_PUSHAsthma                                                             | 2340	 (16386, 44)             | nan       (nan)
	SABA_PUSHAsthma                                                            | 2340	 (16386, 44)             | nan       (nan)
	UricAcid_LoweringDrugs_optimal                                             | 2340	 (16386, 44)             | nan       (nan)
	............................................................new week............................................................
	Pregabalin_Optimal                                                         | 2341	 (16388, 44)             | nan       (nan)
	............................................................new week............................................................
	UricAcid_LoweringDrugs_optimal                                             | 2343	 (16406, 44)             | nan       (nan)
	............................................................new week............................................................
	UricAcid_LoweringDrugs_optimal                                             | 2348	 (16442, 45)             | nan       (nan)
	............................................................new week............................................................
	Body_mass_index_3                                                          | 2349	 (16448, 45)             | 28.60     (-0.31)
	............................................................new week............................................................
	Diastolic_blood_pressure_5                                                 | 2350	 (16450, 45)             | 96.59     (-0.30)
	Systolic_blood_pressure_4                                                  | 2350	 (16450, 45)             | 136.53    (-0.21)
	............................................................new week............................................................
	ICS_PUSHAsthma                                                             | 2351	 (16457, 45)             | nan       (nan)
	SABA_PUSHAsthma                                                            | 2351	 (16459, 45)             | nan       (nan)
	............................................................new week............................................................
	UricAcid_LoweringDrugs_optimal                                             | 2352	 (16468, 45)             | nan       (nan)
	............................................................new week............................................................
	UricAcid_LoweringDrugs_optimal                                             | 2361	 (16532, 45)             | nan       (nan)
	............................................................new week............................................................
	phosphodiesterasetype5inhibitor_OPTIMAL                                    | 2365	 (16559, 45)             | nan       (nan)
	............................................................new week............................................................
	UricAcid_LoweringDrugs_optimal                                             | 2369	 (16585, 45)             | nan       (nan)
	Vitamin_D                                                                  | 2369	 (16585, 45)             | nan       (nan)
	............................................................new week............................................................
	Basophil_count_22                                                          | 2370	 (16596, 45)             | 0.04      (-0.49)
	Eosinophil_count_21                                                        | 2370	 (16596, 45)             | 0.11      (-0.47)
	GFR_calculated_abbreviated_MDRD_34                                         | 2370	 (16596, 45)             | 72.01     (-0.26)
	............................................................new week............................................................
	Haematocrit_15                                                             | 2371	 (16601, 45)             | 0.41      (-0.09)
	Haemoglobin_estimation_9                                                   | 2371	 (16601, 45)             | 138.89    (-0.06)
	............................................................new week............................................................
	Lymphocyte_count_20                                                        | 2372	 (16605, 45)             | 1.59      (-0.49)
	Mean_corpusc_Hb_conc__MCHC__14                                             | 2372	 (16605, 45)             | 322.56    (0.14)
	Mean_corpusc_haemoglobin_MCH__13                                           | 2372	 (16607, 45)             | 32.07     (-0.19)
	Mean_corpuscular_volume__MCV__11                                           | 2372	 (16607, 45)             | 96.34     (-0.14)
	Monocyte_count_23                                                          | 2372	 (16607, 45)             | 0.25      (-0.49)
	Neutrophil_count_19                                                        | 2372	 (16607, 45)             | 1.92      (-0.46)
	Plasma_C_reactive_protein_60                                               | 2372	 (16607, 45)             | 4.09      (-0.05)
	Platelet_count_12                                                          | 2372	 (16609, 45)             | -316.50   (-0.50)
	Red_blood_cell__RBC__count_10                                              | 2372	 (16609, 45)             | 2.47      (-0.50)
	Red_blood_cell_distribution_width_17                                       | 2372	 (16609, 45)             | 14.39     (-0.46)
	............................................................new week............................................................
	Serum_HDL_cholesterol_level_100                                            | 2373	 (16611, 45)             | 2.82      (0.22)
	Serum_alanine_aminotransferase_level_45                                    | 2373	 (16611, 45)             | 142.21    (-0.50)
	Serum_albumin_51                                                           | 2373	 (16614, 45)             | 44.74     (-0.26)
	............................................................new week............................................................
	Serum_alkaline_phosphatase_50                                              | 2374	 (16618, 45)             | 112.46    (-0.49)
	Serum_bilirubin_level_53                                                   | 2374	 (16621, 45)             | 18.93     (-0.48)
	Serum_calcium_39                                                           | 2374	 (16621, 45)             | 2.42      (-0.27)
	ARBs_Luyuan                                                                | 2374	 (16621, 45)             | nan       (nan)
	............................................................new week............................................................
	ARBs_Luyuan                                                                | 2381	 (16671, 45)             | nan       (nan)
	ICS_PUSHAsthma                                                             | 2381	 (16673, 45)             | nan       (nan)
	............................................................new week............................................................
	UricAcid_LoweringDrugs_optimal                                             | 2382	 (16680, 45)             | nan       (nan)
	............................................................new week............................................................
	SABA_PUSHAsthma                                                            | 2393	 (16755, 45)             | nan       (nan)
	............................................................new week............................................................
	ARBs_Luyuan                                                                | 2398	 (16790, 46)             | nan       (nan)
	UricAcid_LoweringDrugs_optimal                                             | 2398	 (16791, 46)             | nan       (nan)
	............................................................new week............................................................
	SABA_PUSHAsthma                                                            | 2400	 (16801, 46)             | nan       (nan)
	............................................................new week............................................................
	Ex_smoker_84                                                               | 2404	 (16828, 46)             | 53.93     (0.17)
	SABA_PUSHAsthma                                                            | 2404	 (16833, 46)             | nan       (nan)
	UricAcid_LoweringDrugs_optimal                                             | 2404	 (16833, 46)             | nan       (nan)
	............................................................new week............................................................
	Basophil_count_22                                                          | 2406	 (16848, 46)             | 0.13      (-0.48)
	............................................................new week............................................................
	Eosinophil_count_21                                                        | 2407	 (16852, 46)             | 0.27      (-0.46)
	GFR_calculated_abbreviated_MDRD_34                                         | 2407	 (16854, 46)             | 63.36     (-0.29)
	Serum_creatinine_31                                                        | 2407	 (16854, 46)             | 91.53     (-0.49)
	Serum_potassium_26                                                         | 2407	 (16854, 46)             | 3.24      (-0.18)
	Serum_sodium_24                                                            | 2407	 (16854, 46)             | 137.08    (-0.07)
	............................................................new week............................................................
	Serum_urea_level_29                                                        | 2408	 (16861, 46)             | 4.46      (-0.07)
	............................................................new week............................................................
	Diastolic_blood_pressure_5                                                 | 2409	 (16863, 46)             | 76.38     (-0.35)
	Systolic_blood_pressure_4                                                  | 2409	 (16863, 46)             | 129.63    (-0.23)
	............................................................new week............................................................
	ARBs_Luyuan                                                                | 2413	 (16896, 46)             | nan       (nan)
	............................................................new week............................................................
	VALVULARDISEASES_V2                                                        | 2416	 (16914, 46)             | nan       (nan)
	............................................................new week............................................................
	Body_mass_index_3                                                          | 2419	 (16938, 46)             | 26.89     (-0.32)
	Body_mass_index_3                                                          | 2419	 (16939, 46)             | 29.97     (-0.30)
	O_E___weight_2                                                             | 2419	 (16939, 46)             | 77.51     (-0.38)
	............................................................new week............................................................
	Body_mass_index_3                                                          | 2420	 (16945, 46)             | 26.01     (-0.33)
	............................................................new week............................................................
	Diastolic_blood_pressure_5                                                 | 2421	 (16947, 46)             | 79.66     (-0.34)
	Systolic_blood_pressure_4                                                  | 2421	 (16948, 46)             | 148.19    (-0.18)
	............................................................new week............................................................
	ARBs_Luyuan                                                                | 2425	 (16981, 46)             | nan       (nan)
	............................................................new week............................................................
	Basophil_count_22                                                          | 2432	 (17025, 46)             | 0.07      (-0.48)
	Eosinophil_count_21                                                        | 2432	 (17025, 46)             | 0.28      (-0.45)
	GFR_calculated_abbreviated_MDRD_34                                         | 2432	 (17025, 46)             | 58.32     (-0.31)
	Haematocrit_15                                                             | 2432	 (17027, 46)             | 0.39      (-0.11)
	Haemoglobin_estimation_9                                                   | 2432	 (17029, 46)             | 129.59    (-0.09)
	............................................................new week............................................................
	Platelet_count_12                                                          | 2433	 (17031, 46)             | 30739.31  (-0.50)
	Serum_C_reactive_protein_level_59                                          | 2433	 (17034, 46)             | 3.00      (-0.07)
	............................................................new week............................................................
	Serum_creatinine_31                                                        | 2434	 (17038, 46)             | 24.12     (-0.50)
	Serum_potassium_26                                                         | 2434	 (17038, 46)             | 3.12      (-0.20)
	Serum_sodium_24                                                            | 2434	 (17038, 46)             | 140.69    (-0.04)
	Serum_urea_level_29                                                        | 2434	 (17038, 46)             | 4.12      (-0.10)
	............................................................new week............................................................
	Body_mass_index_3                                                          | 2436	 (17053, 46)             | 33.99     (-0.27)
	Diastolic_blood_pressure_5                                                 | 2436	 (17053, 46)             | 78.50     (-0.35)
	O_E___weight_2                                                             | 2436	 (17053, 46)             | 95.31     (-0.35)
	Systolic_blood_pressure_4                                                  | 2436	 (17053, 46)             | 130.94    (-0.23)
	ARBs_Luyuan                                                                | 2436	 (17058, 46)             | nan       (nan)
	............................................................new week............................................................
	ARBs_Luyuan                                                                | 2440	 (17086, 46)             | nan       (nan)
	ARBs_Luyuan                                                                | 2440	 (17086, 46)             | nan       (nan)
	ARBs_Luyuan                                                                | 2440	 (17086, 46)             | nan       (nan)
	............................................................new week............................................................
	ARBs_Luyuan                                                                | 2451	 (17159, 47)             | nan       (nan)
	............................................................new week............................................................
	ARBs_Luyuan                                                                | 2453	 (17177, 47)             | nan       (nan)
	............................................................new week............................................................
	Body_mass_index_3                                                          | 2454	 (17179, 47)             | 28.67     (-0.31)
	Body_mass_index_3                                                          | 2454	 (17179, 47)             | 32.48     (-0.28)
	O_E___weight_2                                                             | 2454	 (17181, 47)             | 75.22     (-0.38)
	Serum_creatinine_31                                                        | 2454	 (17181, 47)             | 198.32    (-0.48)
	Serum_potassium_26                                                         | 2454	 (17182, 47)             | 3.63      (-0.14)
	Serum_sodium_24                                                            | 2454	 (17182, 47)             | 138.12    (-0.06)
