STATIC INFORMATION
========================================================================================================================
	SEX:               M
	IMD:               5.0
	ETHNICITY:         BLACK
	birth_year:        1978.0


GIVEN PATIENT CONTEXT
========================================================================================================================
	EVENT                                                                     | AGE IN WEEKS (days, years)   | VALUE
	............................................................new week............................................................
	ALCOHOLMISUSE_V2                                                           | 1777	 (12445, 34)             | nan       (nan)
	............................................................new week............................................................
	Body_mass_index_3                                                          | 1778	 (12449, 34)             | 25.20     (-0.34)
	Diastolic_blood_pressure_5                                                 | 1778	 (12449, 34)             | 80.00     (-0.34)
	O_E___height_1                                                             | 1778	 (12449, 34)             | 167.00    (0.08)
	O_E___weight_2                                                             | 1778	 (12449, 34)             | 70.20     (-0.39)
	Systolic_blood_pressure_4                                                  | 1778	 (12449, 34)             | 142.00    (-0.20)
	............................................................new week............................................................
	Nasal_steroids_optimal                                                     | 1814	 (12701, 34)             | nan       (nan)
	............................................................new week............................................................
	Nasal_steroids_optimal                                                     | 1820	 (12745, 34)             | nan       (nan)
	............................................................new week............................................................
	GFR_calculated_abbreviated_MDRD_34                                         | 1830	 (12816, 35)             | nan       (nan)
	Haemoglobin_estimation_9                                                   | 1830	 (12816, 35)             | 143.00    (-0.04)
	Lymphocyte_count_20                                                        | 1830	 (12816, 35)             | 0.90      (-0.50)
	Mean_corpusc_Hb_conc__MCHC__14                                             | 1830	 (12816, 35)             | 322.00    (0.14)
	Mean_corpusc_haemoglobin_MCH__13                                           | 1830	 (12816, 35)             | 30.60     (-0.20)
	Mean_corpuscular_volume__MCV__11                                           | 1830	 (12816, 35)             | 95.20     (-0.14)
	Monocyte_count_23                                                          | 1830	 (12816, 35)             | 0.20      (-0.49)
	Neutrophil_count_19                                                        | 1830	 (12816, 35)             | 1.00      (-0.48)
	Platelet_count_12                                                          | 1830	 (12816, 35)             | 258.09    (-0.50)
	Red_blood_cell__RBC__count_10                                              | 1830	 (12816, 35)             | 4.69      (-0.49)
	Red_blood_cell_distribution_width_17                                       | 1830	 (12816, 35)             | 12.80     (-0.47)
	Serum_C_reactive_protein_level_59                                          | 1830	 (12816, 35)             | 4.00      (-0.03)
	Serum_alanine_aminotransferase_level_45                                    | 1830	 (12816, 35)             | 44.00     (-0.50)
	Serum_albumin_51                                                           | 1830	 (12816, 35)             | 42.00     (-0.28)
	Serum_alkaline_phosphatase_50                                              | 1830	 (12816, 35)             | 32.00     (-0.50)
	Serum_bilirubin_level_53                                                   | 1830	 (12816, 35)             | 13.00     (-0.48)
	Serum_creatinine_31                                                        | 1830	 (12816, 35)             | 85.00     (-0.49)
	Serum_gamma_glutamyl_transferase_level_57                                  | 1830	 (12816, 35)             | 38.00     (0.04)
	Serum_potassium_26                                                         | 1830	 (12816, 35)             | 4.10      (-0.10)
	Serum_sodium_24                                                            | 1830	 (12816, 35)             | 139.00    (-0.05)
	Serum_urea_level_29                                                        | 1830	 (12816, 35)             | 6.50      (0.13)
	Total_white_cell_count_18                                                  | 1830	 (12816, 35)             | 2.20      (-0.50)
	............................................................new week............................................................
	Haemoglobin_estimation_9                                                   | 1834	 (12842, 35)             | 148.00    (-0.02)
	Lymphocyte_count_20                                                        | 1834	 (12842, 35)             | 0.90      (-0.50)
	Mean_corpusc_Hb_conc__MCHC__14                                             | 1834	 (12842, 35)             | 317.00    (0.13)
	Mean_corpusc_haemoglobin_MCH__13                                           | 1834	 (12842, 35)             | 30.50     (-0.20)
	Mean_corpuscular_volume__MCV__11                                           | 1834	 (12842, 35)             | 96.30     (-0.14)
	Monocyte_count_23                                                          | 1834	 (12842, 35)             | 0.30      (-0.48)
	Neutrophil_count_19                                                        | 1834	 (12842, 35)             | 1.30      (-0.47)
	Platelet_count_12                                                          | 1834	 (12842, 35)             | 227.99    (-0.50)
	Red_blood_cell__RBC__count_10                                              | 1834	 (12842, 35)             | 4.86      (-0.49)
	Red_blood_cell_distribution_width_17                                       | 1834	 (12842, 35)             | 12.20     (-0.48)
	Total_white_cell_count_18                                                  | 1834	 (12842, 35)             | 2.60      (-0.50)
	............................................................new week............................................................
	Haemoglobin_estimation_9                                                   | 1845	 (12920, 35)             | 151.00    (-0.01)
	Lymphocyte_count_20                                                        | 1845	 (12920, 35)             | 1.20      (-0.49)
	Mean_corpusc_Hb_conc__MCHC__14                                             | 1845	 (12920, 35)             | 322.00    (0.14)
	Mean_corpusc_haemoglobin_MCH__13                                           | 1845	 (12920, 35)             | 30.60     (-0.20)
	Mean_corpuscular_volume__MCV__11                                           | 1845	 (12920, 35)             | 95.00     (-0.15)
	Monocyte_count_23                                                          | 1845	 (12920, 35)             | 0.30      (-0.48)
	Neutrophil_count_19                                                        | 1845	 (12920, 35)             | 1.10      (-0.48)
	Platelet_count_12                                                          | 1845	 (12920, 35)             | 275.08    (-0.50)
	Red_blood_cell__RBC__count_10                                              | 1845	 (12920, 35)             | 4.93      (-0.49)
	Red_blood_cell_distribution_width_17                                       | 1845	 (12920, 35)             | 11.30     (-0.49)
	Total_white_cell_count_18                                                  | 1845	 (12920, 35)             | 2.60      (-0.50)
	............................................................new week............................................................
	Nasal_steroids_optimal                                                     | 1862	 (13039, 35)             | nan       (nan)
	Nasal_steroids_optimal                                                     | 1862	 (13039, 35)             | nan       (nan)
	Nasal_steroids_optimal                                                     | 1862	 (13040, 35)             | nan       (nan)
	............................................................new week............................................................
	Nasal_steroids_optimal                                                     | 1872	 (13110, 35)             | nan       (nan)
	............................................................new week............................................................
	Haemoglobin_estimation_9                                                   | 1895	 (13271, 36)             | 148.00    (-0.02)
	Lymphocyte_count_20                                                        | 1895	 (13271, 36)             | 1.70      (-0.49)
	Mean_corpusc_Hb_conc__MCHC__14                                             | 1895	 (13271, 36)             | 331.00    (0.16)
	Mean_corpusc_haemoglobin_MCH__13                                           | 1895	 (13271, 36)             | 31.20     (-0.19)
	Mean_corpuscular_volume__MCV__11                                           | 1895	 (13271, 36)             | 94.10     (-0.15)
	Monocyte_count_23                                                          | 1895	 (13271, 36)             | 0.40      (-0.48)
	Neutrophil_count_19                                                        | 1895	 (13271, 36)             | 1.40      (-0.47)
	Platelet_count_12                                                          | 1895	 (13271, 36)             | 250.94    (-0.50)
	Red_blood_cell__RBC__count_10                                              | 1895	 (13271, 36)             | 4.74      (-0.49)
	Red_blood_cell_distribution_width_17                                       | 1895	 (13271, 36)             | 11.80     (-0.48)
	Total_white_cell_count_18                                                  | 1895	 (13271, 36)             | 3.50      (-0.50)
	............................................................new week............................................................
	Nasal_steroids_optimal                                                     | 1929	 (13505, 37)             | nan       (nan)
	ALLERGICRHINITISCONJ                                                       | 1929	 (13505, 37)             | nan       (nan)
	............................................................new week............................................................
	Diastolic_blood_pressure_5                                                 | 1982	 (13877, 38)             | 72.00     (-0.36)
	Systolic_blood_pressure_4                                                  | 1982	 (13877, 38)             | 130.00    (-0.23)
	............................................................new week............................................................
	Haemoglobin_estimation_9                                                   | 2003	 (14027, 38)             | 147.00    (-0.03)
	Lymphocyte_count_20                                                        | 2003	 (14027, 38)             | 1.30      (-0.49)
	Mean_corpusc_Hb_conc__MCHC__14                                             | 2003	 (14027, 38)             | 331.00    (0.16)
	Mean_corpusc_haemoglobin_MCH__13                                           | 2003	 (14027, 38)             | 31.10     (-0.20)
	Mean_corpuscular_volume__MCV__11                                           | 2003	 (14027, 38)             | 93.90     (-0.15)
	Monocyte_count_23                                                          | 2003	 (14027, 38)             | 0.50      (-0.47)
	Neutrophil_count_19                                                        | 2003	 (14027, 38)             | 1.20      (-0.48)
	Platelet_count_12                                                          | 2003	 (14027, 38)             | 239.01    (-0.50)
	Red_blood_cell__RBC__count_10                                              | 2003	 (14027, 38)             | 4.73      (-0.49)
	Red_blood_cell_distribution_width_17                                       | 2003	 (14027, 38)             | 12.50     (-0.48)
	Total_white_cell_count_18                                                  | 2003	 (14027, 38)             | 3.10      (-0.50)
	............................................................new week............................................................
	Nasal_steroids_optimal                                                     | 2020	 (14142, 38)             | nan       (nan)
	............................................................new week............................................................
	Body_mass_index_3                                                          | 2033	 (14234, 38)             | 23.60     (-0.35)
	Diastolic_blood_pressure_5                                                 | 2033	 (14234, 38)             | 93.00     (-0.31)
	O_E___height_1                                                             | 2033	 (14234, 38)             | 167.00    (0.08)
	O_E___weight_2                                                             | 2033	 (14234, 38)             | 66.00     (-0.40)
	Systolic_blood_pressure_4                                                  | 2033	 (14234, 38)             | 139.00    (-0.21)
	............................................................new week............................................................
	Calculated_LDL_cholesterol_level_103                                       | 2034	 (14242, 39)             | 2.50      (-0.42)
	GFR_calculated_abbreviated_MDRD_34                                         | 2034	 (14242, 39)             | 60.00     (-0.30)
	Haemoglobin_A1c_level___IFCC_standardised_6                                | 2034	 (14242, 39)             | 29.00     (-0.40)
	Haemoglobin_estimation_9                                                   | 2034	 (14242, 39)             | 143.00    (-0.04)
	Lymphocyte_count_20                                                        | 2034	 (14242, 39)             | 1.20      (-0.49)
	Mean_corpusc_Hb_conc__MCHC__14                                             | 2034	 (14242, 39)             | 335.00    (0.16)
	Mean_corpusc_haemoglobin_MCH__13                                           | 2034	 (14242, 39)             | 31.50     (-0.19)
	Mean_corpuscular_volume__MCV__11                                           | 2034	 (14242, 39)             | 93.90     (-0.15)
	Monocyte_count_23                                                          | 2034	 (14242, 39)             | 0.50      (-0.47)
	Neutrophil_count_19                                                        | 2034	 (14242, 39)             | 1.40      (-0.47)
	Non_HDL_cholesterol_level_108                                              | 2034	 (14242, 39)             | 3.00      (-0.03)
	Platelet_count_12                                                          | 2034	 (14242, 39)             | 262.86    (-0.50)
	Red_blood_cell__RBC__count_10                                              | 2034	 (14242, 39)             | 4.54      (-0.49)
	Red_blood_cell_distribution_width_17                                       | 2034	 (14242, 39)             | 12.30     (-0.48)
	Serum_HDL_cholesterol_level_100                                            | 2034	 (14242, 39)             | 3.08      (0.29)
	Serum_TSH_level_71                                                         | 2034	 (14242, 39)             | 1.15      (-0.50)
	Serum_alanine_aminotransferase_level_45                                    | 2034	 (14242, 39)             | 52.00     (-0.50)
	Serum_albumin_51                                                           | 2034	 (14242, 39)             | 43.00     (-0.27)
	Serum_alkaline_phosphatase_50                                              | 2034	 (14242, 39)             | 50.00     (-0.50)
	Serum_bilirubin_level_53                                                   | 2034	 (14242, 39)             | 17.00     (-0.48)
	Serum_cholesterol_97                                                       | 2034	 (14242, 39)             | 6.10      (-0.41)
	Serum_creatinine_31                                                        | 2034	 (14242, 39)             | 88.00     (-0.49)
	Serum_potassium_26                                                         | 2034	 (14242, 39)             | 4.40      (-0.07)
	Serum_sodium_24                                                            | 2034	 (14242, 39)             | 140.00    (-0.05)
	Serum_triglycerides_105                                                    | 2034	 (14242, 39)             | 1.10      (-0.49)
	Serum_urea_level_29                                                        | 2034	 (14242, 39)             | 5.10      (-0.01)
	Total_cholesterol_HDL_ratio_95                                             | 2034	 (14242, 39)             | 2.00      (-0.50)
	Total_white_cell_count_18                                                  | 2034	 (14242, 39)             | 3.10      (-0.50)
	............................................................new week............................................................
	SSRIs_Optimal                                                              | 2061	 (14430, 39)             | nan       (nan)
	DEPRESSION                                                                 | 2061	 (14430, 39)             | nan       (nan)
	............................................................new week............................................................
	Body_mass_index_3                                                          | 2067	 (14471, 39)             | 24.00     (-0.35)
	Diastolic_blood_pressure_5                                                 | 2067	 (14471, 39)             | 99.00     (-0.29)
	O_E___weight_2                                                             | 2067	 (14471, 39)             | 67.00     (-0.40)
	Systolic_blood_pressure_4                                                  | 2067	 (14471, 39)             | 169.00    (-0.12)
	Calculated_LDL_cholesterol_level_103                                       | 2067	 (14474, 39)             | 2.80      (-0.41)
	GFR_calculated_abbreviated_MDRD_34                                         | 2067	 (14474, 39)             | 60.00     (-0.30)
	Haemoglobin_A1c_level___IFCC_standardised_6                                | 2067	 (14474, 39)             | 32.00     (-0.39)
	Non_HDL_cholesterol_level_108                                              | 2067	 (14474, 39)             | 3.30      (0.02)
	Serum_HDL_cholesterol_level_100                                            | 2067	 (14474, 39)             | 3.07      (0.29)
	Serum_TSH_level_71                                                         | 2067	 (14474, 39)             | 1.23      (-0.50)
	Serum_alanine_aminotransferase_level_45                                    | 2067	 (14474, 39)             | 44.00     (-0.50)
	Serum_albumin_51                                                           | 2067	 (14474, 39)             | 45.00     (-0.26)
	Serum_alkaline_phosphatase_50                                              | 2067	 (14474, 39)             | 40.00     (-0.50)
	Serum_bilirubin_level_53                                                   | 2067	 (14474, 39)             | 10.00     (-0.49)
	Serum_cholesterol_97                                                       | 2067	 (14474, 39)             | 6.30      (-0.41)
	Serum_creatinine_31                                                        | 2067	 (14474, 39)             | 87.00     (-0.49)
	Serum_potassium_26                                                         | 2067	 (14474, 39)             | 5.10      (0.01)
	Serum_sodium_24                                                            | 2067	 (14474, 39)             | 141.00    (-0.04)
	Serum_triglycerides_105                                                    | 2067	 (14474, 39)             | 0.96      (-0.49)
	Serum_urea_level_29                                                        | 2067	 (14474, 39)             | 4.90      (-0.03)
	Total_cholesterol_HDL_ratio_95                                             | 2067	 (14474, 39)             | 2.10      (-0.50)
	............................................................new week............................................................
	Diastolic_blood_pressure_5                                                 | 2068	 (14478, 39)             | 95.00     (-0.30)
	Diastolic_blood_pressure_5                                                 | 2068	 (14478, 39)             | 96.00     (-0.30)
	Systolic_blood_pressure_4                                                  | 2068	 (14478, 39)             | 163.00    (-0.14)
	Systolic_blood_pressure_4                                                  | 2068	 (14478, 39)             | 174.00    (-0.11)
	............................................................new week............................................................
	Diastolic_blood_pressure_5                                                 | 2104	 (14733, 40)             | 98.00     (-0.29)
	Systolic_blood_pressure_4                                                  | 2104	 (14733, 40)             | 154.00    (-0.16)
	............................................................new week............................................................
	Diastolic_blood_pressure_5                                                 | 2105	 (14740, 40)             | 105.00    (-0.28)
	Systolic_blood_pressure_4                                                  | 2105	 (14740, 40)             | 168.00    (-0.13)
	............................................................new week............................................................
	Haematocrit_15                                                             | 2119	 (14835, 40)             | 0.42      (-0.08)
	Haemoglobin_estimation_9                                                   | 2119	 (14835, 40)             | 138.00    (-0.06)
	Lymphocyte_count_20                                                        | 2119	 (14835, 40)             | 1.00      (-0.50)
	Mean_corpusc_Hb_conc__MCHC__14                                             | 2119	 (14835, 40)             | 326.00    (0.14)
	Mean_corpusc_haemoglobin_MCH__13                                           | 2119	 (14835, 40)             | 31.00     (-0.20)
	Mean_corpuscular_volume__MCV__11                                           | 2119	 (14835, 40)             | 94.90     (-0.15)
	Monocyte_count_23                                                          | 2119	 (14835, 40)             | 0.40      (-0.48)
	Neutrophil_count_19                                                        | 2119	 (14835, 40)             | 1.60      (-0.47)
	Platelet_count_12                                                          | 2119	 (14835, 40)             | 225.01    (-0.50)
	Red_blood_cell__RBC__count_10                                              | 2119	 (14835, 40)             | 4.47      (-0.49)
	Red_blood_cell_distribution_width_17                                       | 2119	 (14835, 40)             | 12.50     (-0.48)
	Total_white_cell_count_18                                                  | 2119	 (14835, 40)             | 3.10      (-0.50)
	............................................................new week............................................................
	Body_mass_index_3                                                          | 2143	 (15007, 41)             | 23.59     (-0.35)
	Current_smoker_83                                                          | 2143	 (15007, 41)             | nan       (nan)
	Diastolic_blood_pressure_5                                                 | 2143	 (15007, 41)             | 92.00     (-0.31)
	O_E___height_1                                                             | 2143	 (15007, 41)             | 166.00    (0.08)
	O_E___weight_2                                                             | 2143	 (15007, 41)             | 65.00     (-0.40)
	Serum_HDL_cholesterol_level_100                                            | 2143	 (15007, 41)             | 2.15      (0.05)
	Serum_total_cholesterol_level_98                                           | 2143	 (15007, 41)             | 6.26      (-0.40)
	Systolic_blood_pressure_4                                                  | 2143	 (15007, 41)             | 134.00    (-0.22)
	Total_cholesterol_HDL_ratio_95                                             | 2143	 (15007, 41)             | 2.90      (-0.49)
	............................................................new week............................................................
	Nasal_steroids_optimal                                                     | 2170	 (15192, 41)             | nan       (nan)
	............................................................new week............................................................
	Nasal_steroids_optimal                                                     | 2229	 (15609, 42)             | nan       (nan)
	............................................................new week............................................................
	Mirtazapine                                                                | 2232	 (15626, 42)             | nan       (nan)
	............................................................new week............................................................
	Antihistamines_second_generation_H1_antagonists                            | 2233	 (15635, 42)             | nan       (nan)
	............................................................new week............................................................
	Mirtazapine                                                                | 2234	 (15644, 42)             | nan       (nan)
	............................................................new week............................................................
	Mirtazapine                                                                | 2235	 (15651, 42)             | nan       (nan)
	Nasal_steroids_optimal                                                     | 2235	 (15651, 42)             | nan       (nan)
	............................................................new week............................................................
	Mirtazapine                                                                | 2239	 (15674, 42)             | nan       (nan)
	............................................................new week............................................................
	Mirtazapine                                                                | 2243	 (15703, 43)             | nan       (nan)
	............................................................new week............................................................
	Mirtazapine                                                                | 2247	 (15733, 43)             | nan       (nan)
	............................................................new week............................................................
	Mirtazapine                                                                | 2253	 (15772, 43)             | nan       (nan)
	............................................................new week............................................................
	Mirtazapine                                                                | 2259	 (15815, 43)             | nan       (nan)
	............................................................new week............................................................
	Body_mass_index_3                                                          | 2263	 (15845, 43)             | 23.01     (-0.36)
	Diastolic_blood_pressure_5                                                 | 2263	 (15845, 43)             | 83.00     (-0.33)
	O_E___weight_2                                                             | 2263	 (15845, 43)             | 63.40     (-0.40)
	Systolic_blood_pressure_4                                                  | 2263	 (15845, 43)             | 142.00    (-0.20)
	............................................................new week............................................................
	Mirtazapine                                                                | 2266	 (15865, 43)             | nan       (nan)
	............................................................new week............................................................
	Nasal_steroids_optimal                                                     | 2273	 (15913, 43)             | nan       (nan)
	Mirtazapine                                                                | 2273	 (15914, 43)             | nan       (nan)

========================================================================================================================
DIAGNOSIS SUMMARY
['ALCOHOLMISUSE_V2', 'ALLERGICRHINITISCONJ', 'DEPRESSION']
========================================================================================================================


PREDICTED FUTURE EVENTS
========================================================================================================================
	EVENT                                                                     | AGE IN WEEKS (days, years)  | VALUE
	Antihistamines_second_generation_H1_antagonists                            | 2273	 (15916, 43)             | nan       (nan)
	............................................................new week............................................................
	Antihistamines_second_generation_H1_antagonists                            | 2276	 (15935, 43)             | nan       (nan)
	............................................................new week............................................................
	OCS_PUSHAsthma2                                                            | 2277	 (15944, 43)             | nan       (nan)
	Systemic_oral_corticosteroids_optimal                                      | 2277	 (15944, 43)             | nan       (nan)
	............................................................new week............................................................
	Diastolic_blood_pressure_5                                                 | 2283	 (15982, 43)             | 96.03     (-0.30)
	............................................................new week............................................................
	Systolic_blood_pressure_4                                                  | 2284	 (15988, 43)             | 152.34    (-0.17)
	............................................................new week............................................................
	Mirtazapine                                                                | 2285	 (15999, 43)             | nan       (nan)
	............................................................new week............................................................
	Mirtazapine                                                                | 2286	 (16008, 43)             | nan       (nan)
	............................................................new week............................................................
	Nasal_steroids_optimal                                                     | 2290	 (16035, 43)             | nan       (nan)
	............................................................new week............................................................
	Mirtazapine                                                                | 2292	 (16044, 43)             | nan       (nan)
	............................................................new week............................................................
	Mirtazapine                                                                | 2294	 (16061, 44)             | nan       (nan)
	Mirtazapine                                                                | 2294	 (16062, 44)             | nan       (nan)
	Mirtazapine                                                                | 2294	 (16062, 44)             | nan       (nan)
	............................................................new week............................................................
	Nasal_steroids_optimal                                                     | 2302	 (16119, 44)             | nan       (nan)
	............................................................new week............................................................
	Vitamin_D                                                                  | 2305	 (16136, 44)             | nan       (nan)
	............................................................new week............................................................
	Serum_alanine_aminotransferase_level_45                                    | 2309	 (16167, 44)             | 105.90    (-0.50)
	Serum_albumin_51                                                           | 2309	 (16167, 44)             | 38.73     (-0.29)
	Serum_alkaline_phosphatase_50                                              | 2309	 (16167, 44)             | 14.88     (-0.50)
	Serum_bilirubin_level_53                                                   | 2309	 (16167, 44)             | 19.54     (-0.48)
	............................................................new week............................................................
	Mirtazapine                                                                | 2310	 (16172, 44)             | nan       (nan)
	............................................................new week............................................................
	Nasal_steroids_optimal                                                     | 2312	 (16185, 44)             | nan       (nan)
	............................................................new week............................................................
	Mirtazapine                                                                | 2317	 (16223, 44)             | nan       (nan)
	............................................................new week............................................................
	NSAIDS_oral_OPTIMAL_final                                                  | 2321	 (16247, 44)             | nan       (nan)
	Nasal_steroids_optimal                                                     | 2321	 (16251, 44)             | nan       (nan)
	............................................................new week............................................................
	Basophil_count_22                                                          | 2333	 (16331, 44)             | 0.18      (-0.47)
	Calculated_LDL_cholesterol_level_103                                       | 2333	 (16333, 44)             | 2.91      (-0.40)
	GFR_calculated_abbreviated_MDRD_34                                         | 2333	 (16333, 44)             | 57.33     (-0.31)
	Haemoglobin_A1c_level___IFCC_standardised_6                                | 2333	 (16335, 44)             | 35.01     (-0.38)
	Serum_HDL_cholesterol_level_100                                            | 2333	 (16335, 44)             | 2.56      (0.16)
	Serum_alanine_aminotransferase_level_45                                    | 2333	 (16335, 44)             | 68.44     (-0.50)
	Serum_albumin_51                                                           | 2333	 (16335, 44)             | 41.75     (-0.28)
	Serum_alkaline_phosphatase_50                                              | 2333	 (16336, 44)             | 135.59    (-0.49)
	Serum_bilirubin_level_53                                                   | 2333	 (16336, 44)             | 17.97     (-0.48)
	Serum_cholesterol_97                                                       | 2333	 (16336, 44)             | 5.92      (-0.41)
	Serum_creatinine_31                                                        | 2333	 (16336, 44)             | 133.74    (-0.49)
	Serum_potassium_26                                                         | 2333	 (16336, 44)             | 3.70      (-0.14)
	............................................................new week............................................................
	Serum_sodium_24                                                            | 2334	 (16338, 44)             | 135.96    (-0.08)
	Serum_triglycerides_105                                                    | 2334	 (16340, 44)             | 2.25      (-0.48)
	............................................................new week............................................................
	AllHIVdrugs_HIV                                                            | 2337	 (16360, 44)             | nan       (nan)
	SSRIs_Optimal                                                              | 2337	 (16362, 44)             | nan       (nan)
	............................................................new week............................................................
	Nasal_steroids_optimal                                                     | 2340	 (16384, 44)             | nan       (nan)
	............................................................new week............................................................
	Mirtazapine                                                                | 2342	 (16400, 44)             | nan       (nan)
	............................................................new week............................................................
	Mirtazapine                                                                | 2343	 (16404, 44)             | nan       (nan)
	............................................................new week............................................................
	Body_mass_index_3                                                          | 2345	 (16417, 44)             | 21.06     (-0.37)
	Diastolic_blood_pressure_5                                                 | 2345	 (16417, 44)             | 94.35     (-0.30)
	Haemoglobin_A1c_level___IFCC_standardised_6                                | 2345	 (16417, 44)             | 35.54     (-0.38)
	O_E___height_1                                                             | 2345	 (16419, 44)             | 167.45    (0.09)
	O_E___weight_2                                                             | 2345	 (16419, 44)             | 56.11     (-0.41)
	............................................................new week............................................................
	Mirtazapine                                                                | 2346	 (16426, 45)             | nan       (nan)
	............................................................new week............................................................
	Mirtazapine                                                                | 2350	 (16452, 45)             | nan       (nan)
	............................................................new week............................................................
	Mirtazapine                                                                | 2353	 (16472, 45)             | nan       (nan)
	............................................................new week............................................................
	Antihistamines_second_generation_H1_antagonists                            | 2362	 (16534, 45)             | nan       (nan)
	............................................................new week............................................................
	Mirtazapine                                                                | 2364	 (16550, 45)             | nan       (nan)
	Nasal_steroids_optimal                                                     | 2364	 (16552, 45)             | nan       (nan)
	Mirtazapine                                                                | 2364	 (16554, 45)             | nan       (nan)
	............................................................new week............................................................
	Nasal_steroids_optimal                                                     | 2367	 (16570, 45)             | nan       (nan)
	Mirtazapine                                                                | 2367	 (16570, 45)             | nan       (nan)
	............................................................new week............................................................
	Diastolic_blood_pressure_5                                                 | 2370	 (16590, 45)             | 83.10     (-0.33)
	Systolic_blood_pressure_4                                                  | 2370	 (16594, 45)             | 128.60    (-0.23)
	............................................................new week............................................................
	Mirtazapine                                                                | 2372	 (16607, 45)             | nan       (nan)
	............................................................new week............................................................
	Current_smoker_83                                                          | 2374	 (16621, 45)             | 7.83      (-0.40)
	............................................................new week............................................................
	Paracetamol_OPTIMAL                                                        | 2376	 (16636, 45)             | nan       (nan)
	............................................................new week............................................................
	Diastolic_blood_pressure_5                                                 | 2379	 (16653, 45)             | 96.80     (-0.30)
	Systolic_blood_pressure_4                                                  | 2379	 (16653, 45)             | 154.25    (-0.16)
	............................................................new week............................................................
	Mirtazapine                                                                | 2383	 (16687, 45)             | nan       (nan)
	............................................................new week............................................................
	Mirtazapine                                                                | 2385	 (16698, 45)             | nan       (nan)
	............................................................new week............................................................
	Paracetamol_OPTIMAL                                                        | 2393	 (16753, 45)             | nan       (nan)
	............................................................new week............................................................
	Mirtazapine                                                                | 2401	 (16813, 46)             | nan       (nan)
	............................................................new week............................................................
	Nasal_steroids_optimal                                                     | 2402	 (16815, 46)             | nan       (nan)
	Mirtazapine                                                                | 2402	 (16817, 46)             | nan       (nan)
	Nasal_steroids_optimal                                                     | 2402	 (16817, 46)             | nan       (nan)
	Mirtazapine                                                                | 2402	 (16817, 46)             | nan       (nan)
	Mirtazapine                                                                | 2402	 (16819, 46)             | nan       (nan)
	............................................................new week............................................................
	Nasal_steroids_optimal                                                     | 2404	 (16830, 46)             | nan       (nan)
	NSAIDS_oral_OPTIMAL_final                                                  | 2404	 (16832, 46)             | nan       (nan)
	phosphodiesterasetype5inhibitor_OPTIMAL                                    | 2404	 (16833, 46)             | nan       (nan)
	............................................................new week............................................................
	Nasal_steroids_optimal                                                     | 2412	 (16885, 46)             | nan       (nan)
	Mirtazapine                                                                | 2412	 (16885, 46)             | nan       (nan)
	............................................................new week............................................................
	Nasal_steroids_optimal                                                     | 2414	 (16901, 46)             | nan       (nan)
	............................................................new week............................................................
	Mirtazapine                                                                | 2415	 (16910, 46)             | nan       (nan)
	Nasal_steroids_optimal                                                     | 2415	 (16910, 46)             | nan       (nan)
	............................................................new week............................................................
	Nasal_steroids_optimal                                                     | 2418	 (16927, 46)             | nan       (nan)
	............................................................new week............................................................
	phosphodiesterasetype5inhibitor_OPTIMAL                                    | 2419	 (16936, 46)             | nan       (nan)
	............................................................new week............................................................
	Mirtazapine                                                                | 2426	 (16983, 46)             | nan       (nan)
	............................................................new week............................................................
	Nasal_steroids_optimal                                                     | 2428	 (16996, 46)             | nan       (nan)
	............................................................new week............................................................
	Mirtazapine                                                                | 2434	 (17038, 46)             | nan       (nan)
	Nasal_steroids_optimal                                                     | 2434	 (17040, 46)             | nan       (nan)
	SSRIs_Optimal                                                              | 2434	 (17043, 46)             | nan       (nan)
	............................................................new week............................................................
	Mirtazapine                                                                | 2439	 (17075, 46)             | nan       (nan)
	............................................................new week............................................................
	Nasal_steroids_optimal                                                     | 2441	 (17091, 46)             | nan       (nan)
	............................................................new week............................................................
	Mirtazapine                                                                | 2457	 (17204, 47)             | nan       (nan)
	............................................................new week............................................................
	Nasal_steroids_optimal                                                     | 2458	 (17208, 47)             | nan       (nan)
	............................................................new week............................................................
	Mirtazapine                                                                | 2459	 (17219, 47)             | nan       (nan)
	............................................................new week............................................................
	Mirtazapine                                                                | 2464	 (17254, 47)             | nan       (nan)
	............................................................new week............................................................
	Mirtazapine                                                                | 2466	 (17263, 47)             | nan       (nan)
	............................................................new week............................................................
	Mirtazapine                                                                | 2474	 (17323, 47)             | nan       (nan)
	............................................................new week............................................................
	Nasal_steroids_optimal                                                     | 2477	 (17343, 47)             | nan       (nan)
	............................................................new week............................................................
	Anticonvulsants_OPTIMAL                                                    | 2479	 (17358, 47)             | nan       (nan)
	............................................................new week............................................................
	Anticonvulsants_OPTIMAL                                                    | 2481	 (17372, 47)             | nan       (nan)
	............................................................new week............................................................
	PropranololAnxiety_mumpredict                                              | 2482	 (17378, 47)             | nan       (nan)
	Haemoglobin_A1c_level___IFCC_standardised_6                                | 2482	 (17378, 47)             | 34.48     (-0.38)
	............................................................new week............................................................
	Haemoglobin_A1c_level___IFCC_standardised_6                                | 2484	 (17391, 47)             | 29.89     (-0.40)
	Serum_HDL_cholesterol_level_100                                            | 2484	 (17392, 47)             | 2.08      (0.03)
	Serum_cholesterol_97                                                       | 2484	 (17394, 47)             | 5.93      (-0.41)
	Serum_cholesterol_HDL_ratio_94                                             | 2484	 (17394, 47)             | 3.48      (-0.49)
	............................................................new week............................................................
	Serum_non_high_density_lipoprotein_cholesterol_level_107                   | 2485	 (17398, 47)             | 3.15      (0.31)
	Serum_folate_80                                                            | 2485	 (17400, 47)             | 6.74      (-0.05)
	Serum_total_25_hydroxy_vitamin_D_level_87                                  | 2485	 (17400, 47)             | 85.29     (0.23)
	............................................................new week............................................................
	Serum_vitamin_B12_79                                                       | 2486	 (17405, 47)             | 724.99    (-0.46)
	Vitamin_D                                                                  | 2486	 (17405, 47)             | nan       (nan)
	............................................................new week............................................................
	Ex_smoker_84                                                               | 2487	 (17414, 47)             | 3.54      (-0.46)
	............................................................new week............................................................
	Mirtazapine                                                                | 2495	 (17465, 47)             | nan       (nan)
	............................................................new week............................................................
	Mirtazapine                                                                | 2505	 (17540, 48)             | nan       (nan)
	............................................................new week............................................................
	Haemoglobin_A1c_level___IFCC_standardised_6                                | 2507	 (17555, 48)             | 37.59     (-0.37)
	............................................................new week............................................................
	Serum_HDL_cholesterol_level_100                                            | 2508	 (17557, 48)             | 2.20      (0.07)
	Serum_HDL_cholesterol_level_100                                            | 2508	 (17557, 48)             | 1.66      (-0.07)
	Serum_alanine_aminotransferase_level_45                                    | 2508	 (17557, 48)             | 5.65      (-0.50)
	Serum_albumin_51                                                           | 2508	 (17557, 48)             | 41.79     (-0.28)
	Serum_alkaline_phosphatase_50                                              | 2508	 (17559, 48)             | 80.24     (-0.50)
	Serum_bilirubin_level_53                                                   | 2508	 (17560, 48)             | 7.63      (-0.49)
	Serum_cholesterol_97                                                       | 2508	 (17562, 48)             | 4.43      (-0.44)
	............................................................new week............................................................
	Serum_cholesterol_HDL_ratio_94                                             | 2509	 (17564, 48)             | 2.48      (-0.49)
	Serum_non_high_density_lipoprotein_cholesterol_level_107                   | 2509	 (17564, 48)             | 2.63      (0.18)
	Serum_triglycerides_105                                                    | 2509	 (17564, 48)             | 0.04      (-0.50)
	Mirtazapine                                                                | 2509	 (17564, 48)             | nan       (nan)
	............................................................new week............................................................
	Paracetamol_OPTIMAL                                                        | 2511	 (17577, 48)             | nan       (nan)
	............................................................new week............................................................
	Mirtazapine                                                                | 2512	 (17590, 48)             | nan       (nan)
	............................................................new week............................................................
	Nasal_steroids_optimal                                                     | 2516	 (17613, 48)             | nan       (nan)
	............................................................new week............................................................
	Body_mass_index_3                                                          | 2517	 (17623, 48)             | 23.97     (-0.35)
	NSAIDS_oral_OPTIMAL_final                                                  | 2517	 (17623, 48)             | nan       (nan)
	Nasal_steroids_optimal                                                     | 2517	 (17624, 48)             | nan       (nan)
	............................................................new week............................................................
	Mirtazapine                                                                | 2522	 (17655, 48)             | nan       (nan)
	............................................................new week............................................................
	Nasal_steroids_optimal                                                     | 2523	 (17666, 48)             | nan       (nan)
	............................................................new week............................................................
	First_gen_H1_antihistamines                                                | 2524	 (17668, 48)             | nan       (nan)
	Mirtazapine                                                                | 2524	 (17668, 48)             | nan       (nan)
	............................................................new week............................................................
	Nasal_steroids_optimal                                                     | 2526	 (17683, 48)             | nan       (nan)
	Mirtazapine                                                                | 2526	 (17683, 48)             | nan       (nan)
	............................................................new week............................................................
	Mirtazapine                                                                | 2531	 (17719, 48)             | nan       (nan)
	............................................................new week............................................................
	Mirtazapine                                                                | 2535	 (17745, 48)             | nan       (nan)
	Mirtazapine                                                                | 2535	 (17745, 48)             | nan       (nan)
	Mirtazapine                                                                | 2535	 (17745, 48)             | nan       (nan)
	............................................................new week............................................................
	Nasal_steroids_optimal                                                     | 2542	 (17796, 48)             | nan       (nan)
	............................................................new week............................................................
	Mirtazapine                                                                | 2543	 (17805, 48)             | nan       (nan)
	............................................................new week............................................................
	Nasal_steroids_optimal                                                     | 2544	 (17809, 48)             | nan       (nan)
	............................................................new week............................................................
	Basophil_count_22                                                          | 2548	 (17836, 48)             | 0.01      (-0.49)
	Calculated_LDL_cholesterol_level_103                                       | 2548	 (17840, 48)             | 3.78      (-0.37)
	............................................................new week............................................................
	Serum_HDL_cholesterol_level_100                                            | 2549	 (17847, 48)             | 2.05      (0.03)
	Serum_cholesterol_97                                                       | 2549	 (17849, 48)             | 6.50      (-0.40)
	Serum_cholesterol_HDL_ratio_94                                             | 2549	 (17849, 48)             | 3.20      (-0.49)
	Serum_non_high_density_lipoprotein_cholesterol_level_107                   | 2549	 (17849, 48)             | 3.78      (0.47)
