STATIC INFORMATION
========================================================================================================================
	SEX:               M
	IMD:               5.0
	ETHNICITY:         BLACK
	birth_year:        1978.0


GIVEN PATIENT CONTEXT
========================================================================================================================
	EVENT                                                                     | AGE IN WEEKS (days, years)   | VALUE
	............................................................new week............................................................
	ALCOHOLMISUSE_V2                                                           | 1777	 (12445, 34)             | nan       (nan)
	............................................................new week............................................................
	Body_mass_index_3                                                          | 1778	 (12449, 34)             | 25.20     (-0.34)
	Diastolic_blood_pressure_5                                                 | 1778	 (12449, 34)             | 80.00     (-0.34)
	O_E___height_1                                                             | 1778	 (12449, 34)             | 167.00    (0.08)
	O_E___weight_2                                                             | 1778	 (12449, 34)             | 70.20     (-0.39)
	Systolic_blood_pressure_4                                                  | 1778	 (12449, 34)             | 142.00    (-0.20)
	............................................................new week............................................................
	Nasal_steroids_optimal                                                     | 1814	 (12701, 34)             | nan       (nan)
	............................................................new week............................................................
	Nasal_steroids_optimal                                                     | 1820	 (12745, 34)             | nan       (nan)
	............................................................new week............................................................
	GFR_calculated_abbreviated_MDRD_34                                         | 1830	 (12816, 35)             | nan       (nan)
	Haemoglobin_estimation_9                                                   | 1830	 (12816, 35)             | 143.00    (-0.04)
	Lymphocyte_count_20                                                        | 1830	 (12816, 35)             | 0.90      (-0.50)
	Mean_corpusc_Hb_conc__MCHC__14                                             | 1830	 (12816, 35)             | 322.00    (0.14)
	Mean_corpusc_haemoglobin_MCH__13                                           | 1830	 (12816, 35)             | 30.60     (-0.20)
	Mean_corpuscular_volume__MCV__11                                           | 1830	 (12816, 35)             | 95.20     (-0.14)
	Monocyte_count_23                                                          | 1830	 (12816, 35)             | 0.20      (-0.49)
	Neutrophil_count_19                                                        | 1830	 (12816, 35)             | 1.00      (-0.48)
	Platelet_count_12                                                          | 1830	 (12816, 35)             | 258.09    (-0.50)
	Red_blood_cell__RBC__count_10                                              | 1830	 (12816, 35)             | 4.69      (-0.49)
	Red_blood_cell_distribution_width_17                                       | 1830	 (12816, 35)             | 12.80     (-0.47)
	Serum_C_reactive_protein_level_59                                          | 1830	 (12816, 35)             | 4.00      (-0.03)
	Serum_alanine_aminotransferase_level_45                                    | 1830	 (12816, 35)             | 44.00     (-0.50)
	Serum_albumin_51                                                           | 1830	 (12816, 35)             | 42.00     (-0.28)
	Serum_alkaline_phosphatase_50                                              | 1830	 (12816, 35)             | 32.00     (-0.50)
	Serum_bilirubin_level_53                                                   | 1830	 (12816, 35)             | 13.00     (-0.48)
	Serum_creatinine_31                                                        | 1830	 (12816, 35)             | 85.00     (-0.49)
	Serum_gamma_glutamyl_transferase_level_57                                  | 1830	 (12816, 35)             | 38.00     (0.04)
	Serum_potassium_26                                                         | 1830	 (12816, 35)             | 4.10      (-0.10)
	Serum_sodium_24                                                            | 1830	 (12816, 35)             | 139.00    (-0.05)
	Serum_urea_level_29                                                        | 1830	 (12816, 35)             | 6.50      (0.13)
	Total_white_cell_count_18                                                  | 1830	 (12816, 35)             | 2.20      (-0.50)
	............................................................new week............................................................
	Haemoglobin_estimation_9                                                   | 1834	 (12842, 35)             | 148.00    (-0.02)
	Lymphocyte_count_20                                                        | 1834	 (12842, 35)             | 0.90      (-0.50)
	Mean_corpusc_Hb_conc__MCHC__14                                             | 1834	 (12842, 35)             | 317.00    (0.13)
	Mean_corpusc_haemoglobin_MCH__13                                           | 1834	 (12842, 35)             | 30.50     (-0.20)
	Mean_corpuscular_volume__MCV__11                                           | 1834	 (12842, 35)             | 96.30     (-0.14)
	Monocyte_count_23                                                          | 1834	 (12842, 35)             | 0.30      (-0.48)
	Neutrophil_count_19                                                        | 1834	 (12842, 35)             | 1.30      (-0.47)
	Platelet_count_12                                                          | 1834	 (12842, 35)             | 227.99    (-0.50)
	Red_blood_cell__RBC__count_10                                              | 1834	 (12842, 35)             | 4.86      (-0.49)
	Red_blood_cell_distribution_width_17                                       | 1834	 (12842, 35)             | 12.20     (-0.48)
	Total_white_cell_count_18                                                  | 1834	 (12842, 35)             | 2.60      (-0.50)
	............................................................new week............................................................
	Haemoglobin_estimation_9                                                   | 1845	 (12920, 35)             | 151.00    (-0.01)
	Lymphocyte_count_20                                                        | 1845	 (12920, 35)             | 1.20      (-0.49)
	Mean_corpusc_Hb_conc__MCHC__14                                             | 1845	 (12920, 35)             | 322.00    (0.14)
	Mean_corpusc_haemoglobin_MCH__13                                           | 1845	 (12920, 35)             | 30.60     (-0.20)
	Mean_corpuscular_volume__MCV__11                                           | 1845	 (12920, 35)             | 95.00     (-0.15)
	Monocyte_count_23                                                          | 1845	 (12920, 35)             | 0.30      (-0.48)
	Neutrophil_count_19                                                        | 1845	 (12920, 35)             | 1.10      (-0.48)
	Platelet_count_12                                                          | 1845	 (12920, 35)             | 275.08    (-0.50)
	Red_blood_cell__RBC__count_10                                              | 1845	 (12920, 35)             | 4.93      (-0.49)
	Red_blood_cell_distribution_width_17                                       | 1845	 (12920, 35)             | 11.30     (-0.49)
	Total_white_cell_count_18                                                  | 1845	 (12920, 35)             | 2.60      (-0.50)
	............................................................new week............................................................
	Nasal_steroids_optimal                                                     | 1862	 (13039, 35)             | nan       (nan)
	Nasal_steroids_optimal                                                     | 1862	 (13039, 35)             | nan       (nan)
	Nasal_steroids_optimal                                                     | 1862	 (13040, 35)             | nan       (nan)
	............................................................new week............................................................
	Nasal_steroids_optimal                                                     | 1872	 (13110, 35)             | nan       (nan)
	............................................................new week............................................................
	Haemoglobin_estimation_9                                                   | 1895	 (13271, 36)             | 148.00    (-0.02)
	Lymphocyte_count_20                                                        | 1895	 (13271, 36)             | 1.70      (-0.49)
	Mean_corpusc_Hb_conc__MCHC__14                                             | 1895	 (13271, 36)             | 331.00    (0.16)
	Mean_corpusc_haemoglobin_MCH__13                                           | 1895	 (13271, 36)             | 31.20     (-0.19)
	Mean_corpuscular_volume__MCV__11                                           | 1895	 (13271, 36)             | 94.10     (-0.15)
	Monocyte_count_23                                                          | 1895	 (13271, 36)             | 0.40      (-0.48)
	Neutrophil_count_19                                                        | 1895	 (13271, 36)             | 1.40      (-0.47)
	Platelet_count_12                                                          | 1895	 (13271, 36)             | 250.94    (-0.50)
	Red_blood_cell__RBC__count_10                                              | 1895	 (13271, 36)             | 4.74      (-0.49)
	Red_blood_cell_distribution_width_17                                       | 1895	 (13271, 36)             | 11.80     (-0.48)
	Total_white_cell_count_18                                                  | 1895	 (13271, 36)             | 3.50      (-0.50)
	............................................................new week............................................................
	Nasal_steroids_optimal                                                     | 1929	 (13505, 37)             | nan       (nan)
	ALLERGICRHINITISCONJ                                                       | 1929	 (13505, 37)             | nan       (nan)
	............................................................new week............................................................
	Diastolic_blood_pressure_5                                                 | 1982	 (13877, 38)             | 72.00     (-0.36)
	Systolic_blood_pressure_4                                                  | 1982	 (13877, 38)             | 130.00    (-0.23)
	............................................................new week............................................................
	Haemoglobin_estimation_9                                                   | 2003	 (14027, 38)             | 147.00    (-0.03)
	Lymphocyte_count_20                                                        | 2003	 (14027, 38)             | 1.30      (-0.49)
	Mean_corpusc_Hb_conc__MCHC__14                                             | 2003	 (14027, 38)             | 331.00    (0.16)
	Mean_corpusc_haemoglobin_MCH__13                                           | 2003	 (14027, 38)             | 31.10     (-0.20)
	Mean_corpuscular_volume__MCV__11                                           | 2003	 (14027, 38)             | 93.90     (-0.15)
	Monocyte_count_23                                                          | 2003	 (14027, 38)             | 0.50      (-0.47)
	Neutrophil_count_19                                                        | 2003	 (14027, 38)             | 1.20      (-0.48)
	Platelet_count_12                                                          | 2003	 (14027, 38)             | 239.01    (-0.50)
	Red_blood_cell__RBC__count_10                                              | 2003	 (14027, 38)             | 4.73      (-0.49)
	Red_blood_cell_distribution_width_17                                       | 2003	 (14027, 38)             | 12.50     (-0.48)
	Total_white_cell_count_18                                                  | 2003	 (14027, 38)             | 3.10      (-0.50)
	............................................................new week............................................................
	Nasal_steroids_optimal                                                     | 2020	 (14142, 38)             | nan       (nan)
	............................................................new week............................................................
	Body_mass_index_3                                                          | 2033	 (14234, 38)             | 23.60     (-0.35)
	Diastolic_blood_pressure_5                                                 | 2033	 (14234, 38)             | 93.00     (-0.31)
	O_E___height_1                                                             | 2033	 (14234, 38)             | 167.00    (0.08)
	O_E___weight_2                                                             | 2033	 (14234, 38)             | 66.00     (-0.40)
	Systolic_blood_pressure_4                                                  | 2033	 (14234, 38)             | 139.00    (-0.21)
	............................................................new week............................................................
	Calculated_LDL_cholesterol_level_103                                       | 2034	 (14242, 39)             | 2.50      (-0.42)
	GFR_calculated_abbreviated_MDRD_34                                         | 2034	 (14242, 39)             | 60.00     (-0.30)
	Haemoglobin_A1c_level___IFCC_standardised_6                                | 2034	 (14242, 39)             | 29.00     (-0.40)
	Haemoglobin_estimation_9                                                   | 2034	 (14242, 39)             | 143.00    (-0.04)
	Lymphocyte_count_20                                                        | 2034	 (14242, 39)             | 1.20      (-0.49)
	Mean_corpusc_Hb_conc__MCHC__14                                             | 2034	 (14242, 39)             | 335.00    (0.16)
	Mean_corpusc_haemoglobin_MCH__13                                           | 2034	 (14242, 39)             | 31.50     (-0.19)
	Mean_corpuscular_volume__MCV__11                                           | 2034	 (14242, 39)             | 93.90     (-0.15)
	Monocyte_count_23                                                          | 2034	 (14242, 39)             | 0.50      (-0.47)
	Neutrophil_count_19                                                        | 2034	 (14242, 39)             | 1.40      (-0.47)
	Non_HDL_cholesterol_level_108                                              | 2034	 (14242, 39)             | 3.00      (-0.03)
	Platelet_count_12                                                          | 2034	 (14242, 39)             | 262.86    (-0.50)
	Red_blood_cell__RBC__count_10                                              | 2034	 (14242, 39)             | 4.54      (-0.49)
	Red_blood_cell_distribution_width_17                                       | 2034	 (14242, 39)             | 12.30     (-0.48)
	Serum_HDL_cholesterol_level_100                                            | 2034	 (14242, 39)             | 3.08      (0.29)
	Serum_TSH_level_71                                                         | 2034	 (14242, 39)             | 1.15      (-0.50)
	Serum_alanine_aminotransferase_level_45                                    | 2034	 (14242, 39)             | 52.00     (-0.50)
	Serum_albumin_51                                                           | 2034	 (14242, 39)             | 43.00     (-0.27)
	Serum_alkaline_phosphatase_50                                              | 2034	 (14242, 39)             | 50.00     (-0.50)
	Serum_bilirubin_level_53                                                   | 2034	 (14242, 39)             | 17.00     (-0.48)
	Serum_cholesterol_97                                                       | 2034	 (14242, 39)             | 6.10      (-0.41)
	Serum_creatinine_31                                                        | 2034	 (14242, 39)             | 88.00     (-0.49)
	Serum_potassium_26                                                         | 2034	 (14242, 39)             | 4.40      (-0.07)
	Serum_sodium_24                                                            | 2034	 (14242, 39)             | 140.00    (-0.05)
	Serum_triglycerides_105                                                    | 2034	 (14242, 39)             | 1.10      (-0.49)
	Serum_urea_level_29                                                        | 2034	 (14242, 39)             | 5.10      (-0.01)
	Total_cholesterol_HDL_ratio_95                                             | 2034	 (14242, 39)             | 2.00      (-0.50)
	Total_white_cell_count_18                                                  | 2034	 (14242, 39)             | 3.10      (-0.50)
	............................................................new week............................................................
	SSRIs_Optimal                                                              | 2061	 (14430, 39)             | nan       (nan)
	DEPRESSION                                                                 | 2061	 (14430, 39)             | nan       (nan)
	............................................................new week............................................................
	Body_mass_index_3                                                          | 2067	 (14471, 39)             | 24.00     (-0.35)
	Diastolic_blood_pressure_5                                                 | 2067	 (14471, 39)             | 99.00     (-0.29)
	O_E___weight_2                                                             | 2067	 (14471, 39)             | 67.00     (-0.40)
	Systolic_blood_pressure_4                                                  | 2067	 (14471, 39)             | 169.00    (-0.12)
	Calculated_LDL_cholesterol_level_103                                       | 2067	 (14474, 39)             | 2.80      (-0.41)
	GFR_calculated_abbreviated_MDRD_34                                         | 2067	 (14474, 39)             | 60.00     (-0.30)
	Haemoglobin_A1c_level___IFCC_standardised_6                                | 2067	 (14474, 39)             | 32.00     (-0.39)
	Non_HDL_cholesterol_level_108                                              | 2067	 (14474, 39)             | 3.30      (0.02)
	Serum_HDL_cholesterol_level_100                                            | 2067	 (14474, 39)             | 3.07      (0.29)
	Serum_TSH_level_71                                                         | 2067	 (14474, 39)             | 1.23      (-0.50)
	Serum_alanine_aminotransferase_level_45                                    | 2067	 (14474, 39)             | 44.00     (-0.50)
	Serum_albumin_51                                                           | 2067	 (14474, 39)             | 45.00     (-0.26)
	Serum_alkaline_phosphatase_50                                              | 2067	 (14474, 39)             | 40.00     (-0.50)
	Serum_bilirubin_level_53                                                   | 2067	 (14474, 39)             | 10.00     (-0.49)
	Serum_cholesterol_97                                                       | 2067	 (14474, 39)             | 6.30      (-0.41)
	Serum_creatinine_31                                                        | 2067	 (14474, 39)             | 87.00     (-0.49)
	Serum_potassium_26                                                         | 2067	 (14474, 39)             | 5.10      (0.01)
	Serum_sodium_24                                                            | 2067	 (14474, 39)             | 141.00    (-0.04)
	Serum_triglycerides_105                                                    | 2067	 (14474, 39)             | 0.96      (-0.49)
	Serum_urea_level_29                                                        | 2067	 (14474, 39)             | 4.90      (-0.03)
	Total_cholesterol_HDL_ratio_95                                             | 2067	 (14474, 39)             | 2.10      (-0.50)
	............................................................new week............................................................
	Diastolic_blood_pressure_5                                                 | 2068	 (14478, 39)             | 95.00     (-0.30)
	Diastolic_blood_pressure_5                                                 | 2068	 (14478, 39)             | 96.00     (-0.30)
	Systolic_blood_pressure_4                                                  | 2068	 (14478, 39)             | 163.00    (-0.14)
	Systolic_blood_pressure_4                                                  | 2068	 (14478, 39)             | 174.00    (-0.11)
	............................................................new week............................................................
	Diastolic_blood_pressure_5                                                 | 2104	 (14733, 40)             | 98.00     (-0.29)
	Systolic_blood_pressure_4                                                  | 2104	 (14733, 40)             | 154.00    (-0.16)
	............................................................new week............................................................
	Diastolic_blood_pressure_5                                                 | 2105	 (14740, 40)             | 105.00    (-0.28)
	Systolic_blood_pressure_4                                                  | 2105	 (14740, 40)             | 168.00    (-0.13)
	............................................................new week............................................................
	Haematocrit_15                                                             | 2119	 (14835, 40)             | 0.42      (-0.08)
	Haemoglobin_estimation_9                                                   | 2119	 (14835, 40)             | 138.00    (-0.06)
	Lymphocyte_count_20                                                        | 2119	 (14835, 40)             | 1.00      (-0.50)
	Mean_corpusc_Hb_conc__MCHC__14                                             | 2119	 (14835, 40)             | 326.00    (0.14)
	Mean_corpusc_haemoglobin_MCH__13                                           | 2119	 (14835, 40)             | 31.00     (-0.20)
	Mean_corpuscular_volume__MCV__11                                           | 2119	 (14835, 40)             | 94.90     (-0.15)
	Monocyte_count_23                                                          | 2119	 (14835, 40)             | 0.40      (-0.48)
	Neutrophil_count_19                                                        | 2119	 (14835, 40)             | 1.60      (-0.47)
	Platelet_count_12                                                          | 2119	 (14835, 40)             | 225.01    (-0.50)
	Red_blood_cell__RBC__count_10                                              | 2119	 (14835, 40)             | 4.47      (-0.49)
	Red_blood_cell_distribution_width_17                                       | 2119	 (14835, 40)             | 12.50     (-0.48)
	Total_white_cell_count_18                                                  | 2119	 (14835, 40)             | 3.10      (-0.50)
	............................................................new week............................................................
	Body_mass_index_3                                                          | 2143	 (15007, 41)             | 23.59     (-0.35)
	Current_smoker_83                                                          | 2143	 (15007, 41)             | nan       (nan)
	Diastolic_blood_pressure_5                                                 | 2143	 (15007, 41)             | 92.00     (-0.31)
	O_E___height_1                                                             | 2143	 (15007, 41)             | 166.00    (0.08)
	O_E___weight_2                                                             | 2143	 (15007, 41)             | 65.00     (-0.40)
	Serum_HDL_cholesterol_level_100                                            | 2143	 (15007, 41)             | 2.15      (0.05)
	Serum_total_cholesterol_level_98                                           | 2143	 (15007, 41)             | 6.26      (-0.40)
	Systolic_blood_pressure_4                                                  | 2143	 (15007, 41)             | 134.00    (-0.22)
	Total_cholesterol_HDL_ratio_95                                             | 2143	 (15007, 41)             | 2.90      (-0.49)
	............................................................new week............................................................
	Nasal_steroids_optimal                                                     | 2170	 (15192, 41)             | nan       (nan)
	............................................................new week............................................................
	Nasal_steroids_optimal                                                     | 2229	 (15609, 42)             | nan       (nan)
	............................................................new week............................................................
	Mirtazapine                                                                | 2232	 (15626, 42)             | nan       (nan)
	............................................................new week............................................................
	Antihistamines_second_generation_H1_antagonists                            | 2233	 (15635, 42)             | nan       (nan)
	............................................................new week............................................................
	Mirtazapine                                                                | 2234	 (15644, 42)             | nan       (nan)
	............................................................new week............................................................
	Mirtazapine                                                                | 2235	 (15651, 42)             | nan       (nan)
	Nasal_steroids_optimal                                                     | 2235	 (15651, 42)             | nan       (nan)
	............................................................new week............................................................
	Mirtazapine                                                                | 2239	 (15674, 42)             | nan       (nan)
	............................................................new week............................................................
	Mirtazapine                                                                | 2243	 (15703, 43)             | nan       (nan)
	............................................................new week............................................................
	Mirtazapine                                                                | 2247	 (15733, 43)             | nan       (nan)
	............................................................new week............................................................
	Mirtazapine                                                                | 2253	 (15772, 43)             | nan       (nan)
	............................................................new week............................................................
	Mirtazapine                                                                | 2259	 (15815, 43)             | nan       (nan)
	............................................................new week............................................................
	Body_mass_index_3                                                          | 2263	 (15845, 43)             | 23.01     (-0.36)
	Diastolic_blood_pressure_5                                                 | 2263	 (15845, 43)             | 83.00     (-0.33)
	O_E___weight_2                                                             | 2263	 (15845, 43)             | 63.40     (-0.40)
	Systolic_blood_pressure_4                                                  | 2263	 (15845, 43)             | 142.00    (-0.20)
	............................................................new week............................................................
	Mirtazapine                                                                | 2266	 (15865, 43)             | nan       (nan)
	............................................................new week............................................................
	Nasal_steroids_optimal                                                     | 2273	 (15913, 43)             | nan       (nan)
	Mirtazapine                                                                | 2273	 (15914, 43)             | nan       (nan)

========================================================================================================================
DIAGNOSIS SUMMARY
['ALCOHOLMISUSE_V2', 'ALLERGICRHINITISCONJ', 'DEPRESSION']
========================================================================================================================


PREDICTED FUTURE EVENTS
========================================================================================================================
	EVENT                                                                     | AGE IN WEEKS (days, years)  | VALUE
	............................................................new week............................................................
	Mirtazapine                                                                | 2275	 (15931, 43)             | nan       (nan)
	............................................................new week............................................................
	Basophil_count_22                                                          | 2287	 (16015, 43)             | 0.03      (-0.49)
	............................................................new week............................................................
	Eosinophil_count_21                                                        | 2288	 (16017, 43)             | 0.17      (-0.46)
	GFR_calculated_abbreviated_MDRD_34                                         | 2288	 (16017, 43)             | 70.82     (-0.26)
	Haemoglobin_estimation_9                                                   | 2288	 (16017, 43)             | 153.97    (-0.00)
	Lymphocyte_count_20                                                        | 2288	 (16017, 43)             | 2.33      (-0.49)
	Mean_corpusc_Hb_conc__MCHC__14                                             | 2288	 (16017, 43)             | 346.03    (0.19)
	Mean_corpusc_haemoglobin_MCH__13                                           | 2288	 (16020, 43)             | 33.73     (-0.17)
	Mean_corpuscular_volume__MCV__11                                           | 2288	 (16020, 43)             | 95.53     (-0.14)
	Monocyte_count_23                                                          | 2288	 (16022, 43)             | 0.41      (-0.48)
	Neutrophil_count_19                                                        | 2288	 (16022, 43)             | 1.07      (-0.48)
	............................................................new week............................................................
	Non_HDL_cholesterol_level_108                                              | 2289	 (16028, 43)             | 2.18      (-0.16)
	............................................................new week............................................................
	Serum_HDL_cholesterol_level_100                                            | 2290	 (16030, 43)             | 2.00      (0.01)
	Serum_LDL_cholesterol_level_102                                            | 2290	 (16030, 43)             | 2.10      (-0.43)
	Serum_alanine_aminotransferase_level_45                                    | 2290	 (16030, 43)             | 7.36      (-0.50)
	Serum_albumin_51                                                           | 2290	 (16030, 43)             | 42.53     (-0.27)
	Serum_alkaline_phosphatase_50                                              | 2290	 (16030, 43)             | 91.64     (-0.50)
	Serum_bilirubin_level_53                                                   | 2290	 (16030, 43)             | 20.68     (-0.48)
	Serum_cholesterol_97                                                       | 2290	 (16030, 43)             | 5.21      (-0.43)
	Serum_creatinine_31                                                        | 2290	 (16030, 43)             | 79.41     (-0.49)
	Serum_potassium_26                                                         | 2290	 (16030, 43)             | 4.17      (-0.09)
	Serum_sodium_24                                                            | 2290	 (16030, 43)             | 140.31    (-0.04)
	Serum_triglycerides_105                                                    | 2290	 (16030, 43)             | 1.86      (-0.48)
	Serum_urea_level_29                                                        | 2290	 (16030, 43)             | 4.25      (-0.09)
	Total_cholesterol_HDL_ratio_95                                             | 2290	 (16030, 43)             | 3.16      (-0.49)
	eGFR_using_creatinine_CKD_EPI_per_1_73_square_metres_33                    | 2290	 (16031, 43)             | 84.15     (-0.28)
	............................................................new week............................................................
	Mirtazapine                                                                | 2291	 (16037, 43)             | nan       (nan)
	............................................................new week............................................................
	Body_mass_index_3                                                          | 2294	 (16062, 44)             | 22.11     (-0.36)
	Diastolic_blood_pressure_5                                                 | 2294	 (16064, 44)             | 93.56     (-0.31)
	Systolic_blood_pressure_4                                                  | 2294	 (16064, 44)             | 155.27    (-0.16)
	............................................................new week............................................................
	Anticonvulsants_OPTIMAL                                                    | 2296	 (16077, 44)             | nan       (nan)
	Gabapentin_Oral_OPTIMAL                                                    | 2296	 (16077, 44)             | nan       (nan)
	Mirtazapine                                                                | 2296	 (16077, 44)             | nan       (nan)
	............................................................new week............................................................
	SNRIs_OPTIMAL                                                              | 2304	 (16130, 44)             | nan       (nan)
	............................................................new week............................................................
	ACE_Inhibitors_D2T                                                         | 2325	 (16276, 44)             | nan       (nan)
	............................................................new week............................................................
	Current_smoker_83                                                          | 2332	 (16324, 44)             | 15.85     (-0.30)
	Diastolic_blood_pressure_5                                                 | 2332	 (16329, 44)             | 87.98     (-0.32)
	Haemoglobin_A1c_level___IFCC_standardised_6                                | 2332	 (16329, 44)             | 34.26     (-0.38)
	............................................................new week............................................................
	Serum_HDL_cholesterol_level_100                                            | 2333	 (16331, 44)             | 1.74      (-0.05)
	Serum_LDL_cholesterol_level_102                                            | 2333	 (16331, 44)             | 1.58      (-0.45)
	Serum_alanine_aminotransferase_level_45                                    | 2333	 (16331, 44)             | 18.73     (-0.50)
	Serum_albumin_51                                                           | 2333	 (16331, 44)             | 40.88     (-0.28)
	Serum_alkaline_phosphatase_50                                              | 2333	 (16331, 44)             | 116.95    (-0.49)
	Serum_cholesterol_97                                                       | 2333	 (16335, 44)             | 4.53      (-0.44)
	............................................................new week............................................................
	Diastolic_blood_pressure_5                                                 | 2335	 (16346, 44)             | 78.22     (-0.35)
	Systolic_blood_pressure_4                                                  | 2335	 (16347, 44)             | 153.10    (-0.17)
	............................................................new week............................................................
	ACE_Inhibitors_D2T                                                         | 2336	 (16357, 44)             | nan       (nan)
	............................................................new week............................................................
	Body_mass_index_3                                                          | 2341	 (16393, 44)             | 20.77     (-0.37)
	Diastolic_blood_pressure_5                                                 | 2341	 (16393, 44)             | 83.52     (-0.33)
	O_E___weight_2                                                             | 2341	 (16393, 44)             | 57.99     (-0.41)
	............................................................new week............................................................
	Systolic_blood_pressure_4                                                  | 2342	 (16399, 44)             | 141.66    (-0.20)
	............................................................new week............................................................
	Basophil_count_22                                                          | 2347	 (16435, 45)             | 0.16      (-0.47)
	............................................................new week............................................................
	Calculated_LDL_cholesterol_level_103                                       | 2348	 (16439, 45)             | 3.26      (-0.39)
	Serum_HDL_cholesterol_level_100                                            | 2348	 (16442, 45)             | 2.08      (0.03)
	Serum_LDL_cholesterol_level_102                                            | 2348	 (16442, 45)             | 2.19      (-0.43)
	............................................................new week............................................................
	Serum_cholesterol_97                                                       | 2349	 (16446, 45)             | 4.57      (-0.44)
	Serum_creatinine_31                                                        | 2349	 (16446, 45)             | 113.83    (-0.49)
	Serum_potassium_26                                                         | 2349	 (16446, 45)             | 4.62      (-0.04)
	Serum_sodium_24                                                            | 2349	 (16446, 45)             | 139.23    (-0.05)
	Serum_triglycerides_105                                                    | 2349	 (16446, 45)             | 0.71      (-0.49)
	Serum_urea_level_29                                                        | 2349	 (16446, 45)             | 5.50      (0.03)
	eGFR_using_creatinine_CKD_EPI_per_1_73_square_metres_33                    | 2349	 (16446, 45)             | 84.14     (-0.28)
	............................................................new week............................................................
	ACE_Inhibitors_D2T                                                         | 2356	 (16497, 45)             | nan       (nan)
	............................................................new week............................................................
	Diastolic_blood_pressure_5                                                 | 2359	 (16516, 45)             | 88.74     (-0.32)
	Systolic_blood_pressure_4                                                  | 2359	 (16516, 45)             | 145.61    (-0.19)
	............................................................new week............................................................
	ACE_Inhibitors_D2T                                                         | 2361	 (16530, 45)             | nan       (nan)
	............................................................new week............................................................
	Diastolic_blood_pressure_5                                                 | 2362	 (16536, 45)             | 87.69     (-0.32)
	Systolic_blood_pressure_4                                                  | 2362	 (16537, 45)             | 137.44    (-0.21)
	Diastolic_blood_pressure_5                                                 | 2362	 (16539, 45)             | 91.44     (-0.31)
	............................................................new week............................................................
	Systolic_blood_pressure_4                                                  | 2363	 (16547, 45)             | 146.08    (-0.19)
	............................................................new week............................................................
	ACE_Inhibitors_D2T                                                         | 2369	 (16585, 45)             | nan       (nan)
	............................................................new week............................................................
	Body_mass_index_3                                                          | 2370	 (16594, 45)             | 22.12     (-0.36)
	Diastolic_blood_pressure_5                                                 | 2370	 (16594, 45)             | 94.17     (-0.30)
	O_E___weight_2                                                             | 2370	 (16596, 45)             | 64.03     (-0.40)
	............................................................new week............................................................
	ACE_Inhibitors_D2T                                                         | 2374	 (16623, 45)             | nan       (nan)
	............................................................new week............................................................
	Body_mass_index_3                                                          | 2382	 (16680, 45)             | 27.54     (-0.32)
	............................................................new week............................................................
	Body_mass_index_3                                                          | 2383	 (16682, 45)             | 26.90     (-0.32)
	Body_mass_index_3                                                          | 2383	 (16682, 45)             | 28.65     (-0.31)
	O_E___weight_2                                                             | 2383	 (16682, 45)             | 73.10     (-0.39)
	ACE_Inhibitors_D2T                                                         | 2383	 (16684, 45)             | nan       (nan)
	............................................................new week............................................................
	Diastolic_blood_pressure_5                                                 | 2395	 (16771, 45)             | 88.97     (-0.32)
	Systolic_blood_pressure_4                                                  | 2395	 (16771, 45)             | 145.59    (-0.19)
	............................................................new week............................................................
	ACE_Inhibitors_D2T                                                         | 2397	 (16779, 45)             | nan       (nan)
	ACE_Inhibitors_D2T                                                         | 2397	 (16780, 45)             | nan       (nan)
	............................................................new week............................................................
	CalciumChannelBlck_D2T                                                     | 2398	 (16788, 45)             | nan       (nan)
	TYPE2DIABETES                                                              | 2398	 (16790, 46)             | nan       (nan)
	............................................................new week............................................................
	Basophil_count_22                                                          | 2402	 (16817, 46)             | 0.00      (-0.49)
	Calculated_LDL_cholesterol_level_103                                       | 2402	 (16819, 46)             | 3.11      (-0.40)
	............................................................new week............................................................
	Haemoglobin_A1c_level___IFCC_standardised_6                                | 2403	 (16821, 46)             | 46.58     (-0.33)
	Serum_HDL_cholesterol_level_100                                            | 2403	 (16821, 46)             | 2.15      (0.05)
	Serum_TSH_level_71                                                         | 2403	 (16821, 46)             | 0.37      (-0.50)
	Serum_cholesterol_97                                                       | 2403	 (16822, 46)             | 6.45      (-0.40)
	Systolic_blood_pressure_4                                                  | 2403	 (16824, 46)             | 121.27    (-0.25)
	............................................................new week............................................................
	ACE_Inhibitors_D2T                                                         | 2406	 (16843, 46)             | nan       (nan)
	............................................................new week............................................................
	CalciumChannelBlck_D2T                                                     | 2408	 (16857, 46)             | nan       (nan)
	............................................................new week............................................................
	Metformin_612_A10BD2                                                       | 2410	 (16870, 46)             | nan       (nan)
	............................................................new week............................................................
	CalciumChannelBlck_D2T                                                     | 2412	 (16888, 46)             | nan       (nan)
	............................................................new week............................................................
	CalciumChannelBlck_D2T                                                     | 2415	 (16906, 46)             | nan       (nan)
	Body_mass_index_3                                                          | 2415	 (16906, 46)             | 30.22     (-0.30)
	Diastolic_blood_pressure_5                                                 | 2415	 (16906, 46)             | 91.07     (-0.31)
	O_E___height_1                                                             | 2415	 (16906, 46)             | 162.13    (0.06)
	O_E___weight_2                                                             | 2415	 (16906, 46)             | 76.67     (-0.38)
	Systolic_blood_pressure_4                                                  | 2415	 (16906, 46)             | 148.94    (-0.18)
	............................................................new week............................................................
	Diastolic_blood_pressure_5                                                 | 2417	 (16919, 46)             | 81.50     (-0.34)
	Haemoglobin_A1c_level___IFCC_standardised_6                                | 2417	 (16923, 46)             | 34.69     (-0.38)
	Serum_triglycerides_105                                                    | 2417	 (16923, 46)             | 0.86      (-0.49)
	Urine_albumin_creatinine_ratio_35                                          | 2417	 (16923, 46)             | 9.23      (-0.46)
	............................................................new week............................................................
	Diastolic_blood_pressure_5                                                 | 2420	 (16945, 46)             | 76.37     (-0.35)
	Systolic_blood_pressure_4                                                  | 2420	 (16945, 46)             | 124.06    (-0.25)
	CalciumChannelBlck_D2T                                                     | 2420	 (16945, 46)             | nan       (nan)
	............................................................new week............................................................
	Metformin_612_A10BD2                                                       | 2421	 (16948, 46)             | nan       (nan)
	CalciumChannelBlck_D2T                                                     | 2421	 (16952, 46)             | nan       (nan)
	............................................................new week............................................................
	CalciumChannelBlck_D2T                                                     | 2434	 (17040, 46)             | nan       (nan)
	............................................................new week............................................................
	CalciumChannelBlck_D2T                                                     | 2442	 (17100, 46)             | nan       (nan)
	............................................................new week............................................................
	Basophil_count_22                                                          | 2445	 (17120, 46)             | -0.05     (-0.50)
	............................................................new week............................................................
	Calculated_LDL_cholesterol_level_103                                       | 2446	 (17124, 46)             | 3.06      (-0.40)
	GFR_calculated_abbreviated_MDRD_34                                         | 2446	 (17126, 46)             | 79.55     (-0.24)
	Haemoglobin_A1c_level___IFCC_standardised_6                                | 2446	 (17126, 46)             | 50.06     (-0.32)
	............................................................new week............................................................
	Haemoglobin_A1c_level___IFCC_standardised_6                                | 2447	 (17129, 46)             | 45.53     (-0.33)
	Serum_HDL_cholesterol_level_100                                            | 2447	 (17129, 46)             | 2.20      (0.07)
	Serum_alanine_aminotransferase_level_45                                    | 2447	 (17131, 46)             | 14.54     (-0.50)
	Serum_cholesterol_97                                                       | 2447	 (17135, 46)             | 5.61      (-0.42)
	Serum_non_high_density_lipoprotein_cholesterol_level_107                   | 2447	 (17135, 46)             | 2.92      (0.25)
	............................................................new week............................................................
	CalciumChannelBlck_D2T                                                     | 2448	 (17137, 46)             | nan       (nan)
	............................................................new week............................................................
	CalciumChannelBlck_D2T                                                     | 2449	 (17146, 46)             | nan       (nan)
	............................................................new week............................................................
	Body_mass_index_3                                                          | 2451	 (17159, 47)             | 27.05     (-0.32)
	Body_mass_index_3                                                          | 2451	 (17162, 47)             | 29.58     (-0.30)
	............................................................new week............................................................
	Diastolic_blood_pressure_5                                                 | 2452	 (17166, 47)             | 77.35     (-0.35)
	Systolic_blood_pressure_4                                                  | 2452	 (17166, 47)             | 132.92    (-0.22)
	HYPERTENSION                                                               | 2452	 (17170, 47)             | nan       (nan)
	............................................................new week............................................................
	Body_mass_index_3                                                          | 2454	 (17181, 47)             | 26.92     (-0.32)
	Diastolic_blood_pressure_5                                                 | 2454	 (17181, 47)             | 87.46     (-0.32)
	O_E___height_1                                                             | 2454	 (17181, 47)             | 164.14    (0.07)
	O_E___weight_2                                                             | 2454	 (17181, 47)             | 77.94     (-0.38)
	Systolic_blood_pressure_4                                                  | 2454	 (17184, 47)             | 134.41    (-0.22)
	............................................................new week............................................................
	CalciumChannelBlck_D2T                                                     | 2455	 (17190, 47)             | nan       (nan)
	............................................................new week............................................................
	CalciumChannelBlck_D2T                                                     | 2459	 (17217, 47)             | nan       (nan)
	............................................................new week............................................................
	CalciumChannelBlck_D2T                                                     | 2465	 (17261, 47)             | nan       (nan)
	............................................................new week............................................................
	Diastolic_blood_pressure_5                                                 | 2467	 (17270, 47)             | 92.94     (-0.31)
	Systolic_blood_pressure_4                                                  | 2467	 (17275, 47)             | 153.04    (-0.17)
	............................................................new week............................................................
	Antihistamines_second_generation_H1_antagonists                            | 2476	 (17332, 47)             | nan       (nan)
	Body_mass_index_3                                                          | 2476	 (17338, 47)             | 29.98     (-0.30)
	Body_mass_index_3                                                          | 2476	 (17338, 47)             | 29.89     (-0.30)
	Diastolic_blood_pressure_5                                                 | 2476	 (17338, 47)             | 106.47    (-0.27)
	Diastolic_blood_pressure_5                                                 | 2476	 (17338, 47)             | 103.39    (-0.28)
	Diastolic_blood_pressure_5                                                 | 2476	 (17338, 47)             | 97.90     (-0.29)
	Systolic_blood_pressure_4                                                  | 2476	 (17338, 47)             | 142.43    (-0.20)
	Systolic_blood_pressure_4                                                  | 2476	 (17338, 47)             | 135.95    (-0.21)
	Systolic_blood_pressure_4                                                  | 2476	 (17338, 47)             | 161.79    (-0.14)
	............................................................new week............................................................
	Diastolic_blood_pressure_5                                                 | 2477	 (17343, 47)             | 86.03     (-0.33)
