STATIC INFORMATION
========================================================================================================================
	SEX:               M
	IMD:               5.0
	ETHNICITY:         BLACK
	birth_year:        1978.0


GIVEN PATIENT CONTEXT
========================================================================================================================
	EVENT                                                                     | AGE IN WEEKS (days, years)   | VALUE
	............................................................new week............................................................
	ALCOHOLMISUSE_V2                                                           | 1777	 (12445, 34)             | nan       (nan)
	............................................................new week............................................................
	Body_mass_index_3                                                          | 1778	 (12449, 34)             | 25.20     (-0.34)
	Diastolic_blood_pressure_5                                                 | 1778	 (12449, 34)             | 80.00     (-0.34)
	O_E___height_1                                                             | 1778	 (12449, 34)             | 167.00    (0.08)
	O_E___weight_2                                                             | 1778	 (12449, 34)             | 70.20     (-0.39)
	Systolic_blood_pressure_4                                                  | 1778	 (12449, 34)             | 142.00    (-0.20)
	............................................................new week............................................................
	Nasal_steroids_optimal                                                     | 1814	 (12701, 34)             | nan       (nan)
	............................................................new week............................................................
	Nasal_steroids_optimal                                                     | 1820	 (12745, 34)             | nan       (nan)
	............................................................new week............................................................
	GFR_calculated_abbreviated_MDRD_34                                         | 1830	 (12816, 35)             | nan       (nan)
	Haemoglobin_estimation_9                                                   | 1830	 (12816, 35)             | 143.00    (-0.04)
	Lymphocyte_count_20                                                        | 1830	 (12816, 35)             | 0.90      (-0.50)
	Mean_corpusc_Hb_conc__MCHC__14                                             | 1830	 (12816, 35)             | 322.00    (0.14)
	Mean_corpusc_haemoglobin_MCH__13                                           | 1830	 (12816, 35)             | 30.60     (-0.20)
	Mean_corpuscular_volume__MCV__11                                           | 1830	 (12816, 35)             | 95.20     (-0.14)
	Monocyte_count_23                                                          | 1830	 (12816, 35)             | 0.20      (-0.49)
	Neutrophil_count_19                                                        | 1830	 (12816, 35)             | 1.00      (-0.48)
	Platelet_count_12                                                          | 1830	 (12816, 35)             | 258.09    (-0.50)
	Red_blood_cell__RBC__count_10                                              | 1830	 (12816, 35)             | 4.69      (-0.49)
	Red_blood_cell_distribution_width_17                                       | 1830	 (12816, 35)             | 12.80     (-0.47)
	Serum_C_reactive_protein_level_59                                          | 1830	 (12816, 35)             | 4.00      (-0.03)
	Serum_alanine_aminotransferase_level_45                                    | 1830	 (12816, 35)             | 44.00     (-0.50)
	Serum_albumin_51                                                           | 1830	 (12816, 35)             | 42.00     (-0.28)
	Serum_alkaline_phosphatase_50                                              | 1830	 (12816, 35)             | 32.00     (-0.50)
	Serum_bilirubin_level_53                                                   | 1830	 (12816, 35)             | 13.00     (-0.48)
	Serum_creatinine_31                                                        | 1830	 (12816, 35)             | 85.00     (-0.49)
	Serum_gamma_glutamyl_transferase_level_57                                  | 1830	 (12816, 35)             | 38.00     (0.04)
	Serum_potassium_26                                                         | 1830	 (12816, 35)             | 4.10      (-0.10)
	Serum_sodium_24                                                            | 1830	 (12816, 35)             | 139.00    (-0.05)
	Serum_urea_level_29                                                        | 1830	 (12816, 35)             | 6.50      (0.13)
	Total_white_cell_count_18                                                  | 1830	 (12816, 35)             | 2.20      (-0.50)
	............................................................new week............................................................
	Haemoglobin_estimation_9                                                   | 1834	 (12842, 35)             | 148.00    (-0.02)
	Lymphocyte_count_20                                                        | 1834	 (12842, 35)             | 0.90      (-0.50)
	Mean_corpusc_Hb_conc__MCHC__14                                             | 1834	 (12842, 35)             | 317.00    (0.13)
	Mean_corpusc_haemoglobin_MCH__13                                           | 1834	 (12842, 35)             | 30.50     (-0.20)
	Mean_corpuscular_volume__MCV__11                                           | 1834	 (12842, 35)             | 96.30     (-0.14)
	Monocyte_count_23                                                          | 1834	 (12842, 35)             | 0.30      (-0.48)
	Neutrophil_count_19                                                        | 1834	 (12842, 35)             | 1.30      (-0.47)
	Platelet_count_12                                                          | 1834	 (12842, 35)             | 227.99    (-0.50)
	Red_blood_cell__RBC__count_10                                              | 1834	 (12842, 35)             | 4.86      (-0.49)
	Red_blood_cell_distribution_width_17                                       | 1834	 (12842, 35)             | 12.20     (-0.48)
	Total_white_cell_count_18                                                  | 1834	 (12842, 35)             | 2.60      (-0.50)
	............................................................new week............................................................
	Haemoglobin_estimation_9                                                   | 1845	 (12920, 35)             | 151.00    (-0.01)
	Lymphocyte_count_20                                                        | 1845	 (12920, 35)             | 1.20      (-0.49)
	Mean_corpusc_Hb_conc__MCHC__14                                             | 1845	 (12920, 35)             | 322.00    (0.14)
	Mean_corpusc_haemoglobin_MCH__13                                           | 1845	 (12920, 35)             | 30.60     (-0.20)
	Mean_corpuscular_volume__MCV__11                                           | 1845	 (12920, 35)             | 95.00     (-0.15)
	Monocyte_count_23                                                          | 1845	 (12920, 35)             | 0.30      (-0.48)
	Neutrophil_count_19                                                        | 1845	 (12920, 35)             | 1.10      (-0.48)
	Platelet_count_12                                                          | 1845	 (12920, 35)             | 275.08    (-0.50)
	Red_blood_cell__RBC__count_10                                              | 1845	 (12920, 35)             | 4.93      (-0.49)
	Red_blood_cell_distribution_width_17                                       | 1845	 (12920, 35)             | 11.30     (-0.49)
	Total_white_cell_count_18                                                  | 1845	 (12920, 35)             | 2.60      (-0.50)
	............................................................new week............................................................
	Nasal_steroids_optimal                                                     | 1862	 (13039, 35)             | nan       (nan)
	Nasal_steroids_optimal                                                     | 1862	 (13039, 35)             | nan       (nan)
	Nasal_steroids_optimal                                                     | 1862	 (13040, 35)             | nan       (nan)
	............................................................new week............................................................
	Nasal_steroids_optimal                                                     | 1872	 (13110, 35)             | nan       (nan)
	............................................................new week............................................................
	Haemoglobin_estimation_9                                                   | 1895	 (13271, 36)             | 148.00    (-0.02)
	Lymphocyte_count_20                                                        | 1895	 (13271, 36)             | 1.70      (-0.49)
	Mean_corpusc_Hb_conc__MCHC__14                                             | 1895	 (13271, 36)             | 331.00    (0.16)
	Mean_corpusc_haemoglobin_MCH__13                                           | 1895	 (13271, 36)             | 31.20     (-0.19)
	Mean_corpuscular_volume__MCV__11                                           | 1895	 (13271, 36)             | 94.10     (-0.15)
	Monocyte_count_23                                                          | 1895	 (13271, 36)             | 0.40      (-0.48)
	Neutrophil_count_19                                                        | 1895	 (13271, 36)             | 1.40      (-0.47)
	Platelet_count_12                                                          | 1895	 (13271, 36)             | 250.94    (-0.50)
	Red_blood_cell__RBC__count_10                                              | 1895	 (13271, 36)             | 4.74      (-0.49)
	Red_blood_cell_distribution_width_17                                       | 1895	 (13271, 36)             | 11.80     (-0.48)
	Total_white_cell_count_18                                                  | 1895	 (13271, 36)             | 3.50      (-0.50)
	............................................................new week............................................................
	Nasal_steroids_optimal                                                     | 1929	 (13505, 37)             | nan       (nan)
	ALLERGICRHINITISCONJ                                                       | 1929	 (13505, 37)             | nan       (nan)
	............................................................new week............................................................
	Diastolic_blood_pressure_5                                                 | 1982	 (13877, 38)             | 72.00     (-0.36)
	Systolic_blood_pressure_4                                                  | 1982	 (13877, 38)             | 130.00    (-0.23)
	............................................................new week............................................................
	Haemoglobin_estimation_9                                                   | 2003	 (14027, 38)             | 147.00    (-0.03)
	Lymphocyte_count_20                                                        | 2003	 (14027, 38)             | 1.30      (-0.49)
	Mean_corpusc_Hb_conc__MCHC__14                                             | 2003	 (14027, 38)             | 331.00    (0.16)
	Mean_corpusc_haemoglobin_MCH__13                                           | 2003	 (14027, 38)             | 31.10     (-0.20)
	Mean_corpuscular_volume__MCV__11                                           | 2003	 (14027, 38)             | 93.90     (-0.15)
	Monocyte_count_23                                                          | 2003	 (14027, 38)             | 0.50      (-0.47)
	Neutrophil_count_19                                                        | 2003	 (14027, 38)             | 1.20      (-0.48)
	Platelet_count_12                                                          | 2003	 (14027, 38)             | 239.01    (-0.50)
	Red_blood_cell__RBC__count_10                                              | 2003	 (14027, 38)             | 4.73      (-0.49)
	Red_blood_cell_distribution_width_17                                       | 2003	 (14027, 38)             | 12.50     (-0.48)
	Total_white_cell_count_18                                                  | 2003	 (14027, 38)             | 3.10      (-0.50)
	............................................................new week............................................................
	Nasal_steroids_optimal                                                     | 2020	 (14142, 38)             | nan       (nan)
	............................................................new week............................................................
	Body_mass_index_3                                                          | 2033	 (14234, 38)             | 23.60     (-0.35)
	Diastolic_blood_pressure_5                                                 | 2033	 (14234, 38)             | 93.00     (-0.31)
	O_E___height_1                                                             | 2033	 (14234, 38)             | 167.00    (0.08)
	O_E___weight_2                                                             | 2033	 (14234, 38)             | 66.00     (-0.40)
	Systolic_blood_pressure_4                                                  | 2033	 (14234, 38)             | 139.00    (-0.21)
	............................................................new week............................................................
	Calculated_LDL_cholesterol_level_103                                       | 2034	 (14242, 39)             | 2.50      (-0.42)
	GFR_calculated_abbreviated_MDRD_34                                         | 2034	 (14242, 39)             | 60.00     (-0.30)
	Haemoglobin_A1c_level___IFCC_standardised_6                                | 2034	 (14242, 39)             | 29.00     (-0.40)
	Haemoglobin_estimation_9                                                   | 2034	 (14242, 39)             | 143.00    (-0.04)
	Lymphocyte_count_20                                                        | 2034	 (14242, 39)             | 1.20      (-0.49)
	Mean_corpusc_Hb_conc__MCHC__14                                             | 2034	 (14242, 39)             | 335.00    (0.16)
	Mean_corpusc_haemoglobin_MCH__13                                           | 2034	 (14242, 39)             | 31.50     (-0.19)
	Mean_corpuscular_volume__MCV__11                                           | 2034	 (14242, 39)             | 93.90     (-0.15)
	Monocyte_count_23                                                          | 2034	 (14242, 39)             | 0.50      (-0.47)
	Neutrophil_count_19                                                        | 2034	 (14242, 39)             | 1.40      (-0.47)
	Non_HDL_cholesterol_level_108                                              | 2034	 (14242, 39)             | 3.00      (-0.03)
	Platelet_count_12                                                          | 2034	 (14242, 39)             | 262.86    (-0.50)
	Red_blood_cell__RBC__count_10                                              | 2034	 (14242, 39)             | 4.54      (-0.49)
	Red_blood_cell_distribution_width_17                                       | 2034	 (14242, 39)             | 12.30     (-0.48)
	Serum_HDL_cholesterol_level_100                                            | 2034	 (14242, 39)             | 3.08      (0.29)
	Serum_TSH_level_71                                                         | 2034	 (14242, 39)             | 1.15      (-0.50)
	Serum_alanine_aminotransferase_level_45                                    | 2034	 (14242, 39)             | 52.00     (-0.50)
	Serum_albumin_51                                                           | 2034	 (14242, 39)             | 43.00     (-0.27)
	Serum_alkaline_phosphatase_50                                              | 2034	 (14242, 39)             | 50.00     (-0.50)
	Serum_bilirubin_level_53                                                   | 2034	 (14242, 39)             | 17.00     (-0.48)
	Serum_cholesterol_97                                                       | 2034	 (14242, 39)             | 6.10      (-0.41)
	Serum_creatinine_31                                                        | 2034	 (14242, 39)             | 88.00     (-0.49)
	Serum_potassium_26                                                         | 2034	 (14242, 39)             | 4.40      (-0.07)
	Serum_sodium_24                                                            | 2034	 (14242, 39)             | 140.00    (-0.05)
	Serum_triglycerides_105                                                    | 2034	 (14242, 39)             | 1.10      (-0.49)
	Serum_urea_level_29                                                        | 2034	 (14242, 39)             | 5.10      (-0.01)
	Total_cholesterol_HDL_ratio_95                                             | 2034	 (14242, 39)             | 2.00      (-0.50)
	Total_white_cell_count_18                                                  | 2034	 (14242, 39)             | 3.10      (-0.50)
	............................................................new week............................................................
	SSRIs_Optimal                                                              | 2061	 (14430, 39)             | nan       (nan)
	DEPRESSION                                                                 | 2061	 (14430, 39)             | nan       (nan)
	............................................................new week............................................................
	Body_mass_index_3                                                          | 2067	 (14471, 39)             | 24.00     (-0.35)
	Diastolic_blood_pressure_5                                                 | 2067	 (14471, 39)             | 99.00     (-0.29)
	O_E___weight_2                                                             | 2067	 (14471, 39)             | 67.00     (-0.40)
	Systolic_blood_pressure_4                                                  | 2067	 (14471, 39)             | 169.00    (-0.12)
	Calculated_LDL_cholesterol_level_103                                       | 2067	 (14474, 39)             | 2.80      (-0.41)
	GFR_calculated_abbreviated_MDRD_34                                         | 2067	 (14474, 39)             | 60.00     (-0.30)
	Haemoglobin_A1c_level___IFCC_standardised_6                                | 2067	 (14474, 39)             | 32.00     (-0.39)
	Non_HDL_cholesterol_level_108                                              | 2067	 (14474, 39)             | 3.30      (0.02)
	Serum_HDL_cholesterol_level_100                                            | 2067	 (14474, 39)             | 3.07      (0.29)
	Serum_TSH_level_71                                                         | 2067	 (14474, 39)             | 1.23      (-0.50)
	Serum_alanine_aminotransferase_level_45                                    | 2067	 (14474, 39)             | 44.00     (-0.50)
	Serum_albumin_51                                                           | 2067	 (14474, 39)             | 45.00     (-0.26)
	Serum_alkaline_phosphatase_50                                              | 2067	 (14474, 39)             | 40.00     (-0.50)
	Serum_bilirubin_level_53                                                   | 2067	 (14474, 39)             | 10.00     (-0.49)
	Serum_cholesterol_97                                                       | 2067	 (14474, 39)             | 6.30      (-0.41)
	Serum_creatinine_31                                                        | 2067	 (14474, 39)             | 87.00     (-0.49)
	Serum_potassium_26                                                         | 2067	 (14474, 39)             | 5.10      (0.01)
	Serum_sodium_24                                                            | 2067	 (14474, 39)             | 141.00    (-0.04)
	Serum_triglycerides_105                                                    | 2067	 (14474, 39)             | 0.96      (-0.49)
	Serum_urea_level_29                                                        | 2067	 (14474, 39)             | 4.90      (-0.03)
	Total_cholesterol_HDL_ratio_95                                             | 2067	 (14474, 39)             | 2.10      (-0.50)
	............................................................new week............................................................
	Diastolic_blood_pressure_5                                                 | 2068	 (14478, 39)             | 95.00     (-0.30)
	Diastolic_blood_pressure_5                                                 | 2068	 (14478, 39)             | 96.00     (-0.30)
	Systolic_blood_pressure_4                                                  | 2068	 (14478, 39)             | 163.00    (-0.14)
	Systolic_blood_pressure_4                                                  | 2068	 (14478, 39)             | 174.00    (-0.11)
	............................................................new week............................................................
	Diastolic_blood_pressure_5                                                 | 2104	 (14733, 40)             | 98.00     (-0.29)
	Systolic_blood_pressure_4                                                  | 2104	 (14733, 40)             | 154.00    (-0.16)
	............................................................new week............................................................
	Diastolic_blood_pressure_5                                                 | 2105	 (14740, 40)             | 105.00    (-0.28)
	Systolic_blood_pressure_4                                                  | 2105	 (14740, 40)             | 168.00    (-0.13)
	............................................................new week............................................................
	Haematocrit_15                                                             | 2119	 (14835, 40)             | 0.42      (-0.08)
	Haemoglobin_estimation_9                                                   | 2119	 (14835, 40)             | 138.00    (-0.06)
	Lymphocyte_count_20                                                        | 2119	 (14835, 40)             | 1.00      (-0.50)
	Mean_corpusc_Hb_conc__MCHC__14                                             | 2119	 (14835, 40)             | 326.00    (0.14)
	Mean_corpusc_haemoglobin_MCH__13                                           | 2119	 (14835, 40)             | 31.00     (-0.20)
	Mean_corpuscular_volume__MCV__11                                           | 2119	 (14835, 40)             | 94.90     (-0.15)
	Monocyte_count_23                                                          | 2119	 (14835, 40)             | 0.40      (-0.48)
	Neutrophil_count_19                                                        | 2119	 (14835, 40)             | 1.60      (-0.47)
	Platelet_count_12                                                          | 2119	 (14835, 40)             | 225.01    (-0.50)
	Red_blood_cell__RBC__count_10                                              | 2119	 (14835, 40)             | 4.47      (-0.49)
	Red_blood_cell_distribution_width_17                                       | 2119	 (14835, 40)             | 12.50     (-0.48)
	Total_white_cell_count_18                                                  | 2119	 (14835, 40)             | 3.10      (-0.50)
	............................................................new week............................................................
	Body_mass_index_3                                                          | 2143	 (15007, 41)             | 23.59     (-0.35)
	Current_smoker_83                                                          | 2143	 (15007, 41)             | nan       (nan)
	Diastolic_blood_pressure_5                                                 | 2143	 (15007, 41)             | 92.00     (-0.31)
	O_E___height_1                                                             | 2143	 (15007, 41)             | 166.00    (0.08)
	O_E___weight_2                                                             | 2143	 (15007, 41)             | 65.00     (-0.40)
	Serum_HDL_cholesterol_level_100                                            | 2143	 (15007, 41)             | 2.15      (0.05)
	Serum_total_cholesterol_level_98                                           | 2143	 (15007, 41)             | 6.26      (-0.40)
	Systolic_blood_pressure_4                                                  | 2143	 (15007, 41)             | 134.00    (-0.22)
	Total_cholesterol_HDL_ratio_95                                             | 2143	 (15007, 41)             | 2.90      (-0.49)
	............................................................new week............................................................
	Nasal_steroids_optimal                                                     | 2170	 (15192, 41)             | nan       (nan)
	............................................................new week............................................................
	Nasal_steroids_optimal                                                     | 2229	 (15609, 42)             | nan       (nan)
	............................................................new week............................................................
	Mirtazapine                                                                | 2232	 (15626, 42)             | nan       (nan)
	............................................................new week............................................................
	Antihistamines_second_generation_H1_antagonists                            | 2233	 (15635, 42)             | nan       (nan)
	............................................................new week............................................................
	Mirtazapine                                                                | 2234	 (15644, 42)             | nan       (nan)
	............................................................new week............................................................
	Mirtazapine                                                                | 2235	 (15651, 42)             | nan       (nan)
	Nasal_steroids_optimal                                                     | 2235	 (15651, 42)             | nan       (nan)
	............................................................new week............................................................
	Mirtazapine                                                                | 2239	 (15674, 42)             | nan       (nan)
	............................................................new week............................................................
	Mirtazapine                                                                | 2243	 (15703, 43)             | nan       (nan)
	............................................................new week............................................................
	Mirtazapine                                                                | 2247	 (15733, 43)             | nan       (nan)
	............................................................new week............................................................
	Mirtazapine                                                                | 2253	 (15772, 43)             | nan       (nan)
	............................................................new week............................................................
	Mirtazapine                                                                | 2259	 (15815, 43)             | nan       (nan)
	............................................................new week............................................................
	Body_mass_index_3                                                          | 2263	 (15845, 43)             | 23.01     (-0.36)
	Diastolic_blood_pressure_5                                                 | 2263	 (15845, 43)             | 83.00     (-0.33)
	O_E___weight_2                                                             | 2263	 (15845, 43)             | 63.40     (-0.40)
	Systolic_blood_pressure_4                                                  | 2263	 (15845, 43)             | 142.00    (-0.20)
	............................................................new week............................................................
	Mirtazapine                                                                | 2266	 (15865, 43)             | nan       (nan)
	............................................................new week............................................................
	Nasal_steroids_optimal                                                     | 2273	 (15913, 43)             | nan       (nan)
	Mirtazapine                                                                | 2273	 (15914, 43)             | nan       (nan)

========================================================================================================================
DIAGNOSIS SUMMARY
['ALCOHOLMISUSE_V2', 'ALLERGICRHINITISCONJ', 'DEPRESSION']
========================================================================================================================


PREDICTED FUTURE EVENTS
========================================================================================================================
	EVENT                                                                     | AGE IN WEEKS (days, years)  | VALUE
	............................................................new week............................................................
	Mirtazapine                                                                | 2281	 (15969, 43)             | nan       (nan)
	............................................................new week............................................................
	Body_mass_index_3                                                          | 2285	 (16000, 43)             | 20.91     (-0.37)
	............................................................new week............................................................
	Vitamin_D                                                                  | 2286	 (16004, 43)             | nan       (nan)
	............................................................new week............................................................
	Diastolic_blood_pressure_5                                                 | 2299	 (16097, 44)             | 91.44     (-0.31)
	Systolic_blood_pressure_4                                                  | 2299	 (16097, 44)             | 160.65    (-0.15)
	............................................................new week............................................................
	Vitamin_D                                                                  | 2300	 (16103, 44)             | nan       (nan)
	Diastolic_blood_pressure_5                                                 | 2300	 (16103, 44)             | 81.34     (-0.34)
	Diastolic_blood_pressure_5                                                 | 2300	 (16103, 44)             | 87.65     (-0.32)
	Systolic_blood_pressure_4                                                  | 2300	 (16103, 44)             | 120.20    (-0.26)
	Systolic_blood_pressure_4                                                  | 2300	 (16103, 44)             | 134.06    (-0.22)
	Diastolic_blood_pressure_5                                                 | 2300	 (16106, 44)             | 83.66     (-0.33)
	............................................................new week............................................................
	Systolic_blood_pressure_4                                                  | 2301	 (16108, 44)             | 135.10    (-0.22)
	............................................................new week............................................................
	Basophil_count_22                                                          | 2305	 (16139, 44)             | 0.01      (-0.49)
	Body_mass_index_3                                                          | 2305	 (16139, 44)             | 20.49     (-0.38)
	............................................................new week............................................................
	Corrected_serum_calcium_level_42                                           | 2306	 (16145, 44)             | 2.71      (-0.24)
	Eosinophil_count_21                                                        | 2306	 (16145, 44)             | -0.11     (-0.49)
	GFR_calculated_abbreviated_MDRD_34                                         | 2306	 (16145, 44)             | 60.18     (-0.30)
	Haematocrit_15                                                             | 2306	 (16148, 44)             | 0.41      (-0.09)
	Haemoglobin_A1c_level___IFCC_standardised_6                                | 2306	 (16148, 44)             | 33.51     (-0.38)
	............................................................new week............................................................
	Haemoglobin_estimation_9                                                   | 2307	 (16154, 44)             | 135.31    (-0.07)
	Lymphocyte_count_20                                                        | 2307	 (16154, 44)             | 10.47     (-0.45)
	............................................................new week............................................................
	Mean_corpusc_Hb_conc__MCHC__14                                             | 2308	 (16159, 44)             | 321.10    (0.13)
	Mean_corpusc_haemoglobin_MCH__13                                           | 2308	 (16159, 44)             | 31.88     (-0.19)
	............................................................new week............................................................
	Mean_corpuscular_volume__MCV__11                                           | 2309	 (16163, 44)             | 99.39     (-0.13)
	Monocyte_count_23                                                          | 2309	 (16163, 44)             | 0.66      (-0.47)
	............................................................new week............................................................
	Neutrophil_count_19                                                        | 2310	 (16172, 44)             | 2.72      (-0.45)
	Non_HDL_cholesterol_level_108                                              | 2310	 (16172, 44)             | 1.93      (-0.20)
	Serum_HDL_cholesterol_level_100                                            | 2310	 (16172, 44)             | 2.57      (0.16)
	............................................................new week............................................................
	Serum_N_terminal_pro_B_type_natriuretic_peptide_conc_68                    | 2311	 (16178, 44)             | 335.38    (0.02)
	Serum_creatinine_31                                                        | 2311	 (16179, 44)             | 168.72    (-0.48)
	Serum_gamma_glutamyl_transferase_level_57                                  | 2311	 (16181, 44)             | -5.98     (-0.31)
	Serum_potassium_26                                                         | 2311	 (16183, 44)             | 4.17      (-0.09)
	Serum_sodium_24                                                            | 2311	 (16183, 44)             | 141.85    (-0.03)
	............................................................new week............................................................
	Serum_urea_level_29                                                        | 2312	 (16185, 44)             | 6.66      (0.15)
	............................................................new week............................................................
	Diastolic_blood_pressure_5                                                 | 2317	 (16225, 44)             | 51.14     (-0.42)
	............................................................new week............................................................
	Systolic_blood_pressure_4                                                  | 2318	 (16229, 44)             | 123.88    (-0.25)
	Body_mass_index_3                                                          | 2318	 (16231, 44)             | 22.02     (-0.36)
	Diastolic_blood_pressure_5                                                 | 2318	 (16231, 44)             | 85.94     (-0.33)
	............................................................new week............................................................
	O_E___height_1                                                             | 2319	 (16234, 44)             | 167.72    (0.09)
	O_E___weight_2                                                             | 2319	 (16238, 44)             | 54.11     (-0.42)
	............................................................new week............................................................
	Basophil_count_22                                                          | 2322	 (16254, 44)             | 0.04      (-0.49)
	Eosinophil_count_21                                                        | 2322	 (16256, 44)             | 0.15      (-0.47)
	GFR_calculated_abbreviated_MDRD_34                                         | 2322	 (16256, 44)             | 76.31     (-0.25)
	Haematocrit_15                                                             | 2322	 (16256, 44)             | 0.38      (-0.12)
	Haemoglobin_A1c_level___IFCC_standardised_6                                | 2322	 (16256, 44)             | 40.63     (-0.35)
	Haemoglobin_estimation_9                                                   | 2322	 (16256, 44)             | 123.65    (-0.11)
	Lymphocyte_count_20                                                        | 2322	 (16256, 44)             | 2.83      (-0.49)
	Mean_corpusc_Hb_conc__MCHC__14                                             | 2322	 (16256, 44)             | 312.89    (0.12)
	............................................................new week............................................................
	Mean_corpusc_haemoglobin_MCH__13                                           | 2323	 (16262, 44)             | 32.31     (-0.18)
	............................................................new week............................................................
	Mean_corpuscular_volume__MCV__11                                           | 2324	 (16269, 44)             | 96.30     (-0.14)
	Neutrophil_count_19                                                        | 2324	 (16271, 44)             | 5.94      (-0.38)
	Non_HDL_cholesterol_level_108                                              | 2324	 (16271, 44)             | 3.62      (0.06)
	Platelet_count_12                                                          | 2324	 (16271, 44)             | 1189.11   (-0.50)
	Red_blood_cell__RBC__count_10                                              | 2324	 (16274, 44)             | -0.96     (-0.50)
	............................................................new week............................................................
	Serum_creatinine_31                                                        | 2325	 (16278, 44)             | 50.26     (-0.50)
	Serum_potassium_26                                                         | 2325	 (16278, 44)             | 4.41      (-0.06)
	............................................................new week............................................................
	Serum_sodium_24                                                            | 2326	 (16282, 44)             | 142.52    (-0.02)
	Serum_urea_level_29                                                        | 2326	 (16284, 44)             | 6.20      (0.10)
	............................................................new week............................................................
	Vitamin_D                                                                  | 2333	 (16335, 44)             | nan       (nan)
	............................................................new week............................................................
	Basophil_count_22                                                          | 2341	 (16391, 44)             | 0.02      (-0.49)
	Calcium_adjusted_level_41                                                  | 2341	 (16391, 44)             | 2.47      (-0.26)
	Diastolic_blood_pressure_5                                                 | 2341	 (16391, 44)             | 82.96     (-0.33)
	............................................................new week............................................................
	Eosinophil_count_21                                                        | 2342	 (16395, 44)             | 0.01      (-0.48)
	Haematocrit_15                                                             | 2342	 (16397, 44)             | 0.33      (-0.17)
	Haemoglobin_estimation_9                                                   | 2342	 (16397, 44)             | 106.59    (-0.17)
	Lymphocyte_count_20                                                        | 2342	 (16397, 44)             | 1.80      (-0.49)
	Mean_corpusc_Hb_conc__MCHC__14                                             | 2342	 (16397, 44)             | 300.76    (0.09)
	Mean_corpusc_haemoglobin_MCH__13                                           | 2342	 (16399, 44)             | 33.41     (-0.17)
	............................................................new week............................................................
	Mean_corpuscular_volume__MCV__11                                           | 2343	 (16406, 44)             | 105.14    (-0.10)
	Neutrophil_count_19                                                        | 2343	 (16406, 44)             | 1.79      (-0.46)
	Platelet_count_12                                                          | 2343	 (16406, 44)             | 1734.79   (-0.50)
	Mean_corpusc_haemoglobin_MCH__13                                           | 2343	 (16406, 44)             | 33.59     (-0.17)
	............................................................new week............................................................
	Mean_corpuscular_volume__MCV__11                                           | 2344	 (16411, 44)             | 100.77    (-0.12)
	Neutrophil_count_19                                                        | 2344	 (16413, 44)             | 7.16      (-0.36)
	............................................................new week............................................................
	Platelet_count_12                                                          | 2345	 (16415, 44)             | 2192.26   (-0.50)
	Serum_alanine_aminotransferase_level_45                                    | 2345	 (16417, 44)             | 28.71     (-0.50)
	Serum_albumin_51                                                           | 2345	 (16417, 44)             | 33.23     (-0.32)
	Serum_alkaline_phosphatase_50                                              | 2345	 (16417, 44)             | 78.50     (-0.50)
	Total_white_cell_count_18                                                  | 2345	 (16417, 44)             | 29.52     (-0.49)
	............................................................new week............................................................
	Body_mass_index_3                                                          | 2360	 (16523, 45)             | 21.80     (-0.37)
	Diastolic_blood_pressure_5                                                 | 2360	 (16525, 45)             | 84.63     (-0.33)
	............................................................new week............................................................
	Systolic_blood_pressure_4                                                  | 2362	 (16537, 45)             | 118.57    (-0.26)
	............................................................new week............................................................
	Weak_Opioids_Final                                                         | 2564	 (17948, 49)             | nan       (nan)
	............................................................new week............................................................
	Weak_Opioids_Final                                                         | 2568	 (17981, 49)             | nan       (nan)
	............................................................new week............................................................
	Basophil_count_22                                                          | 2579	 (18057, 49)             | 0.04      (-0.49)
	............................................................new week............................................................
	Eosinophil_count_21                                                        | 2580	 (18061, 49)             | 0.00      (-0.48)
	GFR_calculated_abbreviated_MDRD_34                                         | 2580	 (18063, 49)             | 99.21     (-0.17)
	Haemoglobin_A1c_level___IFCC_standardised_6                                | 2580	 (18063, 49)             | 35.43     (-0.38)
	Haemoglobin_A1c_level___IFCC_standardised_6                                | 2580	 (18063, 49)             | 38.25     (-0.36)
	Haemoglobin_A1c_level___IFCC_standardised_6                                | 2580	 (18063, 49)             | 35.96     (-0.37)
	............................................................new week............................................................
	Lymphocyte_count_20                                                        | 2581	 (18067, 49)             | 2.42      (-0.49)
	Platelet_count_12                                                          | 2581	 (18067, 49)             | 168730.61 (-0.48)
	Red_blood_cell__RBC__count_10                                              | 2581	 (18067, 49)             | 12.50     (-0.48)
	Red_blood_cell_distribution_width_17                                       | 2581	 (18068, 49)             | 14.83     (-0.45)
	Serum_C_reactive_protein_level_59                                          | 2581	 (18070, 49)             | 1.96      (-0.11)
	Serum_HDL_cholesterol_level_100                                            | 2581	 (18070, 49)             | 3.48      (0.39)
	Serum_cholesterol_97                                                       | 2581	 (18070, 49)             | 6.06      (-0.41)
	............................................................new week............................................................
	ARBs_Luyuan                                                                | 2583	 (18085, 49)             | nan       (nan)
	............................................................new week............................................................
	ARBs_Luyuan                                                                | 2587	 (18112, 49)             | nan       (nan)
	............................................................new week............................................................
	ARBs_Luyuan                                                                | 2596	 (18172, 49)             | nan       (nan)
	............................................................new week............................................................
	ARBs_Luyuan                                                                | 2600	 (18205, 49)             | nan       (nan)
	............................................................new week............................................................
	Haemoglobin_estimation_9                                                   | 2606	 (18247, 49)             | 17.41     (-0.47)
	............................................................new week............................................................
	O_E___height_1                                                             | 2607	 (18253, 50)             | 157.29    (0.04)
	O_E___weight_2                                                             | 2607	 (18253, 50)             | 57.64     (-0.41)
	............................................................new week............................................................
	Weak_Opioids_Final                                                         | 2611	 (18282, 50)             | nan       (nan)
	............................................................new week............................................................
	ARBs_Luyuan                                                                | 2614	 (18299, 50)             | nan       (nan)
	Basophil_count_22                                                          | 2614	 (18300, 50)             | 0.07      (-0.48)
	Diastolic_blood_pressure_5                                                 | 2614	 (18300, 50)             | 74.36     (-0.36)
	Eosinophil_count_21                                                        | 2614	 (18302, 50)             | 0.15      (-0.47)
	GFR_calculated_abbreviated_MDRD_34                                         | 2614	 (18302, 50)             | 87.66     (-0.21)
	Haematocrit_15                                                             | 2614	 (18304, 50)             | 0.38      (-0.12)
	Haemoglobin_A1c_level___IFCC_standardised_6                                | 2614	 (18304, 50)             | 39.21     (-0.36)
	Haemoglobin_A1c_level___IFCC_standardised_6                                | 2614	 (18304, 50)             | 29.95     (-0.40)
	Haemoglobin_estimation_9                                                   | 2614	 (18304, 50)             | 124.03    (-0.11)
	Lymphocyte_count_20                                                        | 2614	 (18304, 50)             | 1.44      (-0.49)
	Mean_corpusc_Hb_conc__MCHC__14                                             | 2614	 (18304, 50)             | 313.38    (0.12)
	Mean_corpusc_haemoglobin_MCH__13                                           | 2614	 (18304, 50)             | 34.16     (-0.17)
	Mean_corpuscular_volume__MCV__11                                           | 2614	 (18304, 50)             | 109.09    (-0.09)
	............................................................new week............................................................
	Monocyte_count_23                                                          | 2615	 (18308, 50)             | 0.45      (-0.48)
	Neutrophil_count_19                                                        | 2615	 (18308, 50)             | -0.16     (-0.50)
	O_E___weight_2                                                             | 2615	 (18308, 50)             | 58.96     (-0.41)
	Platelet_count_12                                                          | 2615	 (18309, 50)             | 1519.02   (-0.50)
	Red_blood_cell__RBC__count_10                                              | 2615	 (18309, 50)             | 6.86      (-0.49)
	Red_blood_cell_distribution_width_17                                       | 2615	 (18309, 50)             | 18.10     (-0.41)
	............................................................new week............................................................
	Serum_C_reactive_protein_level_59                                          | 2616	 (18313, 50)             | 3.52      (-0.05)
	............................................................new week............................................................
	Serum_HDL_cholesterol_level_100                                            | 2617	 (18319, 50)             | 2.68      (0.19)
	Serum_alanine_aminotransferase_level_45                                    | 2617	 (18319, 50)             | 17.97     (-0.50)
	Serum_albumin_51                                                           | 2617	 (18322, 50)             | 38.57     (-0.29)
	Serum_alkaline_phosphatase_50                                              | 2617	 (18322, 50)             | 52.59     (-0.50)
	Serum_cholesterol_97                                                       | 2617	 (18322, 50)             | 6.27      (-0.41)
	Serum_creatinine_31                                                        | 2617	 (18322, 50)             | 107.45    (-0.49)
	............................................................new week............................................................
	Serum_potassium_26                                                         | 2618	 (18328, 50)             | 4.47      (-0.06)
	Serum_sodium_24                                                            | 2618	 (18328, 50)             | 144.44    (-0.01)
	Serum_urea_level_29                                                        | 2618	 (18328, 50)             | 5.97      (0.08)
	............................................................new week............................................................
	ARBs_Luyuan                                                                | 2620	 (18346, 50)             | nan       (nan)
	............................................................new week............................................................
	Basophil_count_22                                                          | 2621	 (18351, 50)             | 0.00      (-0.49)
	Eosinophil_count_21                                                        | 2621	 (18351, 50)             | -0.05     (-0.49)
	GFR_calculated_abbreviated_MDRD_34                                         | 2621	 (18351, 50)             | 97.66     (-0.17)
	Haematocrit_15                                                             | 2621	 (18351, 50)             | 0.40      (-0.10)
	Haemoglobin_A1c_level___IFCC_standardised_6                                | 2621	 (18351, 50)             | 34.90     (-0.38)
	Haemoglobin_estimation_9                                                   | 2621	 (18351, 50)             | 124.14    (-0.11)
	Lymphocyte_count_20                                                        | 2621	 (18353, 50)             | 1.05      (-0.50)
	Mean_corpusc_Hb_conc__MCHC__14                                             | 2621	 (18353, 50)             | 300.82    (0.09)
	Mean_corpusc_haemoglobin_MCH__13                                           | 2621	 (18353, 50)             | 30.26     (-0.20)
	............................................................new week............................................................
	Mean_corpuscular_volume__MCV__11                                           | 2622	 (18357, 50)             | 98.95     (-0.13)
	Neutrophil_count_19                                                        | 2622	 (18357, 50)             | 4.00      (-0.42)
	Platelet_count_12                                                          | 2622	 (18359, 50)             | 247.96    (-0.50)
	Serum_TSH_level_71                                                         | 2622	 (18359, 50)             | 4.26      (-0.49)
	............................................................new week............................................................
	Diastolic_blood_pressure_5                                                 | 2623	 (18366, 50)             | 83.33     (-0.33)
	Systolic_blood_pressure_4                                                  | 2623	 (18366, 50)             | 107.88    (-0.29)
