STATIC INFORMATION
========================================================================================================================
	SEX:               M
	IMD:               4.0
	ETHNICITY:         ASIAN
	birth_year:        1982.0


GIVEN PATIENT CONTEXT
========================================================================================================================
	EVENT                                                                     | AGE IN WEEKS (days, years)   | VALUE
	............................................................new week............................................................
	Body_mass_index_3                                                          | 1481	 (10372, 28)             | 24.00     (-0.35)
	Never_smoked_tobacco_85                                                    | 1481	 (10372, 28)             | nan       (nan)
	O_E___height_1                                                             | 1481	 (10372, 28)             | 175.30    (0.12)
	O_E___weight_2                                                             | 1481	 (10372, 28)             | 74.00     (-0.39)
	............................................................new week............................................................
	AST_serum_level_47                                                         | 1524	 (10674, 29)             | 20.00     (-0.50)
	Basophil_count_22                                                          | 1524	 (10674, 29)             | 0.00      (-0.49)
	Corrected_serum_calcium_level_42                                           | 1524	 (10674, 29)             | 2.40      (-0.27)
	Eosinophil_count_21                                                        | 1524	 (10674, 29)             | 0.40      (-0.44)
	GFR_calculated_abbreviated_MDRD_34                                         | 1524	 (10674, 29)             | 60.00     (-0.30)
	Haematocrit_15                                                             | 1524	 (10674, 29)             | 0.39      (-0.11)
	Haemoglobin_A1c_level___IFCC_standardised_6                                | 1524	 (10674, 29)             | 41.00     (-0.35)
	Haemoglobin_A1c_level_8                                                    | 1524	 (10674, 29)             | 5.90      (-0.50)
	Haemoglobin_estimation_9                                                   | 1524	 (10674, 29)             | 12.80     (-0.49)
	Lymphocyte_count_20                                                        | 1524	 (10674, 29)             | 2.00      (-0.49)
	Mean_corpusc_Hb_conc__MCHC__14                                             | 1524	 (10674, 29)             | 32.50     (-0.45)
	Mean_corpusc_haemoglobin_MCH__13                                           | 1524	 (10674, 29)             | 28.70     (-0.22)
	Mean_corpuscular_volume__MCV__11                                           | 1524	 (10674, 29)             | 88.50     (-0.17)
	Monocyte_count_23                                                          | 1524	 (10674, 29)             | 0.40      (-0.48)
	Neutrophil_count_19                                                        | 1524	 (10674, 29)             | 1.70      (-0.47)
	Platelet_count_12                                                          | 1524	 (10674, 29)             | 202.95    (-0.50)
	Red_blood_cell__RBC__count_10                                              | 1524	 (10674, 29)             | 4.44      (-0.49)
	Red_blood_cell_distribution_width_17                                       | 1524	 (10674, 29)             | 12.40     (-0.48)
	Serum_HDL_cholesterol_level_100                                            | 1524	 (10674, 29)             | 1.63      (-0.08)
	Serum_LDL_cholesterol_level_102                                            | 1524	 (10674, 29)             | 2.80      (-0.41)
	Serum_TSH_level_71                                                         | 1524	 (10674, 29)             | 6.34      (-0.49)
	Serum_albumin_51                                                           | 1524	 (10674, 29)             | 44.00     (-0.26)
	Serum_alkaline_phosphatase_50                                              | 1524	 (10674, 29)             | 68.00     (-0.50)
	Serum_calcium_39                                                           | 1524	 (10674, 29)             | 2.38      (-0.27)
	Serum_cholesterol_97                                                       | 1524	 (10674, 29)             | 4.80      (-0.44)
	Serum_creatinine_31                                                        | 1524	 (10674, 29)             | 76.00     (-0.49)
	Serum_ferritin_63                                                          | 1524	 (10674, 29)             | 82.00     (-0.50)
	Serum_folate_80                                                            | 1524	 (10674, 29)             | 13.40     (0.22)
	Serum_free_T4_level_75                                                     | 1524	 (10674, 29)             | 15.60     (-0.50)
	Serum_potassium_26                                                         | 1524	 (10674, 29)             | 5.40      (0.04)
	Serum_sodium_24                                                            | 1524	 (10674, 29)             | 144.00    (-0.01)
	Serum_total_bilirubin_level_56                                             | 1524	 (10674, 29)             | 7.00      (-0.49)
	Serum_triglycerides_105                                                    | 1524	 (10674, 29)             | 0.80      (-0.49)
	Serum_urea_level_29                                                        | 1524	 (10674, 29)             | 4.00      (-0.12)
	Serum_vitamin_B12_79                                                       | 1524	 (10674, 29)             | 111.00    (-0.49)
	Total_cholesterol_HDL_ratio_95                                             | 1524	 (10674, 29)             | 2.90      (-0.49)
	Total_white_cell_count_18                                                  | 1524	 (10674, 29)             | 4.60      (-0.50)
	............................................................new week............................................................
	Never_smoked_tobacco_85                                                    | 1574	 (11018, 30)             | nan       (nan)
	Antihistamines_second_generation_H1_antagonists                            | 1574	 (11018, 30)             | nan       (nan)
	Basophil_count_22                                                          | 1574	 (11019, 30)             | 0.00      (-0.49)
	Eosinophil_count_21                                                        | 1574	 (11019, 30)             | 0.40      (-0.44)
	GFR_calculated_abbreviated_MDRD_34                                         | 1574	 (11019, 30)             | 60.00     (-0.30)
	Haematocrit_15                                                             | 1574	 (11019, 30)             | 0.41      (-0.09)
	Haemoglobin_estimation_9                                                   | 1574	 (11019, 30)             | 13.50     (-0.49)
	Lymphocyte_count_20                                                        | 1574	 (11019, 30)             | 2.00      (-0.49)
	Mean_corpusc_Hb_conc__MCHC__14                                             | 1574	 (11019, 30)             | 32.80     (-0.45)
	Mean_corpusc_haemoglobin_MCH__13                                           | 1574	 (11019, 30)             | 28.30     (-0.22)
	Mean_corpuscular_volume__MCV__11                                           | 1574	 (11019, 30)             | 86.20     (-0.18)
	Monocyte_count_23                                                          | 1574	 (11019, 30)             | 0.50      (-0.47)
	Neutrophil_count_19                                                        | 1574	 (11019, 30)             | 3.00      (-0.44)
	Platelet_count_12                                                          | 1574	 (11019, 30)             | 210.11    (-0.50)
	Red_blood_cell__RBC__count_10                                              | 1574	 (11019, 30)             | 4.77      (-0.49)
	Serum_HDL_cholesterol_level_100                                            | 1574	 (11019, 30)             | 1.61      (-0.09)
	Serum_LDL_cholesterol_level_102                                            | 1574	 (11019, 30)             | 3.00      (-0.40)
	Serum_TSH_level_71                                                         | 1574	 (11019, 30)             | 3.97      (-0.49)
	Serum_cholesterol_97                                                       | 1574	 (11019, 30)             | 5.10      (-0.43)
	Serum_creatinine_31                                                        | 1574	 (11019, 30)             | 73.00     (-0.49)
	Serum_potassium_26                                                         | 1574	 (11019, 30)             | 5.20      (0.02)
	Serum_sodium_24                                                            | 1574	 (11019, 30)             | 144.00    (-0.01)
	Serum_triglycerides_105                                                    | 1574	 (11019, 30)             | 1.10      (-0.49)
	Serum_urea_level_29                                                        | 1574	 (11019, 30)             | 4.10      (-0.11)
	Total_cholesterol_HDL_ratio_95                                             | 1574	 (11019, 30)             | 3.20      (-0.49)
	Total_white_cell_count_18                                                  | 1574	 (11019, 30)             | 5.90      (-0.50)
	............................................................new week............................................................
	Nasal_steroids_optimal                                                     | 1576	 (11036, 30)             | nan       (nan)

========================================================================================================================
DIAGNOSIS SUMMARY
[]
========================================================================================================================


PREDICTED FUTURE EVENTS
========================================================================================================================
	EVENT                                                                     | AGE IN WEEKS (days, years)  | VALUE
	............................................................new week............................................................
	Never_smoked_tobacco_85                                                    | 1616	 (11317, 31)             | 0.00      (1.89)
	............................................................new week............................................................
	Paracetamol_OPTIMAL                                                        | 1704	 (11934, 32)             | nan       (nan)
	............................................................new week............................................................
	AST___aspartate_transam_SGOT__46                                           | 1731	 (12121, 33)             | 10.83     (-0.50)
	............................................................new week............................................................
	Serum_ferritin_63                                                          | 1745	 (12217, 33)             | 572.54    (-0.50)
	............................................................new week............................................................
	Serum_albumin_51                                                           | 1757	 (12300, 33)             | 50.31     (-0.23)
	............................................................new week............................................................
	Weak_Opioids_Final                                                         | 1759	 (12314, 33)             | nan       (nan)
	............................................................new week............................................................
	Diastolic_blood_pressure_5                                                 | 1795	 (12568, 34)             | 81.94     (-0.34)
	Serum_HDL_cholesterol_level_100                                            | 1795	 (12570, 34)             | 2.51      (0.14)
	............................................................new week............................................................
	Systolic_blood_pressure_4                                                  | 1796	 (12572, 34)             | 128.39    (-0.23)
	Serum_cholesterol_97                                                       | 1796	 (12576, 34)             | 5.17      (-0.43)
	Systolic_blood_pressure_4                                                  | 1796	 (12577, 34)             | 128.45    (-0.23)
	............................................................new week............................................................
	OSTEOARTHRITIS                                                             | 1819	 (12736, 34)             | nan       (nan)
	............................................................new week............................................................
	Weak_Opioids_Final                                                         | 1831	 (12820, 35)             | nan       (nan)
	............................................................new week............................................................
	Serum_albumin_51                                                           | 1834	 (12839, 35)             | 47.26     (-0.25)
	............................................................new week............................................................
	Body_mass_index_3                                                          | 1838	 (12866, 35)             | 22.34     (-0.36)
	............................................................new week............................................................
	Diastolic_blood_pressure_5                                                 | 1842	 (12899, 35)             | 84.24     (-0.33)
	............................................................new week............................................................
	Levothyroxine_                                                             | 1843	 (12901, 35)             | nan       (nan)
	............................................................new week............................................................
	Never_smoked_tobacco_85                                                    | 1882	 (13175, 36)             | 0.00      (0.14)
	............................................................new week............................................................
	Serum_TSH_level_71                                                         | 1890	 (13235, 36)             | -7.83     (-0.51)
	Never_smoked_tobacco_85                                                    | 1890	 (13235, 36)             | 0.00      (1.66)
	............................................................new week............................................................
	OSTEOARTHRITIS                                                             | 1899	 (13293, 36)             | nan       (nan)
	Serum_HDL_cholesterol_level_100                                            | 1899	 (13299, 36)             | 2.79      (0.21)
	............................................................new week............................................................
	Basophil_count_22                                                          | 1910	 (13376, 36)             | -0.04     (-0.49)
	............................................................new week............................................................
	Haemoglobin_A1c_level___IFCC_standardised_6                                | 1911	 (13377, 36)             | 31.85     (-0.39)
	............................................................new week............................................................
	Serum_HDL_cholesterol_level_100                                            | 1958	 (13712, 37)             | 1.94      (-0.00)
	............................................................new week............................................................
	GFR_calculated_abbreviated_MDRD_34                                         | 1968	 (13781, 37)             | 52.87     (-0.32)
	............................................................new week............................................................
	All_Diuretics_D2T                                                          | 1978	 (13852, 37)             | nan       (nan)
	............................................................new week............................................................
	Never_smoked_tobacco_85                                                    | 2006	 (14048, 38)             | 0.00      (-0.35)
	............................................................new week............................................................
	CKDSTAGE3TO5                                                               | 2008	 (14059, 38)             | nan       (nan)
	............................................................new week............................................................
	Serum_HDL_cholesterol_level_100                                            | 2016	 (14116, 38)             | 0.75      (-0.31)
	............................................................new week............................................................
	Body_mass_index_3                                                          | 2021	 (14147, 38)             | 21.82     (-0.37)
	............................................................new week............................................................
	Never_smoked_tobacco_85                                                    | 2032	 (14227, 38)             | 0.00      (0.26)
	............................................................new week............................................................
	Serum_TSH_level_71                                                         | 2038	 (14271, 39)             | 30.61     (-0.44)
	............................................................new week............................................................
	AST___aspartate_transam_SGOT__46                                           | 2047	 (14335, 39)             | 137.47    (-0.50)
	Basophil_count_22                                                          | 2047	 (14335, 39)             | -0.04     (-0.49)
	............................................................new week............................................................
	Plasma_TSH_level_73                                                        | 2053	 (14375, 39)             | -9.57     (-0.52)
	............................................................new week............................................................
	Serum_HDL_cholesterol_level_100                                            | 2059	 (14419, 39)             | 1.22      (-0.19)
	............................................................new week............................................................
	NSAIDS_oral_OPTIMAL_final                                                  | 2064	 (14450, 39)             | nan       (nan)
	............................................................new week............................................................
	Diastolic_blood_pressure_5                                                 | 2067	 (14474, 39)             | 69.18     (-0.37)
	............................................................new week............................................................
	Diastolic_blood_pressure_5                                                 | 2068	 (14479, 39)             | 57.40     (-0.40)
	............................................................new week............................................................
	Weak_Opioids_Final                                                         | 2078	 (14548, 39)             | nan       (nan)
	............................................................new week............................................................
	Never_smoked_tobacco_85                                                    | 2109	 (14766, 40)             | 0.00      (1.06)
	............................................................new week............................................................
	Lipid_lowering_drugs_Optimal                                               | 2130	 (14910, 40)             | nan       (nan)
	............................................................new week............................................................
	All_Diuretics_D2T                                                          | 2140	 (14985, 41)             | nan       (nan)
	............................................................new week............................................................
	TSH___thyroid_stim_hormone_72                                              | 2142	 (14996, 41)             | 0.56      (-0.50)
	............................................................new week............................................................
	Body_mass_index_3                                                          | 2165	 (15157, 41)             | 16.38     (-0.41)
	............................................................new week............................................................
	Paracetamol_OPTIMAL                                                        | 2170	 (15190, 41)             | nan       (nan)
	............................................................new week............................................................
	Levothyroxine_                                                             | 2175	 (15226, 41)             | nan       (nan)
	............................................................new week............................................................
	Bisphosphonates_osteoporosis                                               | 2176	 (15237, 41)             | nan       (nan)
	............................................................new week............................................................
	Never_smoked_tobacco_85                                                    | 2188	 (15318, 41)             | 0.00      (-0.51)
