STATIC INFORMATION
========================================================================================================================
	SEX:               M
	IMD:               4.0
	ETHNICITY:         ASIAN
	birth_year:        1982.0


GIVEN PATIENT CONTEXT
========================================================================================================================
	EVENT                                                                     | AGE IN WEEKS (days, years)   | VALUE
	............................................................new week............................................................
	Body_mass_index_3                                                          | 1481	 (10372, 28)             | 24.00     (-0.35)
	Never_smoked_tobacco_85                                                    | 1481	 (10372, 28)             | nan       (nan)
	O_E___height_1                                                             | 1481	 (10372, 28)             | 175.30    (0.12)
	O_E___weight_2                                                             | 1481	 (10372, 28)             | 74.00     (-0.39)
	............................................................new week............................................................
	AST_serum_level_47                                                         | 1524	 (10674, 29)             | 20.00     (-0.50)
	Basophil_count_22                                                          | 1524	 (10674, 29)             | 0.00      (-0.49)
	Corrected_serum_calcium_level_42                                           | 1524	 (10674, 29)             | 2.40      (-0.27)
	Eosinophil_count_21                                                        | 1524	 (10674, 29)             | 0.40      (-0.44)
	GFR_calculated_abbreviated_MDRD_34                                         | 1524	 (10674, 29)             | 60.00     (-0.30)
	Haematocrit_15                                                             | 1524	 (10674, 29)             | 0.39      (-0.11)
	Haemoglobin_A1c_level___IFCC_standardised_6                                | 1524	 (10674, 29)             | 41.00     (-0.35)
	Haemoglobin_A1c_level_8                                                    | 1524	 (10674, 29)             | 5.90      (-0.50)
	Haemoglobin_estimation_9                                                   | 1524	 (10674, 29)             | 12.80     (-0.49)
	Lymphocyte_count_20                                                        | 1524	 (10674, 29)             | 2.00      (-0.49)
	Mean_corpusc_Hb_conc__MCHC__14                                             | 1524	 (10674, 29)             | 32.50     (-0.45)
	Mean_corpusc_haemoglobin_MCH__13                                           | 1524	 (10674, 29)             | 28.70     (-0.22)
	Mean_corpuscular_volume__MCV__11                                           | 1524	 (10674, 29)             | 88.50     (-0.17)
	Monocyte_count_23                                                          | 1524	 (10674, 29)             | 0.40      (-0.48)
	Neutrophil_count_19                                                        | 1524	 (10674, 29)             | 1.70      (-0.47)
	Platelet_count_12                                                          | 1524	 (10674, 29)             | 202.95    (-0.50)
	Red_blood_cell__RBC__count_10                                              | 1524	 (10674, 29)             | 4.44      (-0.49)
	Red_blood_cell_distribution_width_17                                       | 1524	 (10674, 29)             | 12.40     (-0.48)
	Serum_HDL_cholesterol_level_100                                            | 1524	 (10674, 29)             | 1.63      (-0.08)
	Serum_LDL_cholesterol_level_102                                            | 1524	 (10674, 29)             | 2.80      (-0.41)
	Serum_TSH_level_71                                                         | 1524	 (10674, 29)             | 6.34      (-0.49)
	Serum_albumin_51                                                           | 1524	 (10674, 29)             | 44.00     (-0.26)
	Serum_alkaline_phosphatase_50                                              | 1524	 (10674, 29)             | 68.00     (-0.50)
	Serum_calcium_39                                                           | 1524	 (10674, 29)             | 2.38      (-0.27)
	Serum_cholesterol_97                                                       | 1524	 (10674, 29)             | 4.80      (-0.44)
	Serum_creatinine_31                                                        | 1524	 (10674, 29)             | 76.00     (-0.49)
	Serum_ferritin_63                                                          | 1524	 (10674, 29)             | 82.00     (-0.50)
	Serum_folate_80                                                            | 1524	 (10674, 29)             | 13.40     (0.22)
	Serum_free_T4_level_75                                                     | 1524	 (10674, 29)             | 15.60     (-0.50)
	Serum_potassium_26                                                         | 1524	 (10674, 29)             | 5.40      (0.04)
	Serum_sodium_24                                                            | 1524	 (10674, 29)             | 144.00    (-0.01)
	Serum_total_bilirubin_level_56                                             | 1524	 (10674, 29)             | 7.00      (-0.49)
	Serum_triglycerides_105                                                    | 1524	 (10674, 29)             | 0.80      (-0.49)
	Serum_urea_level_29                                                        | 1524	 (10674, 29)             | 4.00      (-0.12)
	Serum_vitamin_B12_79                                                       | 1524	 (10674, 29)             | 111.00    (-0.49)
	Total_cholesterol_HDL_ratio_95                                             | 1524	 (10674, 29)             | 2.90      (-0.49)
	Total_white_cell_count_18                                                  | 1524	 (10674, 29)             | 4.60      (-0.50)
	............................................................new week............................................................
	Never_smoked_tobacco_85                                                    | 1574	 (11018, 30)             | nan       (nan)
	Antihistamines_second_generation_H1_antagonists                            | 1574	 (11018, 30)             | nan       (nan)
	Basophil_count_22                                                          | 1574	 (11019, 30)             | 0.00      (-0.49)
	Eosinophil_count_21                                                        | 1574	 (11019, 30)             | 0.40      (-0.44)
	GFR_calculated_abbreviated_MDRD_34                                         | 1574	 (11019, 30)             | 60.00     (-0.30)
	Haematocrit_15                                                             | 1574	 (11019, 30)             | 0.41      (-0.09)
	Haemoglobin_estimation_9                                                   | 1574	 (11019, 30)             | 13.50     (-0.49)
	Lymphocyte_count_20                                                        | 1574	 (11019, 30)             | 2.00      (-0.49)
	Mean_corpusc_Hb_conc__MCHC__14                                             | 1574	 (11019, 30)             | 32.80     (-0.45)
	Mean_corpusc_haemoglobin_MCH__13                                           | 1574	 (11019, 30)             | 28.30     (-0.22)
	Mean_corpuscular_volume__MCV__11                                           | 1574	 (11019, 30)             | 86.20     (-0.18)
	Monocyte_count_23                                                          | 1574	 (11019, 30)             | 0.50      (-0.47)
	Neutrophil_count_19                                                        | 1574	 (11019, 30)             | 3.00      (-0.44)
	Platelet_count_12                                                          | 1574	 (11019, 30)             | 210.11    (-0.50)
	Red_blood_cell__RBC__count_10                                              | 1574	 (11019, 30)             | 4.77      (-0.49)
	Serum_HDL_cholesterol_level_100                                            | 1574	 (11019, 30)             | 1.61      (-0.09)
	Serum_LDL_cholesterol_level_102                                            | 1574	 (11019, 30)             | 3.00      (-0.40)
	Serum_TSH_level_71                                                         | 1574	 (11019, 30)             | 3.97      (-0.49)
	Serum_cholesterol_97                                                       | 1574	 (11019, 30)             | 5.10      (-0.43)
	Serum_creatinine_31                                                        | 1574	 (11019, 30)             | 73.00     (-0.49)
	Serum_potassium_26                                                         | 1574	 (11019, 30)             | 5.20      (0.02)
	Serum_sodium_24                                                            | 1574	 (11019, 30)             | 144.00    (-0.01)
	Serum_triglycerides_105                                                    | 1574	 (11019, 30)             | 1.10      (-0.49)
	Serum_urea_level_29                                                        | 1574	 (11019, 30)             | 4.10      (-0.11)
	Total_cholesterol_HDL_ratio_95                                             | 1574	 (11019, 30)             | 3.20      (-0.49)
	Total_white_cell_count_18                                                  | 1574	 (11019, 30)             | 5.90      (-0.50)
	............................................................new week............................................................
	Nasal_steroids_optimal                                                     | 1576	 (11036, 30)             | nan       (nan)

========================================================================================================================
DIAGNOSIS SUMMARY
[]
========================================================================================================================


PREDICTED FUTURE EVENTS
========================================================================================================================
	EVENT                                                                     | AGE IN WEEKS (days, years)  | VALUE
	............................................................new week............................................................
	Serum_HDL_cholesterol_level_100                                            | 1577	 (11039, 30)             | 3.57      (0.42)
	............................................................new week............................................................
	Haematocrit_15                                                             | 1671	 (11700, 32)             | 0.35      (-0.15)
	Plasma_alanine_aminotransferase_level_44                                   | 1671	 (11702, 32)             | -207.89   (-0.51)
	............................................................new week............................................................
	Lipid_lowering_drugs_Optimal                                               | 1673	 (11717, 32)             | nan       (nan)
	............................................................new week............................................................
	Never_smoked_tobacco_85                                                    | 1725	 (12080, 33)             | 0.00      (0.95)
	............................................................new week............................................................
	Serum_total_cholesterol_level_98                                           | 1726	 (12084, 33)             | 6.78      (-0.39)
	Total_white_cell_count_18                                                  | 1726	 (12088, 33)             | -9.27     (-0.50)
	............................................................new week............................................................
	Vitamin_D                                                                  | 1755	 (12291, 33)             | nan       (nan)
	............................................................new week............................................................
	Serum_TSH_level_71                                                         | 1758	 (12311, 33)             | 7.02      (-0.48)
	............................................................new week............................................................
	Haemoglobin_A1c_level___IFCC_standardised_6                                | 1807	 (12652, 34)             | 52.05     (-0.31)
	............................................................new week............................................................
	Haemoglobin_A1c_level___IFCC_standardised_6                                | 1809	 (12669, 34)             | 29.46     (-0.40)
	............................................................new week............................................................
	Serum_ferritin_63                                                          | 1818	 (12727, 34)             | 3500.23   (-0.49)
	Urine_albumin_creatinine_ratio_35                                          | 1818	 (12727, 34)             | -14.78    (-0.54)
	............................................................new week............................................................
	Levothyroxine_                                                             | 1846	 (12926, 35)             | nan       (nan)
	............................................................new week............................................................
	Diastolic_blood_pressure_5                                                 | 1847	 (12932, 35)             | 82.34     (-0.34)
	............................................................new week............................................................
	GFR_calculated_abbreviated_MDRD_34                                         | 1849	 (12945, 35)             | 121.91    (-0.09)
	............................................................new week............................................................
	Serum_alanine_aminotransferase_level_45                                    | 1855	 (12990, 35)             | 132.48    (-0.50)
	............................................................new week............................................................
	Serum_ferritin_63                                                          | 1859	 (13014, 35)             | 610.04    (-0.50)
	Body_mass_index_3                                                          | 1859	 (13019, 35)             | 18.56     (-0.39)
	............................................................new week............................................................
	Antihistamines_second_generation_H1_antagonists                            | 1871	 (13100, 35)             | nan       (nan)
	............................................................new week............................................................
	Haematocrit_15                                                             | 1879	 (13153, 36)             | 0.33      (-0.17)
	............................................................new week............................................................
	Serum_TSH_level_71                                                         | 1882	 (13175, 36)             | 7.95      (-0.48)
	............................................................new week............................................................
	Haemoglobin_A1c_level___IFCC_standardised_6                                | 1883	 (13186, 36)             | 43.92     (-0.34)
	............................................................new week............................................................
	Never_smoked_tobacco_85                                                    | 1885	 (13198, 36)             | 0.00      (0.21)
	............................................................new week............................................................
	GFR_calculated_abbreviated_MDRD_34                                         | 1896	 (13277, 36)             | 61.19     (-0.30)
	............................................................new week............................................................
	CKDSTAGE3TO5                                                               | 1899	 (13295, 36)             | nan       (nan)
	Weak_Opioids_Final                                                         | 1899	 (13299, 36)             | nan       (nan)
	............................................................new week............................................................
	Levothyroxine_                                                             | 1923	 (13462, 36)             | nan       (nan)
	............................................................new week............................................................
	Basophil_count_22                                                          | 1927	 (13489, 36)             | -0.11     (-0.50)
	............................................................new week............................................................
	Never_smoked_tobacco_85                                                    | 1966	 (13767, 37)             | 0.00      (2.88)
	............................................................new week............................................................
	Levothyroxine_                                                             | 1967	 (13772, 37)             | nan       (nan)
	............................................................new week............................................................
	Serum_TSH_level_71                                                         | 1975	 (13827, 37)             | -3.05     (-0.50)
	............................................................new week............................................................
	Serum_TSH_level_71                                                         | 1978	 (13851, 37)             | -6.46     (-0.51)
	............................................................new week............................................................
	Serum_TSH_level_71                                                         | 1981	 (13873, 38)             | 7.11      (-0.48)
	............................................................new week............................................................
	Serum_TSH_level_71                                                         | 1982	 (13874, 38)             | -27.98    (-0.55)
	............................................................new week............................................................
	Serum_TSH_level_71                                                         | 1986	 (13902, 38)             | 15.47     (-0.47)
	............................................................new week............................................................
	Levothyroxine_                                                             | 1999	 (13995, 38)             | nan       (nan)
	............................................................new week............................................................
	Levothyroxine_                                                             | 2007	 (14052, 38)             | nan       (nan)
	............................................................new week............................................................
	Levothyroxine_                                                             | 2018	 (14130, 38)             | nan       (nan)
	............................................................new week............................................................
	Serum_ferritin_63                                                          | 2021	 (14147, 38)             | 8522.22   (-0.48)
	............................................................new week............................................................
	Levothyroxine_                                                             | 2022	 (14156, 38)             | nan       (nan)
	............................................................new week............................................................
	Levothyroxine_                                                             | 2025	 (14181, 38)             | nan       (nan)
	............................................................new week............................................................
	Serum_vitamin_B12_79                                                       | 2026	 (14183, 38)             | 688.21    (-0.47)
	............................................................new week............................................................
	ARBs_Luyuan                                                                | 2027	 (14194, 38)             | nan       (nan)
	............................................................new week............................................................
	Body_mass_index_3                                                          | 2033	 (14236, 39)             | 24.13     (-0.35)
	............................................................new week............................................................
	Levothyroxine_                                                             | 2035	 (14247, 39)             | nan       (nan)
	Levothyroxine_                                                             | 2035	 (14251, 39)             | nan       (nan)
	............................................................new week............................................................
	Basophil_count_22                                                          | 2043	 (14306, 39)             | 0.01      (-0.49)
	............................................................new week............................................................
	Basophil_count_22                                                          | 2053	 (14371, 39)             | 0.14      (-0.48)
	............................................................new week............................................................
	Diastolic_blood_pressure_5                                                 | 2055	 (14391, 39)             | 100.65    (-0.29)
