STATIC INFORMATION
========================================================================================================================
	SEX:               M
	IMD:               4.0
	ETHNICITY:         ASIAN
	birth_year:        1982.0


GIVEN PATIENT CONTEXT
========================================================================================================================
	EVENT                                                                     | AGE IN WEEKS (days, years)   | VALUE
	............................................................new week............................................................
	Body_mass_index_3                                                          | 1481	 (10372, 28)             | 24.00     (-0.35)
	Never_smoked_tobacco_85                                                    | 1481	 (10372, 28)             | nan       (nan)
	O_E___height_1                                                             | 1481	 (10372, 28)             | 175.30    (0.12)
	O_E___weight_2                                                             | 1481	 (10372, 28)             | 74.00     (-0.39)
	............................................................new week............................................................
	AST_serum_level_47                                                         | 1524	 (10674, 29)             | 20.00     (-0.50)
	Basophil_count_22                                                          | 1524	 (10674, 29)             | 0.00      (-0.49)
	Corrected_serum_calcium_level_42                                           | 1524	 (10674, 29)             | 2.40      (-0.27)
	Eosinophil_count_21                                                        | 1524	 (10674, 29)             | 0.40      (-0.44)
	GFR_calculated_abbreviated_MDRD_34                                         | 1524	 (10674, 29)             | 60.00     (-0.30)
	Haematocrit_15                                                             | 1524	 (10674, 29)             | 0.39      (-0.11)
	Haemoglobin_A1c_level___IFCC_standardised_6                                | 1524	 (10674, 29)             | 41.00     (-0.35)
	Haemoglobin_A1c_level_8                                                    | 1524	 (10674, 29)             | 5.90      (-0.50)
	Haemoglobin_estimation_9                                                   | 1524	 (10674, 29)             | 12.80     (-0.49)
	Lymphocyte_count_20                                                        | 1524	 (10674, 29)             | 2.00      (-0.49)
	Mean_corpusc_Hb_conc__MCHC__14                                             | 1524	 (10674, 29)             | 32.50     (-0.45)
	Mean_corpusc_haemoglobin_MCH__13                                           | 1524	 (10674, 29)             | 28.70     (-0.22)
	Mean_corpuscular_volume__MCV__11                                           | 1524	 (10674, 29)             | 88.50     (-0.17)
	Monocyte_count_23                                                          | 1524	 (10674, 29)             | 0.40      (-0.48)
	Neutrophil_count_19                                                        | 1524	 (10674, 29)             | 1.70      (-0.47)
	Platelet_count_12                                                          | 1524	 (10674, 29)             | 202.95    (-0.50)
	Red_blood_cell__RBC__count_10                                              | 1524	 (10674, 29)             | 4.44      (-0.49)
	Red_blood_cell_distribution_width_17                                       | 1524	 (10674, 29)             | 12.40     (-0.48)
	Serum_HDL_cholesterol_level_100                                            | 1524	 (10674, 29)             | 1.63      (-0.08)
	Serum_LDL_cholesterol_level_102                                            | 1524	 (10674, 29)             | 2.80      (-0.41)
	Serum_TSH_level_71                                                         | 1524	 (10674, 29)             | 6.34      (-0.49)
	Serum_albumin_51                                                           | 1524	 (10674, 29)             | 44.00     (-0.26)
	Serum_alkaline_phosphatase_50                                              | 1524	 (10674, 29)             | 68.00     (-0.50)
	Serum_calcium_39                                                           | 1524	 (10674, 29)             | 2.38      (-0.27)
	Serum_cholesterol_97                                                       | 1524	 (10674, 29)             | 4.80      (-0.44)
	Serum_creatinine_31                                                        | 1524	 (10674, 29)             | 76.00     (-0.49)
	Serum_ferritin_63                                                          | 1524	 (10674, 29)             | 82.00     (-0.50)
	Serum_folate_80                                                            | 1524	 (10674, 29)             | 13.40     (0.22)
	Serum_free_T4_level_75                                                     | 1524	 (10674, 29)             | 15.60     (-0.50)
	Serum_potassium_26                                                         | 1524	 (10674, 29)             | 5.40      (0.04)
	Serum_sodium_24                                                            | 1524	 (10674, 29)             | 144.00    (-0.01)
	Serum_total_bilirubin_level_56                                             | 1524	 (10674, 29)             | 7.00      (-0.49)
	Serum_triglycerides_105                                                    | 1524	 (10674, 29)             | 0.80      (-0.49)
	Serum_urea_level_29                                                        | 1524	 (10674, 29)             | 4.00      (-0.12)
	Serum_vitamin_B12_79                                                       | 1524	 (10674, 29)             | 111.00    (-0.49)
	Total_cholesterol_HDL_ratio_95                                             | 1524	 (10674, 29)             | 2.90      (-0.49)
	Total_white_cell_count_18                                                  | 1524	 (10674, 29)             | 4.60      (-0.50)
	............................................................new week............................................................
	Never_smoked_tobacco_85                                                    | 1574	 (11018, 30)             | nan       (nan)
	Antihistamines_second_generation_H1_antagonists                            | 1574	 (11018, 30)             | nan       (nan)
	Basophil_count_22                                                          | 1574	 (11019, 30)             | 0.00      (-0.49)
	Eosinophil_count_21                                                        | 1574	 (11019, 30)             | 0.40      (-0.44)
	GFR_calculated_abbreviated_MDRD_34                                         | 1574	 (11019, 30)             | 60.00     (-0.30)
	Haematocrit_15                                                             | 1574	 (11019, 30)             | 0.41      (-0.09)
	Haemoglobin_estimation_9                                                   | 1574	 (11019, 30)             | 13.50     (-0.49)
	Lymphocyte_count_20                                                        | 1574	 (11019, 30)             | 2.00      (-0.49)
	Mean_corpusc_Hb_conc__MCHC__14                                             | 1574	 (11019, 30)             | 32.80     (-0.45)
	Mean_corpusc_haemoglobin_MCH__13                                           | 1574	 (11019, 30)             | 28.30     (-0.22)
	Mean_corpuscular_volume__MCV__11                                           | 1574	 (11019, 30)             | 86.20     (-0.18)
	Monocyte_count_23                                                          | 1574	 (11019, 30)             | 0.50      (-0.47)
	Neutrophil_count_19                                                        | 1574	 (11019, 30)             | 3.00      (-0.44)
	Platelet_count_12                                                          | 1574	 (11019, 30)             | 210.11    (-0.50)
	Red_blood_cell__RBC__count_10                                              | 1574	 (11019, 30)             | 4.77      (-0.49)
	Serum_HDL_cholesterol_level_100                                            | 1574	 (11019, 30)             | 1.61      (-0.09)
	Serum_LDL_cholesterol_level_102                                            | 1574	 (11019, 30)             | 3.00      (-0.40)
	Serum_TSH_level_71                                                         | 1574	 (11019, 30)             | 3.97      (-0.49)
	Serum_cholesterol_97                                                       | 1574	 (11019, 30)             | 5.10      (-0.43)
	Serum_creatinine_31                                                        | 1574	 (11019, 30)             | 73.00     (-0.49)
	Serum_potassium_26                                                         | 1574	 (11019, 30)             | 5.20      (0.02)
	Serum_sodium_24                                                            | 1574	 (11019, 30)             | 144.00    (-0.01)
	Serum_triglycerides_105                                                    | 1574	 (11019, 30)             | 1.10      (-0.49)
	Serum_urea_level_29                                                        | 1574	 (11019, 30)             | 4.10      (-0.11)
	Total_cholesterol_HDL_ratio_95                                             | 1574	 (11019, 30)             | 3.20      (-0.49)
	Total_white_cell_count_18                                                  | 1574	 (11019, 30)             | 5.90      (-0.50)
	............................................................new week............................................................
	Nasal_steroids_optimal                                                     | 1576	 (11036, 30)             | nan       (nan)

========================================================================================================================
DIAGNOSIS SUMMARY
[]
========================================================================================================================


PREDICTED FUTURE EVENTS
========================================================================================================================
	EVENT                                                                     | AGE IN WEEKS (days, years)  | VALUE
	ALLERGICRHINITISCONJ                                                       | 1576	 (11037, 30)             | nan       (nan)
	............................................................new week............................................................
	Diastolic_blood_pressure_5                                                 | 1662	 (11637, 31)             | 71.52     (-0.36)
	............................................................new week............................................................
	Body_mass_index_3                                                          | 1781	 (12470, 34)             | 23.50     (-0.35)
	............................................................new week............................................................
	Lipid_lowering_drugs_Optimal                                               | 1788	 (12519, 34)             | nan       (nan)
	............................................................new week............................................................
	Lipid_lowering_drugs_Optimal                                               | 1791	 (12541, 34)             | nan       (nan)
	............................................................new week............................................................
	Paracetamol_OPTIMAL                                                        | 1855	 (12990, 35)             | nan       (nan)
	............................................................new week............................................................
	Diastolic_blood_pressure_5                                                 | 1870	 (13096, 35)             | 65.65     (-0.38)
	............................................................new week............................................................
	Serum_ferritin_63                                                          | 1871	 (13100, 35)             | 1474.37   (-0.50)
	Systolic_blood_pressure_4                                                  | 1871	 (13100, 35)             | 131.34    (-0.23)
	Systolic_blood_pressure_4                                                  | 1871	 (13100, 35)             | 118.42    (-0.26)
	............................................................new week............................................................
	Never_smoked_tobacco_85                                                    | 1878	 (13147, 36)             | 0.00      (-1.49)
	............................................................new week............................................................
	NSAIDS_oral_OPTIMAL_final                                                  | 1931	 (13518, 37)             | nan       (nan)
	Systolic_blood_pressure_4                                                  | 1931	 (13520, 37)             | 149.88    (-0.18)
	............................................................new week............................................................
	Diastolic_blood_pressure_5                                                 | 1948	 (13639, 37)             | 66.17     (-0.38)
	............................................................new week............................................................
	Serum_alanine_aminotransferase_level_45                                    | 1950	 (13652, 37)             | -86.63    (-0.50)
	Systolic_blood_pressure_4                                                  | 1950	 (13652, 37)             | 138.12    (-0.21)
	............................................................new week............................................................
	Serum_HDL_cholesterol_level_100                                            | 1958	 (13706, 37)             | 3.62      (0.43)
	............................................................new week............................................................
	Serum_total_cholesterol_level_98                                           | 1959	 (13714, 37)             | 7.18      (-0.38)
	............................................................new week............................................................
	Haemoglobin_A1c_level___IFCC_standardised_6                                | 1963	 (13747, 37)             | 40.98     (-0.35)
	............................................................new week............................................................
	Diastolic_blood_pressure_5                                                 | 1966	 (13768, 37)             | 63.30     (-0.39)
	............................................................new week............................................................
	Systolic_blood_pressure_4                                                  | 1967	 (13772, 37)             | 133.08    (-0.22)
	Systolic_blood_pressure_4                                                  | 1967	 (13772, 37)             | 135.81    (-0.21)
	Systolic_blood_pressure_4                                                  | 1967	 (13772, 37)             | 165.18    (-0.13)
	Haemoglobin_A1c_level___IFCC_standardised_6                                | 1967	 (13774, 37)             | 31.66     (-0.39)
	Systolic_blood_pressure_4                                                  | 1967	 (13774, 37)             | 146.14    (-0.19)
	............................................................new week............................................................
	Systolic_blood_pressure_4                                                  | 1968	 (13778, 37)             | 105.95    (-0.29)
	............................................................new week............................................................
	Systolic_blood_pressure_4                                                  | 1969	 (13785, 37)             | 134.53    (-0.22)
	O_E___weight_2                                                             | 1969	 (13789, 37)             | 53.40     (-0.42)
	............................................................new week............................................................
	Systolic_blood_pressure_4                                                  | 1970	 (13790, 37)             | 136.14    (-0.21)
	Urine_albumin_creatinine_ratio_35                                          | 1970	 (13790, 37)             | 1.23      (-0.48)
	............................................................new week............................................................
	Serum_HDL_cholesterol_level_100                                            | 1976	 (13838, 37)             | 2.36      (0.10)
	............................................................new week............................................................
	Never_smoked_tobacco_85                                                    | 1977	 (13845, 37)             | 0.00      (1.31)
	............................................................new week............................................................
	PERIPHERAL_NEUROPATHY                                                      | 2147	 (15029, 41)             | nan       (nan)
	Lipid_lowering_drugs_Optimal                                               | 2147	 (15034, 41)             | nan       (nan)
	Haemoglobin_A1c_level___IFCC_standardised_6                                | 2147	 (15034, 41)             | 33.58     (-0.38)
	............................................................new week............................................................
	All_Antiplatelets                                                          | 2149	 (15047, 41)             | nan       (nan)
	............................................................new week............................................................
	Diastolic_blood_pressure_5                                                 | 2152	 (15069, 41)             | 73.70     (-0.36)
	............................................................new week............................................................
	Serum_creatinine_31                                                        | 2156	 (15097, 41)             | 101.32    (-0.49)
	............................................................new week............................................................
	HYPERTHYROIDISM_V2                                                         | 2160	 (15122, 41)             | nan       (nan)
	............................................................new week............................................................
	Never_smoked_tobacco_85                                                    | 2167	 (15171, 41)             | 0.00      (1.52)
	............................................................new week............................................................
	Calcium_adjusted_level_41                                                  | 2174	 (15221, 41)             | 2.38      (-0.27)
	............................................................new week............................................................
	Serum_albumin_51                                                           | 2177	 (15243, 41)             | 44.37     (-0.26)
	............................................................new week............................................................
	Body_mass_index_3                                                          | 2200	 (15400, 42)             | 23.98     (-0.35)
	............................................................new week............................................................
	Basophil_count_22                                                          | 2281	 (15970, 43)             | -0.14     (-0.50)
	............................................................new week............................................................
	Lipid_lowering_drugs_Optimal                                               | 2288	 (16017, 43)             | nan       (nan)
	............................................................new week............................................................
	Serum_creatinine_31                                                        | 2290	 (16030, 43)             | 45.04     (-0.50)
	Urine_albumin_creatinine_ratio_35                                          | 2290	 (16030, 43)             | 8.24      (-0.46)
	............................................................new week............................................................
	Lipid_lowering_drugs_Optimal                                               | 2291	 (16043, 43)             | nan       (nan)
	............................................................new week............................................................
	Urine_albumin_creatinine_ratio_35                                          | 2292	 (16045, 43)             | 8.23      (-0.46)
	............................................................new week............................................................
	HbA1c_level__DCCT_aligned__7                                               | 2305	 (16138, 44)             | -40.26    (-0.68)
