STATIC INFORMATION
========================================================================================================================
	SEX:               M
	IMD:               4.0
	ETHNICITY:         ASIAN
	birth_year:        1982.0


GIVEN PATIENT CONTEXT
========================================================================================================================
	EVENT                                                                     | AGE IN WEEKS (days, years)   | VALUE
	............................................................new week............................................................
	Body_mass_index_3                                                          | 1481	 (10372, 28)             | 24.00     (-0.35)
	Never_smoked_tobacco_85                                                    | 1481	 (10372, 28)             | nan       (nan)
	O_E___height_1                                                             | 1481	 (10372, 28)             | 175.30    (0.12)
	O_E___weight_2                                                             | 1481	 (10372, 28)             | 74.00     (-0.39)
	............................................................new week............................................................
	AST_serum_level_47                                                         | 1524	 (10674, 29)             | 20.00     (-0.50)
	Basophil_count_22                                                          | 1524	 (10674, 29)             | 0.00      (-0.49)
	Corrected_serum_calcium_level_42                                           | 1524	 (10674, 29)             | 2.40      (-0.27)
	Eosinophil_count_21                                                        | 1524	 (10674, 29)             | 0.40      (-0.44)
	GFR_calculated_abbreviated_MDRD_34                                         | 1524	 (10674, 29)             | 60.00     (-0.30)
	Haematocrit_15                                                             | 1524	 (10674, 29)             | 0.39      (-0.11)
	Haemoglobin_A1c_level___IFCC_standardised_6                                | 1524	 (10674, 29)             | 41.00     (-0.35)
	Haemoglobin_A1c_level_8                                                    | 1524	 (10674, 29)             | 5.90      (-0.50)
	Haemoglobin_estimation_9                                                   | 1524	 (10674, 29)             | 12.80     (-0.49)
	Lymphocyte_count_20                                                        | 1524	 (10674, 29)             | 2.00      (-0.49)
	Mean_corpusc_Hb_conc__MCHC__14                                             | 1524	 (10674, 29)             | 32.50     (-0.45)
	Mean_corpusc_haemoglobin_MCH__13                                           | 1524	 (10674, 29)             | 28.70     (-0.22)
	Mean_corpuscular_volume__MCV__11                                           | 1524	 (10674, 29)             | 88.50     (-0.17)
	Monocyte_count_23                                                          | 1524	 (10674, 29)             | 0.40      (-0.48)
	Neutrophil_count_19                                                        | 1524	 (10674, 29)             | 1.70      (-0.47)
	Platelet_count_12                                                          | 1524	 (10674, 29)             | 202.95    (-0.50)
	Red_blood_cell__RBC__count_10                                              | 1524	 (10674, 29)             | 4.44      (-0.49)
	Red_blood_cell_distribution_width_17                                       | 1524	 (10674, 29)             | 12.40     (-0.48)
	Serum_HDL_cholesterol_level_100                                            | 1524	 (10674, 29)             | 1.63      (-0.08)
	Serum_LDL_cholesterol_level_102                                            | 1524	 (10674, 29)             | 2.80      (-0.41)
	Serum_TSH_level_71                                                         | 1524	 (10674, 29)             | 6.34      (-0.49)
	Serum_albumin_51                                                           | 1524	 (10674, 29)             | 44.00     (-0.26)
	Serum_alkaline_phosphatase_50                                              | 1524	 (10674, 29)             | 68.00     (-0.50)
	Serum_calcium_39                                                           | 1524	 (10674, 29)             | 2.38      (-0.27)
	Serum_cholesterol_97                                                       | 1524	 (10674, 29)             | 4.80      (-0.44)
	Serum_creatinine_31                                                        | 1524	 (10674, 29)             | 76.00     (-0.49)
	Serum_ferritin_63                                                          | 1524	 (10674, 29)             | 82.00     (-0.50)
	Serum_folate_80                                                            | 1524	 (10674, 29)             | 13.40     (0.22)
	Serum_free_T4_level_75                                                     | 1524	 (10674, 29)             | 15.60     (-0.50)
	Serum_potassium_26                                                         | 1524	 (10674, 29)             | 5.40      (0.04)
	Serum_sodium_24                                                            | 1524	 (10674, 29)             | 144.00    (-0.01)
	Serum_total_bilirubin_level_56                                             | 1524	 (10674, 29)             | 7.00      (-0.49)
	Serum_triglycerides_105                                                    | 1524	 (10674, 29)             | 0.80      (-0.49)
	Serum_urea_level_29                                                        | 1524	 (10674, 29)             | 4.00      (-0.12)
	Serum_vitamin_B12_79                                                       | 1524	 (10674, 29)             | 111.00    (-0.49)
	Total_cholesterol_HDL_ratio_95                                             | 1524	 (10674, 29)             | 2.90      (-0.49)
	Total_white_cell_count_18                                                  | 1524	 (10674, 29)             | 4.60      (-0.50)
	............................................................new week............................................................
	Never_smoked_tobacco_85                                                    | 1574	 (11018, 30)             | nan       (nan)
	Antihistamines_second_generation_H1_antagonists                            | 1574	 (11018, 30)             | nan       (nan)
	Basophil_count_22                                                          | 1574	 (11019, 30)             | 0.00      (-0.49)
	Eosinophil_count_21                                                        | 1574	 (11019, 30)             | 0.40      (-0.44)
	GFR_calculated_abbreviated_MDRD_34                                         | 1574	 (11019, 30)             | 60.00     (-0.30)
	Haematocrit_15                                                             | 1574	 (11019, 30)             | 0.41      (-0.09)
	Haemoglobin_estimation_9                                                   | 1574	 (11019, 30)             | 13.50     (-0.49)
	Lymphocyte_count_20                                                        | 1574	 (11019, 30)             | 2.00      (-0.49)
	Mean_corpusc_Hb_conc__MCHC__14                                             | 1574	 (11019, 30)             | 32.80     (-0.45)
	Mean_corpusc_haemoglobin_MCH__13                                           | 1574	 (11019, 30)             | 28.30     (-0.22)
	Mean_corpuscular_volume__MCV__11                                           | 1574	 (11019, 30)             | 86.20     (-0.18)
	Monocyte_count_23                                                          | 1574	 (11019, 30)             | 0.50      (-0.47)
	Neutrophil_count_19                                                        | 1574	 (11019, 30)             | 3.00      (-0.44)
	Platelet_count_12                                                          | 1574	 (11019, 30)             | 210.11    (-0.50)
	Red_blood_cell__RBC__count_10                                              | 1574	 (11019, 30)             | 4.77      (-0.49)
	Serum_HDL_cholesterol_level_100                                            | 1574	 (11019, 30)             | 1.61      (-0.09)
	Serum_LDL_cholesterol_level_102                                            | 1574	 (11019, 30)             | 3.00      (-0.40)
	Serum_TSH_level_71                                                         | 1574	 (11019, 30)             | 3.97      (-0.49)
	Serum_cholesterol_97                                                       | 1574	 (11019, 30)             | 5.10      (-0.43)
	Serum_creatinine_31                                                        | 1574	 (11019, 30)             | 73.00     (-0.49)
	Serum_potassium_26                                                         | 1574	 (11019, 30)             | 5.20      (0.02)
	Serum_sodium_24                                                            | 1574	 (11019, 30)             | 144.00    (-0.01)
	Serum_triglycerides_105                                                    | 1574	 (11019, 30)             | 1.10      (-0.49)
	Serum_urea_level_29                                                        | 1574	 (11019, 30)             | 4.10      (-0.11)
	Total_cholesterol_HDL_ratio_95                                             | 1574	 (11019, 30)             | 3.20      (-0.49)
	Total_white_cell_count_18                                                  | 1574	 (11019, 30)             | 5.90      (-0.50)
	............................................................new week............................................................
	Nasal_steroids_optimal                                                     | 1576	 (11036, 30)             | nan       (nan)

========================================================================================================================
DIAGNOSIS SUMMARY
[]
========================================================================================================================


PREDICTED FUTURE EVENTS
========================================================================================================================
	EVENT                                                                     | AGE IN WEEKS (days, years)  | VALUE
	............................................................new week............................................................
	Serum_HDL_cholesterol_level_100                                            | 1586	 (11107, 30)             | 2.46      (0.13)
	............................................................new week............................................................
	Serum_cholesterol_97                                                       | 1588	 (11118, 30)             | 5.22      (-0.43)
	............................................................new week............................................................
	Lipid_lowering_drugs_Optimal                                               | 1592	 (11145, 30)             | nan       (nan)
	............................................................new week............................................................
	Serum_HDL_cholesterol_level_100                                            | 1623	 (11364, 31)             | 1.57      (-0.10)
	............................................................new week............................................................
	O_E___weight_2                                                             | 1663	 (11642, 31)             | 47.47     (-0.43)
	............................................................new week............................................................
	OSTEOARTHRITIS                                                             | 1693	 (11854, 32)             | nan       (nan)
	............................................................new week............................................................
	Ex_smoker_84                                                               | 1801	 (12610, 34)             | 228.51    (2.36)
	............................................................new week............................................................
	Haemoglobin_estimation_9                                                   | 1813	 (12692, 34)             | 93.27     (-0.21)
	............................................................new week............................................................
	Antihistamines_second_generation_H1_antagonists                            | 1825	 (12776, 35)             | nan       (nan)
	Serum_HDL_cholesterol_level_100                                            | 1825	 (12776, 35)             | 2.16      (0.05)
	............................................................new week............................................................
	Haemoglobin_estimation_9                                                   | 1837	 (12861, 35)             | 95.62     (-0.20)
	............................................................new week............................................................
	Nasal_steroids_optimal                                                     | 1838	 (12868, 35)             | nan       (nan)
	............................................................new week............................................................
	ACE_Inhibitors_D2T                                                         | 1845	 (12915, 35)             | nan       (nan)
	............................................................new week............................................................
	Serum_creatinine_31                                                        | 1846	 (12924, 35)             | 208.09    (-0.48)
	............................................................new week............................................................
	Body_mass_index_3                                                          | 1906	 (13345, 36)             | 23.54     (-0.35)
	............................................................new week............................................................
	Metformin_612_A10BD2                                                       | 1914	 (13398, 36)             | nan       (nan)
	............................................................new week............................................................
	25_Hydroxyvitamin_D2_level_92                                              | 1915	 (13409, 36)             | 1.21      (-0.12)
	............................................................new week............................................................
	Serum_folate_80                                                            | 1918	 (13430, 36)             | 6.87      (-0.04)
	............................................................new week............................................................
	Serum_creatinine_31                                                        | 1919	 (13438, 36)             | 157.40    (-0.48)
	Serum_creatinine_31                                                        | 1919	 (13438, 36)             | 137.22    (-0.49)
	............................................................new week............................................................
	Serum_HDL_cholesterol_level_100                                            | 1923	 (13465, 36)             | 3.10      (0.30)
	............................................................new week............................................................
	Systolic_blood_pressure_4                                                  | 1924	 (13469, 36)             | 99.67     (-0.31)
	............................................................new week............................................................
	Haemoglobin_A1c_level___IFCC_standardised_6                                | 1929	 (13504, 36)             | 56.93     (-0.29)
	............................................................new week............................................................
	Serum_cholesterol_97                                                       | 1934	 (13540, 37)             | 6.81      (-0.40)
	............................................................new week............................................................
	Urine_albumin_creatinine_ratio_35                                          | 1935	 (13546, 37)             | 14.36     (-0.44)
	............................................................new week............................................................
	Haemoglobin_A1c_level___IFCC_standardised_6                                | 1937	 (13562, 37)             | 41.76     (-0.35)
	............................................................new week............................................................
	CalciumChannelBlck_D2T                                                     | 1940	 (13580, 37)             | nan       (nan)
	............................................................new week............................................................
	Haemoglobin_A1c_level___IFCC_standardised_6                                | 1946	 (13628, 37)             | 40.49     (-0.36)
	Urine_albumin_creatinine_ratio_35                                          | 1946	 (13628, 37)             | 33.94     (-0.38)
	............................................................new week............................................................
	CalciumChannelBlck_D2T                                                     | 1949	 (13648, 37)             | nan       (nan)
	............................................................new week............................................................
	Haemoglobin_estimation_9                                                   | 1950	 (13652, 37)             | 2.51      (-0.53)
	............................................................new week............................................................
	CalciumChannelBlck_D2T                                                     | 1954	 (13683, 37)             | nan       (nan)
	............................................................new week............................................................
	Haemoglobin_A1c_level___IFCC_standardised_6                                | 1957	 (13701, 37)             | 70.25     (-0.23)
	Urine_albumin_creatinine_ratio_35                                          | 1957	 (13704, 37)             | -4.89     (-0.50)
	............................................................new week............................................................
	Serum_cholesterol_97                                                       | 1963	 (13741, 37)             | 5.47      (-0.42)
	............................................................new week............................................................
	Diastolic_blood_pressure_5                                                 | 1968	 (13778, 37)             | 64.16     (-0.38)
	Systolic_blood_pressure_4                                                  | 1968	 (13778, 37)             | 134.04    (-0.22)
	Urine_albumin_creatinine_ratio_35                                          | 1968	 (13778, 37)             | -22.90    (-0.56)
	............................................................new week............................................................
	ALL_DEMENTIA                                                               | 1977	 (13845, 37)             | nan       (nan)
	............................................................new week............................................................
	GFR_calculated_abbreviated_MDRD_34                                         | 1981	 (13871, 38)             | 66.02     (-0.28)
	............................................................new week............................................................
	25_Hydroxyvitamin_D2_level_92                                              | 1985	 (13896, 38)             | 0.97      (-0.14)
	............................................................new week............................................................
	Basophil_count_22                                                          | 2037	 (14260, 39)             | -0.04     (-0.49)
	............................................................new week............................................................
	GFR_calculated_abbreviated_MDRD_34                                         | 2038	 (14267, 39)             | 84.49     (-0.22)
	............................................................new week............................................................
	Diastolic_blood_pressure_5                                                 | 2057	 (14401, 39)             | 68.76     (-0.37)
	............................................................new week............................................................
	Haemoglobin_A1c_level___IFCC_standardised_6                                | 2059	 (14413, 39)             | 56.39     (-0.29)
	............................................................new week............................................................
	SABA_PUSHAsthma                                                            | 2065	 (14459, 39)             | nan       (nan)
	............................................................new week............................................................
	Calcium_supplements_Optimal                                                | 2068	 (14477, 39)             | nan       (nan)
	............................................................new week............................................................
	Calcium_supplements_Optimal                                                | 2075	 (14527, 39)             | nan       (nan)
	............................................................new week............................................................
	Serum_TSH_level_71                                                         | 2079	 (14556, 39)             | -1.17     (-0.50)
	............................................................new week............................................................
	Basophil_count_22                                                          | 2084	 (14589, 39)             | -0.22     (-0.51)
