STATIC INFORMATION
========================================================================================================================
	SEX:               M
	IMD:               4.0
	ETHNICITY:         ASIAN
	birth_year:        1982.0


GIVEN PATIENT CONTEXT
========================================================================================================================
	EVENT                                                                     | AGE IN WEEKS (days, years)   | VALUE
	............................................................new week............................................................
	Body_mass_index_3                                                          | 1481	 (10372, 28)             | 24.00     (-0.35)
	Never_smoked_tobacco_85                                                    | 1481	 (10372, 28)             | nan       (nan)
	O_E___height_1                                                             | 1481	 (10372, 28)             | 175.30    (0.12)
	O_E___weight_2                                                             | 1481	 (10372, 28)             | 74.00     (-0.39)
	............................................................new week............................................................
	AST_serum_level_47                                                         | 1524	 (10674, 29)             | 20.00     (-0.50)
	Basophil_count_22                                                          | 1524	 (10674, 29)             | 0.00      (-0.49)
	Corrected_serum_calcium_level_42                                           | 1524	 (10674, 29)             | 2.40      (-0.27)
	Eosinophil_count_21                                                        | 1524	 (10674, 29)             | 0.40      (-0.44)
	GFR_calculated_abbreviated_MDRD_34                                         | 1524	 (10674, 29)             | 60.00     (-0.30)
	Haematocrit_15                                                             | 1524	 (10674, 29)             | 0.39      (-0.11)
	Haemoglobin_A1c_level___IFCC_standardised_6                                | 1524	 (10674, 29)             | 41.00     (-0.35)
	Haemoglobin_A1c_level_8                                                    | 1524	 (10674, 29)             | 5.90      (-0.50)
	Haemoglobin_estimation_9                                                   | 1524	 (10674, 29)             | 12.80     (-0.49)
	Lymphocyte_count_20                                                        | 1524	 (10674, 29)             | 2.00      (-0.49)
	Mean_corpusc_Hb_conc__MCHC__14                                             | 1524	 (10674, 29)             | 32.50     (-0.45)
	Mean_corpusc_haemoglobin_MCH__13                                           | 1524	 (10674, 29)             | 28.70     (-0.22)
	Mean_corpuscular_volume__MCV__11                                           | 1524	 (10674, 29)             | 88.50     (-0.17)
	Monocyte_count_23                                                          | 1524	 (10674, 29)             | 0.40      (-0.48)
	Neutrophil_count_19                                                        | 1524	 (10674, 29)             | 1.70      (-0.47)
	Platelet_count_12                                                          | 1524	 (10674, 29)             | 202.95    (-0.50)
	Red_blood_cell__RBC__count_10                                              | 1524	 (10674, 29)             | 4.44      (-0.49)
	Red_blood_cell_distribution_width_17                                       | 1524	 (10674, 29)             | 12.40     (-0.48)
	Serum_HDL_cholesterol_level_100                                            | 1524	 (10674, 29)             | 1.63      (-0.08)
	Serum_LDL_cholesterol_level_102                                            | 1524	 (10674, 29)             | 2.80      (-0.41)
	Serum_TSH_level_71                                                         | 1524	 (10674, 29)             | 6.34      (-0.49)
	Serum_albumin_51                                                           | 1524	 (10674, 29)             | 44.00     (-0.26)
	Serum_alkaline_phosphatase_50                                              | 1524	 (10674, 29)             | 68.00     (-0.50)
	Serum_calcium_39                                                           | 1524	 (10674, 29)             | 2.38      (-0.27)
	Serum_cholesterol_97                                                       | 1524	 (10674, 29)             | 4.80      (-0.44)
	Serum_creatinine_31                                                        | 1524	 (10674, 29)             | 76.00     (-0.49)
	Serum_ferritin_63                                                          | 1524	 (10674, 29)             | 82.00     (-0.50)
	Serum_folate_80                                                            | 1524	 (10674, 29)             | 13.40     (0.22)
	Serum_free_T4_level_75                                                     | 1524	 (10674, 29)             | 15.60     (-0.50)
	Serum_potassium_26                                                         | 1524	 (10674, 29)             | 5.40      (0.04)
	Serum_sodium_24                                                            | 1524	 (10674, 29)             | 144.00    (-0.01)
	Serum_total_bilirubin_level_56                                             | 1524	 (10674, 29)             | 7.00      (-0.49)
	Serum_triglycerides_105                                                    | 1524	 (10674, 29)             | 0.80      (-0.49)
	Serum_urea_level_29                                                        | 1524	 (10674, 29)             | 4.00      (-0.12)
	Serum_vitamin_B12_79                                                       | 1524	 (10674, 29)             | 111.00    (-0.49)
	Total_cholesterol_HDL_ratio_95                                             | 1524	 (10674, 29)             | 2.90      (-0.49)
	Total_white_cell_count_18                                                  | 1524	 (10674, 29)             | 4.60      (-0.50)
	............................................................new week............................................................
	Never_smoked_tobacco_85                                                    | 1574	 (11018, 30)             | nan       (nan)
	Antihistamines_second_generation_H1_antagonists                            | 1574	 (11018, 30)             | nan       (nan)
	Basophil_count_22                                                          | 1574	 (11019, 30)             | 0.00      (-0.49)
	Eosinophil_count_21                                                        | 1574	 (11019, 30)             | 0.40      (-0.44)
	GFR_calculated_abbreviated_MDRD_34                                         | 1574	 (11019, 30)             | 60.00     (-0.30)
	Haematocrit_15                                                             | 1574	 (11019, 30)             | 0.41      (-0.09)
	Haemoglobin_estimation_9                                                   | 1574	 (11019, 30)             | 13.50     (-0.49)
	Lymphocyte_count_20                                                        | 1574	 (11019, 30)             | 2.00      (-0.49)
	Mean_corpusc_Hb_conc__MCHC__14                                             | 1574	 (11019, 30)             | 32.80     (-0.45)
	Mean_corpusc_haemoglobin_MCH__13                                           | 1574	 (11019, 30)             | 28.30     (-0.22)
	Mean_corpuscular_volume__MCV__11                                           | 1574	 (11019, 30)             | 86.20     (-0.18)
	Monocyte_count_23                                                          | 1574	 (11019, 30)             | 0.50      (-0.47)
	Neutrophil_count_19                                                        | 1574	 (11019, 30)             | 3.00      (-0.44)
	Platelet_count_12                                                          | 1574	 (11019, 30)             | 210.11    (-0.50)
	Red_blood_cell__RBC__count_10                                              | 1574	 (11019, 30)             | 4.77      (-0.49)
	Serum_HDL_cholesterol_level_100                                            | 1574	 (11019, 30)             | 1.61      (-0.09)
	Serum_LDL_cholesterol_level_102                                            | 1574	 (11019, 30)             | 3.00      (-0.40)
	Serum_TSH_level_71                                                         | 1574	 (11019, 30)             | 3.97      (-0.49)
	Serum_cholesterol_97                                                       | 1574	 (11019, 30)             | 5.10      (-0.43)
	Serum_creatinine_31                                                        | 1574	 (11019, 30)             | 73.00     (-0.49)
	Serum_potassium_26                                                         | 1574	 (11019, 30)             | 5.20      (0.02)
	Serum_sodium_24                                                            | 1574	 (11019, 30)             | 144.00    (-0.01)
	Serum_triglycerides_105                                                    | 1574	 (11019, 30)             | 1.10      (-0.49)
	Serum_urea_level_29                                                        | 1574	 (11019, 30)             | 4.10      (-0.11)
	Total_cholesterol_HDL_ratio_95                                             | 1574	 (11019, 30)             | 3.20      (-0.49)
	Total_white_cell_count_18                                                  | 1574	 (11019, 30)             | 5.90      (-0.50)
	............................................................new week............................................................
	Nasal_steroids_optimal                                                     | 1576	 (11036, 30)             | nan       (nan)

========================================================================================================================
DIAGNOSIS SUMMARY
[]
========================================================================================================================


PREDICTED FUTURE EVENTS
========================================================================================================================
	EVENT                                                                     | AGE IN WEEKS (days, years)  | VALUE
	............................................................new week............................................................
	Serum_HDL_cholesterol_level_100                                            | 1617	 (11324, 31)             | 1.85      (-0.03)
	............................................................new week............................................................
	O_E___height_1                                                             | 1629	 (11405, 31)             | 138.67    (-0.03)
	............................................................new week............................................................
	Serum_albumin_51                                                           | 1639	 (11474, 31)             | 38.88     (-0.29)
	............................................................new week............................................................
	Weak_Opioids_Final                                                         | 1643	 (11503, 31)             | nan       (nan)
	............................................................new week............................................................
	Serum_creatinine_31                                                        | 1658	 (11611, 31)             | -3.73     (-0.50)
	............................................................new week............................................................
	Serum_HDL_cholesterol_level_100                                            | 1679	 (11759, 32)             | 3.00      (0.27)
	............................................................new week............................................................
	Nasal_steroids_optimal                                                     | 1687	 (11810, 32)             | nan       (nan)
	............................................................new week............................................................
	Serum_TSH_level_71                                                         | 1750	 (12250, 33)             | 7.68      (-0.48)
	Serum_vitamin_B12_79                                                       | 1750	 (12252, 33)             | 1061.69   (-0.45)
	............................................................new week............................................................
	Nasal_steroids_optimal                                                     | 1752	 (12270, 33)             | nan       (nan)
	............................................................new week............................................................
	Serum_ferritin_63                                                          | 1757	 (12303, 33)             | 4880.32   (-0.49)
	............................................................new week............................................................
	Basophil_count_22                                                          | 1909	 (13368, 36)             | -0.04     (-0.49)
	............................................................new week............................................................
	Serum_alanine_aminotransferase_level_45                                    | 1949	 (13646, 37)             | -66.92    (-0.50)
	............................................................new week............................................................
	AST_serum_level_47                                                         | 1977	 (13842, 37)             | -12.01    (-0.50)
	............................................................new week............................................................
	GFR_calculated_abbreviated_MDRD_34                                         | 2055	 (14391, 39)             | 60.71     (-0.30)
	............................................................new week............................................................
	AlphaBlocker                                                               | 2057	 (14399, 39)             | nan       (nan)
	............................................................new week............................................................
	Body_mass_index_3                                                          | 2059	 (14415, 39)             | 27.51     (-0.32)
	............................................................new week............................................................
	Haemoglobin_A1c_level___IFCC_standardised_6                                | 2066	 (14464, 39)             | 32.67     (-0.39)
	............................................................new week............................................................
	NSAIDS_oral_OPTIMAL_final                                                  | 2067	 (14472, 39)             | nan       (nan)
	............................................................new week............................................................
	Corrected_serum_calcium_level_42                                           | 2077	 (14539, 39)             | 2.53      (-0.25)
	............................................................new week............................................................
	GFR_calculated_abbreviated_MDRD_34                                         | 2082	 (14580, 39)             | 75.95     (-0.25)
	............................................................new week............................................................
	Paracetamol_OPTIMAL                                                        | 2087	 (14612, 40)             | nan       (nan)
	............................................................new week............................................................
	Basophil_count_22                                                          | 2110	 (14775, 40)             | -0.04     (-0.49)
	............................................................new week............................................................
	GFR_calculated_abbreviated_MDRD_34                                         | 2112	 (14790, 40)             | 86.81     (-0.21)
	............................................................new week............................................................
	Serum_TSH_level_71                                                         | 2115	 (14810, 40)             | 4.74      (-0.49)
	............................................................new week............................................................
	Serum_vitamin_D_86                                                         | 2118	 (14828, 40)             | 50.79     (-0.45)
	............................................................new week............................................................
	Weak_Opioids_Final                                                         | 2124	 (14872, 40)             | nan       (nan)
	............................................................new week............................................................
	Bisphosphonates_osteoporosis                                               | 2125	 (14877, 40)             | nan       (nan)
	............................................................new week............................................................
	Amitriptyline_optimal                                                      | 2134	 (14938, 40)             | nan       (nan)
	............................................................new week............................................................
	Vitamin_D                                                                  | 2135	 (14947, 40)             | nan       (nan)
	............................................................new week............................................................
	Anticonvulsants_OPTIMAL                                                    | 2136	 (14954, 40)             | nan       (nan)
	............................................................new week............................................................
	Amitriptyline_optimal                                                      | 2142	 (14998, 41)             | nan       (nan)
	............................................................new week............................................................
	Basophil_count_22                                                          | 2146	 (15027, 41)             | -0.08     (-0.50)
	............................................................new week............................................................
	Serum_vitamin_D_86                                                         | 2148	 (15038, 41)             | 19.71     (-0.48)
	............................................................new week............................................................
	Vitamin_D                                                                  | 2150	 (15053, 41)             | nan       (nan)
	............................................................new week............................................................
	Diastolic_blood_pressure_5                                                 | 2160	 (15126, 41)             | 85.61     (-0.33)
	............................................................new week............................................................
	DEATH                                                                      | 2287	 (16012, 43)             | nan       (nan)
