STATIC INFORMATION
========================================================================================================================
	SEX:               M
	IMD:               4.0
	ETHNICITY:         WHITE
	birth_year:        1944.0


GIVEN PATIENT CONTEXT
========================================================================================================================
	EVENT                                                                     | AGE IN WEEKS (days, years)   | VALUE
	............................................................new week............................................................
	phosphodiesterasetype5inhibitor_OPTIMAL                                    | 3100	 (21702, 59)             | nan       (nan)
	phosphodiesterasetype5inhibitor_OPTIMAL                                    | 3100	 (21702, 59)             | nan       (nan)
	............................................................new week............................................................
	Haemoglobin_estimation_9                                                   | 3102	 (21716, 59)             | 15.60     (-0.48)
	............................................................new week............................................................
	Diastolic_blood_pressure_5                                                 | 3110	 (21775, 59)             | 82.00     (-0.34)
	Systolic_blood_pressure_4                                                  | 3110	 (21775, 59)             | 139.00    (-0.21)
	phosphodiesterasetype5inhibitor_OPTIMAL                                    | 3110	 (21775, 59)             | nan       (nan)
	............................................................new week............................................................
	Haematocrit___PCV_16                                                       | 3117	 (21823, 59)             | nan       (nan)
	Haematocrit___PCV_16                                                       | 3117	 (21823, 59)             | nan       (nan)
	Haemoglobin_estimation_9                                                   | 3117	 (21823, 59)             | 17.70     (-0.47)
	............................................................new week............................................................
	AST_serum_level_47                                                         | 3128	 (21902, 60)             | 23.00     (-0.50)
	Eosinophil_count_21                                                        | 3128	 (21902, 60)             | 0.20      (-0.46)
	Haematocrit_15                                                             | 3128	 (21902, 60)             | 0.59      (0.09)
	Haemoglobin_A1c_level_8                                                    | 3128	 (21902, 60)             | 5.80      (-0.50)
	Haemoglobin_estimation_9                                                   | 3128	 (21902, 60)             | 20.00     (-0.47)
	Lymphocyte_count_20                                                        | 3128	 (21902, 60)             | 2.90      (-0.49)
	Mean_corpusc_Hb_conc__MCHC__14                                             | 3128	 (21902, 60)             | 34.00     (-0.45)
	Mean_corpusc_haemoglobin_MCH__13                                           | 3128	 (21902, 60)             | 33.20     (-0.17)
	Mean_corpuscular_volume__MCV__11                                           | 3128	 (21902, 60)             | 97.50     (-0.14)
	Monocyte_count_23                                                          | 3128	 (21902, 60)             | 0.50      (-0.47)
	Neutrophil_count_19                                                        | 3128	 (21902, 60)             | 3.40      (-0.43)
	Platelet_count_12                                                          | 3128	 (21902, 60)             | 149.91    (-0.50)
	Red_blood_cell__RBC__count_10                                              | 3128	 (21902, 60)             | 6.01      (-0.49)
	Serum_HDL_cholesterol_level_100                                            | 3128	 (21902, 60)             | 1.60      (-0.09)
	Serum_LDL_cholesterol_level_102                                            | 3128	 (21902, 60)             | 3.70      (-0.38)
	Serum_TSH_level_71                                                         | 3128	 (21902, 60)             | 2.54      (-0.49)
	Serum_albumin_51                                                           | 3128	 (21902, 60)             | 50.00     (-0.23)
	Serum_alkaline_phosphatase_50                                              | 3128	 (21902, 60)             | 175.00    (-0.49)
	Serum_cholesterol_97                                                       | 3128	 (21902, 60)             | 6.20      (-0.41)
	Serum_creatinine_31                                                        | 3128	 (21902, 60)             | 88.00     (-0.49)
	Serum_potassium_26                                                         | 3128	 (21902, 60)             | 4.50      (-0.06)
	Serum_sodium_24                                                            | 3128	 (21902, 60)             | 141.00    (-0.04)
	Serum_total_bilirubin_level_56                                             | 3128	 (21902, 60)             | 9.00      (-0.49)
	Serum_triglycerides_105                                                    | 3128	 (21902, 60)             | 1.90      (-0.48)
	Serum_urea_level_29                                                        | 3128	 (21902, 60)             | 8.00      (0.28)
	Total_cholesterol_HDL_ratio_95                                             | 3128	 (21902, 60)             | 3.90      (-0.49)
	Total_white_cell_count_18                                                  | 3128	 (21902, 60)             | 7.00      (-0.50)
	............................................................new week............................................................
	Ex_smoker_84                                                               | 3134	 (21943, 60)             | nan       (nan)
	............................................................new week............................................................
	Diastolic_blood_pressure_5                                                 | 3195	 (22367, 61)             | 90.00     (-0.32)
	Systolic_blood_pressure_4                                                  | 3195	 (22367, 61)             | 136.00    (-0.21)
	All_Antiplatelets                                                          | 3195	 (22367, 61)             | nan       (nan)
	Aspirin_OPTIMAL                                                            | 3195	 (22367, 61)             | nan       (nan)
	NSAIDS_oral_OPTIMAL_final                                                  | 3195	 (22367, 61)             | nan       (nan)
	NSAIDS_oral_OPTIMAL_final                                                  | 3195	 (22367, 61)             | nan       (nan)
	Diastolic_blood_pressure_5                                                 | 3195	 (22370, 61)             | 83.00     (-0.33)
	Systolic_blood_pressure_4                                                  | 3195	 (22370, 61)             | 142.00    (-0.20)
	............................................................new week............................................................
	Haematocrit___PCV_16                                                       | 3196	 (22377, 61)             | nan       (nan)
	Haemoglobin_estimation_9                                                   | 3196	 (22377, 61)             | 18.80     (-0.47)
	............................................................new week............................................................
	AST_serum_level_47                                                         | 3197	 (22381, 61)             | 18.00     (-0.50)
	Basophil_count_22                                                          | 3197	 (22381, 61)             | 0.00      (-0.49)
	Eosinophil_count_21                                                        | 3197	 (22381, 61)             | 0.20      (-0.46)
	Haematocrit_15                                                             | 3197	 (22381, 61)             | 0.55      (0.05)
	Haemoglobin_A1c_level_8                                                    | 3197	 (22381, 61)             | 6.10      (-0.50)
	Haemoglobin_estimation_9                                                   | 3197	 (22381, 61)             | 18.70     (-0.47)
	Lymphocyte_count_20                                                        | 3197	 (22381, 61)             | 3.50      (-0.48)
	Mean_corpusc_Hb_conc__MCHC__14                                             | 3197	 (22381, 61)             | 34.10     (-0.45)
	Mean_corpusc_haemoglobin_MCH__13                                           | 3197	 (22381, 61)             | 33.70     (-0.17)
	Mean_corpuscular_volume__MCV__11                                           | 3197	 (22381, 61)             | 98.60     (-0.13)
	Monocyte_count_23                                                          | 3197	 (22381, 61)             | 0.50      (-0.47)
	Neutrophil_count_19                                                        | 3197	 (22381, 61)             | 3.90      (-0.42)
	Platelet_count_12                                                          | 3197	 (22381, 61)             | 191.93    (-0.50)
	Red_blood_cell__RBC__count_10                                              | 3197	 (22381, 61)             | 5.55      (-0.49)
	Red_blood_cell_distribution_width_17                                       | 3197	 (22381, 61)             | nan       (nan)
	Serum_HDL_cholesterol_level_100                                            | 3197	 (22381, 61)             | 1.20      (-0.19)
	Serum_LDL_cholesterol_level_102                                            | 3197	 (22381, 61)             | 2.70      (-0.41)
	Serum_TSH_level_71                                                         | 3197	 (22381, 61)             | 2.92      (-0.49)
	Serum_albumin_51                                                           | 3197	 (22381, 61)             | 48.00     (-0.24)
	Serum_alkaline_phosphatase_50                                              | 3197	 (22381, 61)             | 126.00    (-0.49)
	Serum_cholesterol_97                                                       | 3197	 (22381, 61)             | 5.40      (-0.42)
	Serum_creatinine_31                                                        | 3197	 (22381, 61)             | 95.00     (-0.49)
	Serum_potassium_26                                                         | 3197	 (22381, 61)             | 4.50      (-0.06)
	Serum_sodium_24                                                            | 3197	 (22381, 61)             | 140.00    (-0.05)
	Serum_total_bilirubin_level_56                                             | 3197	 (22381, 61)             | 8.00      (-0.49)
	Serum_triglycerides_105                                                    | 3197	 (22381, 61)             | 3.30      (-0.47)
	Serum_urea_level_29                                                        | 3197	 (22381, 61)             | 6.30      (0.11)
	Total_cholesterol_HDL_ratio_95                                             | 3197	 (22381, 61)             | 4.50      (-0.49)
	Total_white_cell_count_18                                                  | 3197	 (22381, 61)             | 8.20      (-0.50)
	............................................................new week............................................................
	Body_mass_index_3                                                          | 3217	 (22522, 61)             | 34.00     (-0.27)
	Ex_smoker_84                                                               | 3217	 (22522, 61)             | nan       (nan)
	O_E___weight_2                                                             | 3217	 (22522, 61)             | 112.90    (-0.33)
	............................................................new week............................................................
	AST_serum_level_47                                                         | 3219	 (22535, 61)             | 18.00     (-0.50)
	Basophil_count_22                                                          | 3219	 (22535, 61)             | 0.00      (-0.49)
	Eosinophil_count_21                                                        | 3219	 (22535, 61)             | 0.40      (-0.44)
	Haematocrit_15                                                             | 3219	 (22535, 61)             | 0.50      (0.00)
	Haemoglobin_A1c_level_8                                                    | 3219	 (22535, 61)             | 7.10      (-0.49)
	Haemoglobin_estimation_9                                                   | 3219	 (22535, 61)             | 17.30     (-0.47)
	Lymphocyte_count_20                                                        | 3219	 (22535, 61)             | 3.00      (-0.49)
	Mean_corpusc_Hb_conc__MCHC__14                                             | 3219	 (22535, 61)             | 34.50     (-0.45)
	Mean_corpusc_haemoglobin_MCH__13                                           | 3219	 (22535, 61)             | 31.60     (-0.19)
	Mean_corpuscular_volume__MCV__11                                           | 3219	 (22535, 61)             | 91.40     (-0.16)
	Monocyte_count_23                                                          | 3219	 (22535, 61)             | 0.60      (-0.47)
	Neutrophil_count_19                                                        | 3219	 (22535, 61)             | 4.10      (-0.42)
	O_E___height_1                                                             | 3219	 (22535, 61)             | 180.30    (0.14)
	Platelet_count_12                                                          | 3219	 (22535, 61)             | 207.13    (-0.50)
	Red_blood_cell__RBC__count_10                                              | 3219	 (22535, 61)             | 5.47      (-0.49)
	Serum_HDL_cholesterol_level_100                                            | 3219	 (22535, 61)             | 1.20      (-0.19)
	Serum_LDL_cholesterol_level_102                                            | 3219	 (22535, 61)             | 2.50      (-0.42)
	Serum_TSH_level_71                                                         | 3219	 (22535, 61)             | 2.58      (-0.49)
	Serum_albumin_51                                                           | 3219	 (22535, 61)             | 45.00     (-0.26)
	Serum_alkaline_phosphatase_50                                              | 3219	 (22535, 61)             | 119.00    (-0.49)
	Serum_cholesterol_97                                                       | 3219	 (22535, 61)             | 5.20      (-0.43)
	Serum_creatinine_31                                                        | 3219	 (22535, 61)             | 88.00     (-0.49)
	Serum_potassium_26                                                         | 3219	 (22535, 61)             | 5.20      (0.02)
	Serum_sodium_24                                                            | 3219	 (22535, 61)             | 139.00    (-0.05)
	Serum_total_bilirubin_level_56                                             | 3219	 (22535, 61)             | 8.00      (-0.49)
	Serum_triglycerides_105                                                    | 3219	 (22535, 61)             | 3.30      (-0.47)
	Serum_urea_level_29                                                        | 3219	 (22535, 61)             | 6.80      (0.16)
	Total_cholesterol_HDL_ratio_95                                             | 3219	 (22535, 61)             | 4.30      (-0.49)
	Total_white_cell_count_18                                                  | 3219	 (22535, 61)             | 8.10      (-0.50)
	All_Antiplatelets                                                          | 3219	 (22538, 61)             | nan       (nan)
	Aspirin_OPTIMAL                                                            | 3219	 (22538, 61)             | nan       (nan)
	NSAIDS_oral_OPTIMAL_final                                                  | 3219	 (22538, 61)             | nan       (nan)
	............................................................new week............................................................
	AORTICANEURYSM_V2                                                          | 3229	 (22605, 61)             | nan       (nan)
	............................................................new week............................................................
	GFR_calculated_abbreviated_MDRD_34                                         | 3237	 (22664, 62)             | 60.00     (-0.30)
	Haemoglobin_A1c_level_8                                                    | 3237	 (22664, 62)             | 7.20      (-0.49)
	Serum_creatinine_31                                                        | 3237	 (22664, 62)             | 91.00     (-0.49)
	Serum_potassium_26                                                         | 3237	 (22664, 62)             | 4.70      (-0.04)
	Serum_sodium_24                                                            | 3237	 (22664, 62)             | 142.00    (-0.03)
	Serum_urea_level_29                                                        | 3237	 (22664, 62)             | 5.80      (0.06)
	............................................................new week............................................................
	Diastolic_blood_pressure_5                                                 | 3239	 (22675, 62)             | 65.00     (-0.38)
	Systolic_blood_pressure_4                                                  | 3239	 (22675, 62)             | 119.00    (-0.26)
	TYPE2DIABETES                                                              | 3239	 (22675, 62)             | nan       (nan)
	............................................................new week............................................................
	Diastolic_blood_pressure_5                                                 | 3251	 (22762, 62)             | 87.00     (-0.32)
	Systolic_blood_pressure_4                                                  | 3251	 (22762, 62)             | 153.00    (-0.17)
	All_Antiplatelets                                                          | 3251	 (22762, 62)             | nan       (nan)
	Aspirin_OPTIMAL                                                            | 3251	 (22762, 62)             | nan       (nan)
	NSAIDS_oral_OPTIMAL_final                                                  | 3251	 (22762, 62)             | nan       (nan)
	NSAIDS_oral_OPTIMAL_final                                                  | 3251	 (22762, 62)             | nan       (nan)
	Weak_Opioids_Final                                                         | 3251	 (22762, 62)             | nan       (nan)
	............................................................new week............................................................
	GFR_calculated_abbreviated_MDRD_34                                         | 3264	 (22850, 62)             | 60.00     (-0.30)
	Haemoglobin_A1c_level_8                                                    | 3264	 (22850, 62)             | 9.70      (-0.48)
	Serum_HDL_cholesterol_level_100                                            | 3264	 (22850, 62)             | 1.00      (-0.24)
	Serum_LDL_cholesterol_level_102                                            | 3264	 (22850, 62)             | 2.10      (-0.43)
	Serum_cholesterol_97                                                       | 3264	 (22850, 62)             | 4.70      (-0.44)
	Serum_creatinine_31                                                        | 3264	 (22850, 62)             | 90.00     (-0.49)
	Serum_potassium_26                                                         | 3264	 (22850, 62)             | 5.00      (-0.01)
	Serum_sodium_24                                                            | 3264	 (22850, 62)             | 140.00    (-0.05)
	Serum_triglycerides_105                                                    | 3264	 (22850, 62)             | 3.50      (-0.47)
	Serum_urea_level_29                                                        | 3264	 (22850, 62)             | 6.30      (0.11)
	Total_cholesterol_HDL_ratio_95                                             | 3264	 (22850, 62)             | 4.70      (-0.49)
	............................................................new week............................................................
	Body_mass_index_3                                                          | 3267	 (22874, 62)             | 34.40     (-0.26)
	Diastolic_blood_pressure_5                                                 | 3267	 (22874, 62)             | 80.00     (-0.34)
	Never_smoked_tobacco_85                                                    | 3267	 (22874, 62)             | nan       (nan)
	O_E___weight_2                                                             | 3267	 (22874, 62)             | 112.00    (-0.33)
	Systolic_blood_pressure_4                                                  | 3267	 (22874, 62)             | 150.00    (-0.18)
	All_Antiplatelets                                                          | 3267	 (22874, 62)             | nan       (nan)
	Aspirin_OPTIMAL                                                            | 3267	 (22874, 62)             | nan       (nan)
	Metformin_612_A10BD2                                                       | 3267	 (22874, 62)             | nan       (nan)
	NSAIDS_oral_OPTIMAL_final                                                  | 3267	 (22874, 62)             | nan       (nan)
	............................................................new week............................................................
	Metformin_612_A10BD2                                                       | 3271	 (22902, 62)             | nan       (nan)
	............................................................new week............................................................
	Metformin_612_A10BD2                                                       | 3285	 (23001, 63)             | nan       (nan)
	............................................................new week............................................................
	Body_mass_index_3                                                          | 3287	 (23011, 63)             | 34.40     (-0.26)
	Diastolic_blood_pressure_5                                                 | 3287	 (23011, 63)             | 88.00     (-0.32)
	Never_smoked_tobacco_85                                                    | 3287	 (23011, 63)             | nan       (nan)
	O_E___weight_2                                                             | 3287	 (23011, 63)             | 112.00    (-0.33)
	Systolic_blood_pressure_4                                                  | 3287	 (23011, 63)             | 155.00    (-0.16)
	............................................................new week............................................................
	AST_serum_level_47                                                         | 3290	 (23035, 63)             | 63.00     (-0.50)
	Basophil_count_22                                                          | 3290	 (23035, 63)             | 0.10      (-0.48)
	Eosinophil_count_21                                                        | 3290	 (23035, 63)             | 0.20      (-0.46)
	GFR_calculated_abbreviated_MDRD_34                                         | 3290	 (23035, 63)             | 60.00     (-0.30)
	Haematocrit_15                                                             | 3290	 (23035, 63)             | 0.54      (0.04)
	Haemoglobin_A1c_level_8                                                    | 3290	 (23035, 63)             | 11.40     (-0.47)
	Haemoglobin_estimation_9                                                   | 3290	 (23035, 63)             | 18.60     (-0.47)
	Lymphocyte_count_20                                                        | 3290	 (23035, 63)             | 3.00      (-0.49)
	Mean_corpusc_Hb_conc__MCHC__14                                             | 3290	 (23035, 63)             | 34.40     (-0.45)
	Mean_corpusc_haemoglobin_MCH__13                                           | 3290	 (23035, 63)             | 33.20     (-0.17)
	Mean_corpuscular_volume__MCV__11                                           | 3290	 (23035, 63)             | 96.20     (-0.14)
	Monocyte_count_23                                                          | 3290	 (23035, 63)             | 0.50      (-0.47)
	Neutrophil_count_19                                                        | 3290	 (23035, 63)             | 3.90      (-0.42)
	Platelet_count_12                                                          | 3290	 (23035, 63)             | 183.88    (-0.50)
	Red_blood_cell__RBC__count_10                                              | 3290	 (23035, 63)             | 5.62      (-0.49)
	Serum_HDL_cholesterol_level_100                                            | 3290	 (23035, 63)             | 1.10      (-0.22)
	Serum_LDL_cholesterol_level_102                                            | 3290	 (23035, 63)             | 2.70      (-0.41)
	Serum_TSH_level_71                                                         | 3290	 (23035, 63)             | 1.89      (-0.49)
	Serum_albumin_51                                                           | 3290	 (23035, 63)             | 45.00     (-0.26)
	Serum_alkaline_phosphatase_50                                              | 3290	 (23035, 63)             | 142.00    (-0.49)
	Serum_cholesterol_97                                                       | 3290	 (23035, 63)             | 5.40      (-0.42)
	Serum_creatinine_31                                                        | 3290	 (23035, 63)             | 86.00     (-0.49)
	Serum_potassium_26                                                         | 3290	 (23035, 63)             | 4.20      (-0.09)
	Serum_sodium_24                                                            | 3290	 (23035, 63)             | 138.00    (-0.06)
	Serum_total_bilirubin_level_56                                             | 3290	 (23035, 63)             | 13.00     (-0.48)
	Serum_triglycerides_105                                                    | 3290	 (23035, 63)             | 3.50      (-0.47)
	Serum_urea_level_29                                                        | 3290	 (23035, 63)             | 7.30      (0.21)
	Total_cholesterol_HDL_ratio_95                                             | 3290	 (23035, 63)             | 4.90      (-0.48)
	Total_white_cell_count_18                                                  | 3290	 (23035, 63)             | 7.70      (-0.50)
	All_Antiplatelets                                                          | 3290	 (23035, 63)             | nan       (nan)
	Aspirin_OPTIMAL                                                            | 3290	 (23035, 63)             | nan       (nan)
	NSAIDS_oral_OPTIMAL_final                                                  | 3290	 (23035, 63)             | nan       (nan)
	............................................................new week............................................................
	Metformin_612_A10BD2                                                       | 3304	 (23134, 63)             | nan       (nan)
	............................................................new week............................................................
	All_Antiplatelets                                                          | 3308	 (23162, 63)             | nan       (nan)
	Aspirin_OPTIMAL                                                            | 3308	 (23162, 63)             | nan       (nan)
	Metformin_612_A10BD2                                                       | 3308	 (23162, 63)             | nan       (nan)
	NSAIDS_oral_OPTIMAL_final                                                  | 3308	 (23162, 63)             | nan       (nan)
	............................................................new week............................................................
	Haemoglobin_A1c_level_8                                                    | 3309	 (23168, 63)             | 8.30      (-0.49)
	............................................................new week............................................................
	All_Antiplatelets                                                          | 3315	 (23207, 63)             | nan       (nan)
	Aspirin_OPTIMAL                                                            | 3315	 (23207, 63)             | nan       (nan)
	Metformin_612_A10BD2                                                       | 3315	 (23207, 63)             | nan       (nan)
	NSAIDS_oral_OPTIMAL_final                                                  | 3315	 (23207, 63)             | nan       (nan)
	Weak_Opioids_Final                                                         | 3315	 (23207, 63)             | nan       (nan)
	............................................................new week............................................................
	Diastolic_blood_pressure_5                                                 | 3319	 (23235, 63)             | 85.00     (-0.33)
	Systolic_blood_pressure_4                                                  | 3319	 (23235, 63)             | 134.00    (-0.22)
	............................................................new week............................................................
	All_Antiplatelets                                                          | 3322	 (23259, 63)             | nan       (nan)
	Aspirin_OPTIMAL                                                            | 3322	 (23259, 63)             | nan       (nan)
	Metformin_612_A10BD2                                                       | 3322	 (23259, 63)             | nan       (nan)
	NSAIDS_oral_OPTIMAL_final                                                  | 3322	 (23259, 63)             | nan       (nan)
	NSAIDS_oral_OPTIMAL_final                                                  | 3322	 (23259, 63)             | nan       (nan)
	............................................................new week............................................................
	All_Antiplatelets                                                          | 3329	 (23307, 63)             | nan       (nan)
	Aspirin_OPTIMAL                                                            | 3329	 (23307, 63)             | nan       (nan)
	Metformin_612_A10BD2                                                       | 3329	 (23307, 63)             | nan       (nan)
	NSAIDS_oral_OPTIMAL_final                                                  | 3329	 (23307, 63)             | nan       (nan)
	NSAIDS_oral_OPTIMAL_final                                                  | 3329	 (23307, 63)             | nan       (nan)
	............................................................new week............................................................
	AST_serum_level_47                                                         | 3330	 (23312, 63)             | 24.00     (-0.50)
	Basophil_count_22                                                          | 3330	 (23312, 63)             | 0.00      (-0.49)
	Eosinophil_count_21                                                        | 3330	 (23312, 63)             | 0.40      (-0.44)
	GFR_calculated_abbreviated_MDRD_34                                         | 3330	 (23312, 63)             | 60.00     (-0.30)
	Haematocrit_15                                                             | 3330	 (23312, 63)             | 0.50      (-0.00)
	Haemoglobin_A1c_level_8                                                    | 3330	 (23312, 63)             | 7.60      (-0.49)
	Haemoglobin_estimation_9                                                   | 3330	 (23312, 63)             | 17.50     (-0.47)
	Lymphocyte_count_20                                                        | 3330	 (23312, 63)             | 3.50      (-0.48)
	Mean_corpusc_Hb_conc__MCHC__14                                             | 3330	 (23312, 63)             | 35.30     (-0.45)
	Mean_corpusc_haemoglobin_MCH__13                                           | 3330	 (23312, 63)             | 33.00     (-0.18)
	Mean_corpuscular_volume__MCV__11                                           | 3330	 (23312, 63)             | 93.40     (-0.15)
	Monocyte_count_23                                                          | 3330	 (23312, 63)             | 0.60      (-0.47)
	Neutrophil_count_19                                                        | 3330	 (23312, 63)             | 4.00      (-0.42)
	Platelet_count_12                                                          | 3330	 (23312, 63)             | 166.89    (-0.50)
	Red_blood_cell__RBC__count_10                                              | 3330	 (23312, 63)             | 5.32      (-0.49)
	Red_blood_cell_distribution_width_17                                       | 3330	 (23312, 63)             | nan       (nan)
	Serum_HDL_cholesterol_level_100                                            | 3330	 (23312, 63)             | 1.10      (-0.22)
	Serum_LDL_cholesterol_level_102                                            | 3330	 (23312, 63)             | 1.90      (-0.44)
	Serum_albumin_51                                                           | 3330	 (23312, 63)             | 42.00     (-0.28)
	Serum_alkaline_phosphatase_50                                              | 3330	 (23312, 63)             | 98.00     (-0.50)
	Serum_cholesterol_97                                                       | 3330	 (23312, 63)             | 4.10      (-0.45)
	Serum_creatinine_31                                                        | 3330	 (23312, 63)             | 82.00     (-0.49)
	Serum_potassium_26                                                         | 3330	 (23312, 63)             | 4.00      (-0.11)
	Serum_sodium_24                                                            | 3330	 (23312, 63)             | 142.00    (-0.03)
	Serum_total_bilirubin_level_56                                             | 3330	 (23312, 63)             | 7.00      (-0.49)
	Serum_triglycerides_105                                                    | 3330	 (23312, 63)             | 2.50      (-0.47)
	Serum_urea_level_29                                                        | 3330	 (23312, 63)             | 7.00      (0.18)
	Total_cholesterol_HDL_ratio_95                                             | 3330	 (23312, 63)             | 3.70      (-0.49)
	Total_white_cell_count_18                                                  | 3330	 (23312, 63)             | 8.50      (-0.50)
	............................................................new week............................................................
	Metformin_612_A10BD2                                                       | 3334	 (23340, 63)             | nan       (nan)
	............................................................new week............................................................
	All_Antiplatelets                                                          | 3341	 (23392, 64)             | nan       (nan)
	Aspirin_OPTIMAL                                                            | 3341	 (23392, 64)             | nan       (nan)
	Metformin_612_A10BD2                                                       | 3341	 (23392, 64)             | nan       (nan)
	NSAIDS_oral_OPTIMAL_final                                                  | 3341	 (23392, 64)             | nan       (nan)
	............................................................new week............................................................
	All_Antiplatelets                                                          | 3351	 (23462, 64)             | nan       (nan)
	Aspirin_OPTIMAL                                                            | 3351	 (23462, 64)             | nan       (nan)
	Metformin_612_A10BD2                                                       | 3351	 (23462, 64)             | nan       (nan)
	NSAIDS_oral_OPTIMAL_final                                                  | 3351	 (23462, 64)             | nan       (nan)
	............................................................new week............................................................
	Body_mass_index_3                                                          | 3354	 (23482, 64)             | 33.90     (-0.27)
	Diastolic_blood_pressure_5                                                 | 3354	 (23482, 64)             | 88.00     (-0.32)
	O_E___weight_2                                                             | 3354	 (23482, 64)             | 110.30    (-0.33)
	Systolic_blood_pressure_4                                                  | 3354	 (23482, 64)             | 150.00    (-0.18)
	............................................................new week............................................................
	Metformin_612_A10BD2                                                       | 3361	 (23529, 64)             | nan       (nan)
	............................................................new week............................................................
	Metformin_612_A10BD2                                                       | 3367	 (23572, 64)             | nan       (nan)
	............................................................new week............................................................
	Metformin_612_A10BD2                                                       | 3374	 (23624, 64)             | nan       (nan)
	............................................................new week............................................................
	Metformin_612_A10BD2                                                       | 3381	 (23672, 64)             | nan       (nan)

========================================================================================================================
DIAGNOSIS SUMMARY
['AORTICANEURYSM_V2', 'TYPE2DIABETES']
========================================================================================================================


PREDICTED FUTURE EVENTS
========================================================================================================================
	EVENT                                                                     | AGE IN WEEKS (days, years)  | VALUE
	............................................................new week............................................................
	Body_mass_index_3                                                          | 3389	 (23726, 65)             | 38.75     (-0.23)
	Diastolic_blood_pressure_5                                                 | 3389	 (23728, 65)             | 80.80     (-0.34)
	Systolic_blood_pressure_4                                                  | 3389	 (23728, 65)             | 144.32    (-0.19)
	............................................................new week............................................................
	Metformin_612_A10BD2                                                       | 3397	 (23783, 65)             | nan       (nan)
	............................................................new week............................................................
	Metformin_612_A10BD2                                                       | 3420	 (23946, 65)             | nan       (nan)
	............................................................new week............................................................
	Basophil_count_22                                                          | 3424	 (23973, 65)             | 0.10      (-0.48)
	Corrected_serum_calcium_level_42                                           | 3424	 (23973, 65)             | 2.26      (-0.28)
	Diastolic_blood_pressure_5                                                 | 3424	 (23973, 65)             | 86.79     (-0.32)
	Eosinophil_count_21                                                        | 3424	 (23973, 65)             | 0.36      (-0.45)
	GFR_calculated_abbreviated_MDRD_34                                         | 3424	 (23973, 65)             | 59.55     (-0.30)
	............................................................new week............................................................
	Haematocrit_15                                                             | 3425	 (23975, 65)             | 0.49      (-0.01)
	Haemoglobin_A1c_level___IFCC_standardised_6                                | 3425	 (23977, 65)             | 46.35     (-0.33)
	Haemoglobin_estimation_9                                                   | 3425	 (23980, 65)             | 52.02     (-0.36)
	O_E___weight_2                                                             | 3425	 (23980, 65)             | 85.96     (-0.37)
	O_E___weight_2                                                             | 3425	 (23980, 65)             | 82.03     (-0.37)
	............................................................new week............................................................
	Eosinophil_count_21                                                        | 3426	 (23982, 65)             | 0.30      (-0.45)
	Haematocrit_15                                                             | 3426	 (23984, 65)             | 0.48      (-0.02)
	Haemoglobin_A1c_level___IFCC_standardised_6                                | 3426	 (23986, 65)             | 62.87     (-0.26)
	HbA1c_level__DCCT_aligned__7                                               | 3426	 (23988, 65)             | 7.53      (-0.49)
	Serum_HDL_cholesterol_level_100                                            | 3426	 (23988, 65)             | 1.08      (-0.22)
	Serum_LDL_cholesterol_level_102                                            | 3426	 (23988, 65)             | 2.66      (-0.41)
	Serum_TSH_level_71                                                         | 3426	 (23988, 65)             | -0.96     (-0.50)
	Serum_albumin_51                                                           | 3426	 (23988, 65)             | 39.60     (-0.29)
	Serum_alkaline_phosphatase_50                                              | 3426	 (23988, 65)             | 42.38     (-0.50)
	Serum_cholesterol_97                                                       | 3426	 (23988, 65)             | 4.57      (-0.44)
	Serum_total_bilirubin_level_56                                             | 3426	 (23988, 65)             | 8.73      (-0.49)
	Serum_triglycerides_105                                                    | 3426	 (23988, 65)             | 1.84      (-0.48)
	............................................................new week............................................................
	Total_cholesterol_HDL_ratio_95                                             | 3427	 (23989, 65)             | 4.72      (-0.49)
	............................................................new week............................................................
	Body_mass_index_3                                                          | 3430	 (24015, 65)             | 34.59     (-0.26)
	............................................................new week............................................................
	Diastolic_blood_pressure_5                                                 | 3431	 (24017, 65)             | 67.51     (-0.37)
	O_E___weight_2                                                             | 3431	 (24019, 65)             | 113.17    (-0.33)
	Systolic_blood_pressure_4                                                  | 3431	 (24020, 65)             | 151.09    (-0.17)
	............................................................new week............................................................
	Metformin_612_A10BD2                                                       | 3451	 (24157, 66)             | nan       (nan)
	Metformin_612_A10BD2                                                       | 3451	 (24161, 66)             | nan       (nan)
	............................................................new week............................................................
	Metformin_612_A10BD2                                                       | 3452	 (24165, 66)             | nan       (nan)
	Metformin_612_A10BD2                                                       | 3452	 (24170, 66)             | nan       (nan)
	............................................................new week............................................................
	Metformin_612_A10BD2                                                       | 3454	 (24179, 66)             | nan       (nan)
	............................................................new week............................................................
	Metformin_612_A10BD2                                                       | 3458	 (24212, 66)             | nan       (nan)
	............................................................new week............................................................
	Basophil_count_22                                                          | 3459	 (24218, 66)             | 0.05      (-0.49)
	Eosinophil_count_21                                                        | 3459	 (24218, 66)             | 0.09      (-0.47)
	GFR_calculated_abbreviated_MDRD_34                                         | 3459	 (24218, 66)             | 57.34     (-0.31)
	Haematocrit_15                                                             | 3459	 (24218, 66)             | 0.50      (-0.00)
	............................................................new week............................................................
	Haemoglobin_A1c_level___IFCC_standardised_6                                | 3460	 (24220, 66)             | 26.12     (-0.41)
	Haemoglobin_A1c_level_8                                                    | 3460	 (24221, 66)             | -1.30     (-0.53)
	HbA1c_level__DCCT_aligned__7                                               | 3460	 (24221, 66)             | 9.35      (-0.48)
	TYPE2DIABETES                                                              | 3460	 (24221, 66)             | nan       (nan)
	............................................................new week............................................................
	Metformin_612_A10BD2                                                       | 3462	 (24236, 66)             | nan       (nan)
	............................................................new week............................................................
	Metformin_612_A10BD2                                                       | 3470	 (24293, 66)             | nan       (nan)
	............................................................new week............................................................
	NSAIDS_oral_OPTIMAL_final                                                  | 3472	 (24304, 66)             | nan       (nan)
	............................................................new week............................................................
	Metformin_612_A10BD2                                                       | 3498	 (24488, 67)             | nan       (nan)
