STATIC INFORMATION
========================================================================================================================
	SEX:               F
	IMD:               5.0
	ETHNICITY:         ASIAN
	birth_year:        1952.0


GIVEN PATIENT CONTEXT
========================================================================================================================
	EVENT                                                                     | AGE IN WEEKS (days, years)   | VALUE
	............................................................new week............................................................
	DEPRESSION                                                                 | 1433	 (10037, 27)             | nan       (nan)
	............................................................new week............................................................
	Body_mass_index_3                                                          | 2501	 (17507, 47)             | 33.00     (-0.28)
	Diastolic_blood_pressure_5                                                 | 2501	 (17507, 47)             | 80.00     (-0.34)
	O_E___height_1                                                             | 2501	 (17507, 47)             | 160.00    (0.06)
	O_E___weight_2                                                             | 2501	 (17507, 47)             | 84.50     (-0.37)
	Systolic_blood_pressure_4                                                  | 2501	 (17507, 47)             | 120.00    (-0.26)
	............................................................new week............................................................
	All_Diuretics_D2T                                                          | 2502	 (17514, 47)             | nan       (nan)
	All_Diuretics_ExclLactones_D2T                                             | 2502	 (17514, 47)             | nan       (nan)
	Thiazide_Diuretics_v2                                                      | 2502	 (17514, 47)             | nan       (nan)
	............................................................new week............................................................
	Basophil_count_22                                                          | 2507	 (17549, 48)             | 0.10      (-0.48)
	Eosinophil_count_21                                                        | 2507	 (17549, 48)             | 0.10      (-0.47)
	Haematocrit___PCV_16                                                       | 2507	 (17549, 48)             | 0.38      (-0.19)
	Haemoglobin_estimation_9                                                   | 2507	 (17549, 48)             | 12.90     (-0.49)
	Lymphocyte_count_20                                                        | 2507	 (17549, 48)             | 2.40      (-0.49)
	Mean_corpusc_Hb_conc__MCHC__14                                             | 2507	 (17549, 48)             | 34.30     (-0.45)
	Mean_corpusc_haemoglobin_MCH__13                                           | 2507	 (17549, 48)             | 31.80     (-0.19)
	Mean_corpuscular_volume__MCV__11                                           | 2507	 (17549, 48)             | 92.90     (-0.15)
	Monocyte_count_23                                                          | 2507	 (17549, 48)             | 0.60      (-0.47)
	Neutrophil_count_19                                                        | 2507	 (17549, 48)             | 6.00      (-0.38)
	Platelet_count_12                                                          | 2507	 (17549, 48)             | 294.15    (-0.50)
	Red_blood_cell__RBC__count_10                                              | 2507	 (17549, 48)             | 4.05      (-0.49)
	Total_white_cell_count_18                                                  | 2507	 (17549, 48)             | 9.20      (-0.50)
	AST___aspartate_transam_SGOT__46                                           | 2507	 (17550, 48)             | 20.00     (-0.50)
	Serum_albumin_51                                                           | 2507	 (17550, 48)             | 43.00     (-0.27)
	Serum_alkaline_phosphatase_50                                              | 2507	 (17550, 48)             | 75.00     (-0.50)
	Serum_bilirubin_level_53                                                   | 2507	 (17550, 48)             | 13.00     (-0.48)
	Serum_creatinine_31                                                        | 2507	 (17550, 48)             | 52.00     (-0.49)
	Serum_potassium_26                                                         | 2507	 (17550, 48)             | 4.30      (-0.08)
	Serum_sodium_24                                                            | 2507	 (17550, 48)             | 140.00    (-0.05)
	TSH___thyroid_stim_hormone_72                                              | 2507	 (17550, 48)             | 1.03      (-0.49)
	............................................................new week............................................................
	All_Diuretics_D2T                                                          | 2514	 (17600, 48)             | nan       (nan)
	All_Diuretics_ExclLactones_D2T                                             | 2514	 (17600, 48)             | nan       (nan)
	Thiazide_Diuretics_v2                                                      | 2514	 (17600, 48)             | nan       (nan)
	............................................................new week............................................................
	Diastolic_blood_pressure_5                                                 | 2520	 (17646, 48)             | 80.00     (-0.34)
	Systolic_blood_pressure_4                                                  | 2520	 (17646, 48)             | 130.00    (-0.23)
	All_Diuretics_D2T                                                          | 2520	 (17646, 48)             | nan       (nan)
	All_Diuretics_ExclLactones_D2T                                             | 2520	 (17646, 48)             | nan       (nan)
	Thiazide_Diuretics_v2                                                      | 2520	 (17646, 48)             | nan       (nan)
	............................................................new week............................................................
	TSH___thyroid_stim_hormone_72                                              | 2530	 (17710, 48)             | 1.14      (-0.49)
	............................................................new week............................................................
	All_Diuretics_D2T                                                          | 2532	 (17730, 48)             | nan       (nan)
	All_Diuretics_ExclLactones_D2T                                             | 2532	 (17730, 48)             | nan       (nan)
	Thiazide_Diuretics_v2                                                      | 2532	 (17730, 48)             | nan       (nan)
	............................................................new week............................................................
	Diastolic_blood_pressure_5                                                 | 2544	 (17810, 48)             | 70.00     (-0.37)
	Systolic_blood_pressure_4                                                  | 2544	 (17810, 48)             | 130.00    (-0.23)
	............................................................new week............................................................
	Erythrocyte_sedimentation_rate_61                                          | 2545	 (17816, 48)             | 31.00     (0.12)
	Haemoglobin_estimation_9                                                   | 2545	 (17816, 48)             | 13.60     (-0.49)
	Mean_corpuscular_volume__MCV__11                                           | 2545	 (17816, 48)             | 91.70     (-0.16)
	Platelet_count_12                                                          | 2545	 (17816, 48)             | 346.90    (-0.50)
	Total_white_cell_count_18                                                  | 2545	 (17816, 48)             | 8.40      (-0.50)
	Serum_HDL_cholesterol_level_100                                            | 2545	 (17821, 48)             | 1.30      (-0.17)
	Serum_LDL_cholesterol_level_102                                            | 2545	 (17821, 48)             | 5.10      (-0.33)
	Serum_cholesterol_97                                                       | 2545	 (17821, 48)             | 7.10      (-0.39)
	Serum_triglycerides_105                                                    | 2545	 (17821, 48)             | 1.50      (-0.49)
	............................................................new week............................................................
	NSAIDS_oral_OPTIMAL_final                                                  | 2547	 (17829, 48)             | nan       (nan)
	............................................................new week............................................................
	Diastolic_blood_pressure_5                                                 | 2551	 (17863, 48)             | 80.00     (-0.34)
	Systolic_blood_pressure_4                                                  | 2551	 (17863, 48)             | 140.00    (-0.20)
	............................................................new week............................................................
	Diastolic_blood_pressure_5                                                 | 2557	 (17901, 49)             | 63.00     (-0.39)
	Systolic_blood_pressure_4                                                  | 2557	 (17901, 49)             | 108.00    (-0.29)
	............................................................new week............................................................
	Serum_HDL_cholesterol_level_100                                            | 2559	 (17915, 49)             | 1.10      (-0.22)
	Serum_LDL_cholesterol_level_102                                            | 2559	 (17915, 49)             | 4.40      (-0.35)
	Serum_cholesterol_97                                                       | 2559	 (17915, 49)             | 5.90      (-0.41)
	............................................................new week............................................................
	Diastolic_blood_pressure_5                                                 | 2564	 (17950, 49)             | 73.00     (-0.36)
	Systolic_blood_pressure_4                                                  | 2564	 (17950, 49)             | 115.00    (-0.27)
	............................................................new week............................................................
	Diastolic_blood_pressure_5                                                 | 2572	 (18008, 49)             | 86.00     (-0.33)
	Systolic_blood_pressure_4                                                  | 2572	 (18008, 49)             | 154.00    (-0.16)
	Anxiolytics_mumpredict                                                     | 2572	 (18010, 49)             | nan       (nan)
	Benzodiazepines                                                            | 2572	 (18010, 49)             | nan       (nan)
	ANXIETY                                                                    | 2572	 (18010, 49)             | nan       (nan)
	............................................................new week............................................................
	Antipsychotics_OPTIMAL                                                     | 2575	 (18026, 49)             | nan       (nan)
	NSAIDS_oral_OPTIMAL_final                                                  | 2575	 (18026, 49)             | nan       (nan)
	............................................................new week............................................................
	Diastolic_blood_pressure_5                                                 | 2577	 (18045, 49)             | 66.00     (-0.38)
	Systolic_blood_pressure_4                                                  | 2577	 (18045, 49)             | 111.00    (-0.28)
	............................................................new week............................................................
	Eosinophil_count_21                                                        | 2578	 (18047, 49)             | 0.10      (-0.47)
	Haematocrit_15                                                             | 2578	 (18047, 49)             | 0.37      (-0.13)
	Haemoglobin_estimation_9                                                   | 2578	 (18047, 49)             | 12.80     (-0.49)
	Lymphocyte_count_20                                                        | 2578	 (18047, 49)             | 1.90      (-0.49)
	Mean_corpusc_Hb_conc__MCHC__14                                             | 2578	 (18047, 49)             | 34.50     (-0.45)
	Mean_corpusc_haemoglobin_MCH__13                                           | 2578	 (18047, 49)             | 33.00     (-0.18)
	Mean_corpuscular_volume__MCV__11                                           | 2578	 (18047, 49)             | 95.70     (-0.14)
	Monocyte_count_23                                                          | 2578	 (18047, 49)             | 0.40      (-0.48)
	Neutrophil_count_19                                                        | 2578	 (18047, 49)             | 4.40      (-0.41)
	Platelet_count_12                                                          | 2578	 (18047, 49)             | 270.90    (-0.50)
	Red_blood_cell__RBC__count_10                                              | 2578	 (18047, 49)             | 3.86      (-0.49)
	Total_white_cell_count_18                                                  | 2578	 (18047, 49)             | 6.70      (-0.50)
	............................................................new week............................................................
	Serum_HDL_cholesterol_level_100                                            | 2579	 (18054, 49)             | 1.50      (-0.12)
	Serum_LDL_cholesterol_level_102                                            | 2579	 (18054, 49)             | 5.70      (-0.31)
	Serum_TSH_level_71                                                         | 2579	 (18054, 49)             | 1.19      (-0.50)
	Serum_cholesterol_97                                                       | 2579	 (18054, 49)             | 7.70      (-0.38)
	............................................................new week............................................................
	Antipsychotics_OPTIMAL                                                     | 2594	 (18160, 49)             | nan       (nan)
	............................................................new week............................................................
	Diastolic_blood_pressure_5                                                 | 2598	 (18188, 49)             | 73.00     (-0.36)
	Systolic_blood_pressure_4                                                  | 2598	 (18188, 49)             | 112.00    (-0.28)
	............................................................new week............................................................
	Diastolic_blood_pressure_5                                                 | 2603	 (18227, 49)             | 77.00     (-0.35)
	Systolic_blood_pressure_4                                                  | 2603	 (18227, 49)             | 112.00    (-0.28)
	Antipsychotics_OPTIMAL                                                     | 2603	 (18227, 49)             | nan       (nan)
	............................................................new week............................................................
	AST_serum_level_47                                                         | 2604	 (18228, 49)             | 13.00     (-0.50)
	Haematocrit_15                                                             | 2604	 (18228, 49)             | 0.37      (-0.13)
	Haemoglobin_estimation_9                                                   | 2604	 (18228, 49)             | 12.40     (-0.49)
	Lymphocyte_count_20                                                        | 2604	 (18228, 49)             | 1.90      (-0.49)
	Mean_corpusc_Hb_conc__MCHC__14                                             | 2604	 (18228, 49)             | 34.10     (-0.45)
	Mean_corpusc_haemoglobin_MCH__13                                           | 2604	 (18228, 49)             | 32.10     (-0.19)
	Mean_corpuscular_volume__MCV__11                                           | 2604	 (18228, 49)             | 94.10     (-0.15)
	Monocyte_count_23                                                          | 2604	 (18228, 49)             | 0.50      (-0.47)
	Neutrophil_count_19                                                        | 2604	 (18228, 49)             | 4.60      (-0.41)
	Platelet_count_12                                                          | 2604	 (18228, 49)             | 275.97    (-0.50)
	Red_blood_cell__RBC__count_10                                              | 2604	 (18228, 49)             | 3.87      (-0.49)
	Serum_HDL_cholesterol_level_100                                            | 2604	 (18228, 49)             | 1.30      (-0.17)
	Serum_LDL_cholesterol_level_102                                            | 2604	 (18228, 49)             | 5.10      (-0.33)
	Serum_albumin_51                                                           | 2604	 (18228, 49)             | 43.00     (-0.27)
	Serum_alkaline_phosphatase_50                                              | 2604	 (18228, 49)             | 61.00     (-0.50)
	Serum_cholesterol_97                                                       | 2604	 (18228, 49)             | 7.20      (-0.39)
	Serum_creatinine_31                                                        | 2604	 (18228, 49)             | 49.00     (-0.50)
	Serum_potassium_26                                                         | 2604	 (18228, 49)             | 4.50      (-0.06)
	Serum_sodium_24                                                            | 2604	 (18228, 49)             | 141.00    (-0.04)
	Serum_total_bilirubin_level_56                                             | 2604	 (18228, 49)             | 14.00     (-0.48)
	Serum_urea_level_29                                                        | 2604	 (18228, 49)             | 2.80      (-0.23)
	Total_white_cell_count_18                                                  | 2604	 (18228, 49)             | 7.00      (-0.50)
	............................................................new week............................................................
	Lipid_lowering_drugs_Optimal                                               | 2605	 (18241, 49)             | nan       (nan)
	Statins                                                                    | 2605	 (18241, 49)             | nan       (nan)

========================================================================================================================
DIAGNOSIS SUMMARY
['DEPRESSION', 'ANXIETY']
========================================================================================================================


PREDICTED FUTURE EVENTS
========================================================================================================================
	EVENT                                                                     | AGE IN WEEKS (days, years)  | VALUE
	............................................................new week............................................................
	Total_white_cell_count_18                                                  | 2606	 (18248, 49)             | -95.23    (-0.52)
	............................................................new week............................................................
	Haemoglobin_estimation_9                                                   | 2607	 (18255, 50)             | 82.85     (-0.25)
	............................................................new week............................................................
	TSH___thyroid_stim_hormone_72                                              | 2608	 (18261, 50)             | 3.23      (-0.49)
	............................................................new week............................................................
	Total_white_cell_count_18                                                  | 2609	 (18266, 50)             | -163.37   (-0.53)
	TSH___thyroid_stim_hormone_72                                              | 2609	 (18268, 50)             | 17.86     (-0.46)
	............................................................new week............................................................
	Total_white_cell_count_18                                                  | 2610	 (18273, 50)             | -74.61    (-0.51)
	Serum_potassium_26                                                         | 2610	 (18273, 50)             | 4.14      (-0.09)
	Total_alkaline_phosphatase_48                                              | 2610	 (18273, 50)             | 68.52     (-0.01)
	Platelet_count_12                                                          | 2610	 (18273, 50)             | 237699.75 (-0.48)
	Serum_potassium_26                                                         | 2610	 (18273, 50)             | 3.41      (-0.17)
	Serum_calcium_39                                                           | 2610	 (18273, 50)             | 3.21      (-0.19)
	Haemoglobin_estimation_9                                                   | 2610	 (18273, 50)             | 83.03     (-0.25)
	............................................................new week............................................................
	Total_white_cell_count_18                                                  | 2611	 (18277, 50)             | -11.20    (-0.50)
	Serum_potassium_26                                                         | 2611	 (18277, 50)             | 4.21      (-0.08)
	O_E___weight_2                                                             | 2611	 (18277, 50)             | 77.70     (-0.38)
	Erythrocyte_sedimentation_rate_61                                          | 2611	 (18281, 50)             | 8.96      (-0.32)
	............................................................new week............................................................
	Body_mass_index_3                                                          | 2612	 (18288, 50)             | 19.59     (-0.38)
	............................................................new week............................................................
	Total_white_cell_count_18                                                  | 2613	 (18292, 50)             | -58.31    (-0.51)
	O_E___weight_2                                                             | 2613	 (18292, 50)             | 54.79     (-0.42)
	............................................................new week............................................................
	All_Diuretics_D2T                                                          | 2621	 (18350, 50)             | nan       (nan)
	............................................................new week............................................................
	Serum_folate_80                                                            | 2622	 (18354, 50)             | 2.35      (-0.22)
	Total_white_cell_count_18                                                  | 2622	 (18354, 50)             | -49.99    (-0.51)
	O_E___weight_2                                                             | 2622	 (18354, 50)             | 48.72     (-0.43)
	O_E___weight_2                                                             | 2622	 (18357, 50)             | 48.25     (-0.43)
	Total_white_cell_count_18                                                  | 2622	 (18359, 50)             | -138.86   (-0.53)
	............................................................new week............................................................
	Diastolic_blood_pressure_5                                                 | 2631	 (18421, 50)             | 76.73     (-0.35)
	............................................................new week............................................................
	Total_white_cell_count_18                                                  | 2632	 (18425, 50)             | -104.76   (-0.52)
	Total_white_cell_count_18                                                  | 2632	 (18425, 50)             | 5.99      (-0.50)
	Serum_ferritin_63                                                          | 2632	 (18425, 50)             | 15842.57  (-0.47)
	Serum_folate_80                                                            | 2632	 (18425, 50)             | 3.93      (-0.16)
	Serum_potassium_26                                                         | 2632	 (18429, 50)             | 4.68      (-0.04)
	Total_white_cell_count_18                                                  | 2632	 (18430, 50)             | 83.93     (-0.48)
	TSH___thyroid_stim_hormone_72                                              | 2632	 (18430, 50)             | 2.93      (-0.49)
	............................................................new week............................................................
	DEATH                                                                      | 2633	 (18434, 50)             | nan       (nan)
