STATIC INFORMATION
========================================================================================================================
	SEX:               F
	IMD:               5.0
	ETHNICITY:         ASIAN
	birth_year:        1952.0


GIVEN PATIENT CONTEXT
========================================================================================================================
	EVENT                                                                     | AGE IN WEEKS (days, years)   | VALUE
	............................................................new week............................................................
	DEPRESSION                                                                 | 1433	 (10037, 27)             | nan       (nan)
	............................................................new week............................................................
	Body_mass_index_3                                                          | 2501	 (17507, 47)             | 33.00     (-0.28)
	Diastolic_blood_pressure_5                                                 | 2501	 (17507, 47)             | 80.00     (-0.34)
	O_E___height_1                                                             | 2501	 (17507, 47)             | 160.00    (0.06)
	O_E___weight_2                                                             | 2501	 (17507, 47)             | 84.50     (-0.37)
	Systolic_blood_pressure_4                                                  | 2501	 (17507, 47)             | 120.00    (-0.26)
	............................................................new week............................................................
	All_Diuretics_D2T                                                          | 2502	 (17514, 47)             | nan       (nan)
	All_Diuretics_ExclLactones_D2T                                             | 2502	 (17514, 47)             | nan       (nan)
	Thiazide_Diuretics_v2                                                      | 2502	 (17514, 47)             | nan       (nan)
	............................................................new week............................................................
	Basophil_count_22                                                          | 2507	 (17549, 48)             | 0.10      (-0.48)
	Eosinophil_count_21                                                        | 2507	 (17549, 48)             | 0.10      (-0.47)
	Haematocrit___PCV_16                                                       | 2507	 (17549, 48)             | 0.38      (-0.19)
	Haemoglobin_estimation_9                                                   | 2507	 (17549, 48)             | 12.90     (-0.49)
	Lymphocyte_count_20                                                        | 2507	 (17549, 48)             | 2.40      (-0.49)
	Mean_corpusc_Hb_conc__MCHC__14                                             | 2507	 (17549, 48)             | 34.30     (-0.45)
	Mean_corpusc_haemoglobin_MCH__13                                           | 2507	 (17549, 48)             | 31.80     (-0.19)
	Mean_corpuscular_volume__MCV__11                                           | 2507	 (17549, 48)             | 92.90     (-0.15)
	Monocyte_count_23                                                          | 2507	 (17549, 48)             | 0.60      (-0.47)
	Neutrophil_count_19                                                        | 2507	 (17549, 48)             | 6.00      (-0.38)
	Platelet_count_12                                                          | 2507	 (17549, 48)             | 294.15    (-0.50)
	Red_blood_cell__RBC__count_10                                              | 2507	 (17549, 48)             | 4.05      (-0.49)
	Total_white_cell_count_18                                                  | 2507	 (17549, 48)             | 9.20      (-0.50)
	AST___aspartate_transam_SGOT__46                                           | 2507	 (17550, 48)             | 20.00     (-0.50)
	Serum_albumin_51                                                           | 2507	 (17550, 48)             | 43.00     (-0.27)
	Serum_alkaline_phosphatase_50                                              | 2507	 (17550, 48)             | 75.00     (-0.50)
	Serum_bilirubin_level_53                                                   | 2507	 (17550, 48)             | 13.00     (-0.48)
	Serum_creatinine_31                                                        | 2507	 (17550, 48)             | 52.00     (-0.49)
	Serum_potassium_26                                                         | 2507	 (17550, 48)             | 4.30      (-0.08)
	Serum_sodium_24                                                            | 2507	 (17550, 48)             | 140.00    (-0.05)
	TSH___thyroid_stim_hormone_72                                              | 2507	 (17550, 48)             | 1.03      (-0.49)
	............................................................new week............................................................
	All_Diuretics_D2T                                                          | 2514	 (17600, 48)             | nan       (nan)
	All_Diuretics_ExclLactones_D2T                                             | 2514	 (17600, 48)             | nan       (nan)
	Thiazide_Diuretics_v2                                                      | 2514	 (17600, 48)             | nan       (nan)
	............................................................new week............................................................
	Diastolic_blood_pressure_5                                                 | 2520	 (17646, 48)             | 80.00     (-0.34)
	Systolic_blood_pressure_4                                                  | 2520	 (17646, 48)             | 130.00    (-0.23)
	All_Diuretics_D2T                                                          | 2520	 (17646, 48)             | nan       (nan)
	All_Diuretics_ExclLactones_D2T                                             | 2520	 (17646, 48)             | nan       (nan)
	Thiazide_Diuretics_v2                                                      | 2520	 (17646, 48)             | nan       (nan)
	............................................................new week............................................................
	TSH___thyroid_stim_hormone_72                                              | 2530	 (17710, 48)             | 1.14      (-0.49)
	............................................................new week............................................................
	All_Diuretics_D2T                                                          | 2532	 (17730, 48)             | nan       (nan)
	All_Diuretics_ExclLactones_D2T                                             | 2532	 (17730, 48)             | nan       (nan)
	Thiazide_Diuretics_v2                                                      | 2532	 (17730, 48)             | nan       (nan)
	............................................................new week............................................................
	Diastolic_blood_pressure_5                                                 | 2544	 (17810, 48)             | 70.00     (-0.37)
	Systolic_blood_pressure_4                                                  | 2544	 (17810, 48)             | 130.00    (-0.23)
	............................................................new week............................................................
	Erythrocyte_sedimentation_rate_61                                          | 2545	 (17816, 48)             | 31.00     (0.12)
	Haemoglobin_estimation_9                                                   | 2545	 (17816, 48)             | 13.60     (-0.49)
	Mean_corpuscular_volume__MCV__11                                           | 2545	 (17816, 48)             | 91.70     (-0.16)
	Platelet_count_12                                                          | 2545	 (17816, 48)             | 346.90    (-0.50)
	Total_white_cell_count_18                                                  | 2545	 (17816, 48)             | 8.40      (-0.50)
	Serum_HDL_cholesterol_level_100                                            | 2545	 (17821, 48)             | 1.30      (-0.17)
	Serum_LDL_cholesterol_level_102                                            | 2545	 (17821, 48)             | 5.10      (-0.33)
	Serum_cholesterol_97                                                       | 2545	 (17821, 48)             | 7.10      (-0.39)
	Serum_triglycerides_105                                                    | 2545	 (17821, 48)             | 1.50      (-0.49)
	............................................................new week............................................................
	NSAIDS_oral_OPTIMAL_final                                                  | 2547	 (17829, 48)             | nan       (nan)
	............................................................new week............................................................
	Diastolic_blood_pressure_5                                                 | 2551	 (17863, 48)             | 80.00     (-0.34)
	Systolic_blood_pressure_4                                                  | 2551	 (17863, 48)             | 140.00    (-0.20)
	............................................................new week............................................................
	Diastolic_blood_pressure_5                                                 | 2557	 (17901, 49)             | 63.00     (-0.39)
	Systolic_blood_pressure_4                                                  | 2557	 (17901, 49)             | 108.00    (-0.29)
	............................................................new week............................................................
	Serum_HDL_cholesterol_level_100                                            | 2559	 (17915, 49)             | 1.10      (-0.22)
	Serum_LDL_cholesterol_level_102                                            | 2559	 (17915, 49)             | 4.40      (-0.35)
	Serum_cholesterol_97                                                       | 2559	 (17915, 49)             | 5.90      (-0.41)
	............................................................new week............................................................
	Diastolic_blood_pressure_5                                                 | 2564	 (17950, 49)             | 73.00     (-0.36)
	Systolic_blood_pressure_4                                                  | 2564	 (17950, 49)             | 115.00    (-0.27)
	............................................................new week............................................................
	Diastolic_blood_pressure_5                                                 | 2572	 (18008, 49)             | 86.00     (-0.33)
	Systolic_blood_pressure_4                                                  | 2572	 (18008, 49)             | 154.00    (-0.16)
	Anxiolytics_mumpredict                                                     | 2572	 (18010, 49)             | nan       (nan)
	Benzodiazepines                                                            | 2572	 (18010, 49)             | nan       (nan)
	ANXIETY                                                                    | 2572	 (18010, 49)             | nan       (nan)
	............................................................new week............................................................
	Antipsychotics_OPTIMAL                                                     | 2575	 (18026, 49)             | nan       (nan)
	NSAIDS_oral_OPTIMAL_final                                                  | 2575	 (18026, 49)             | nan       (nan)
	............................................................new week............................................................
	Diastolic_blood_pressure_5                                                 | 2577	 (18045, 49)             | 66.00     (-0.38)
	Systolic_blood_pressure_4                                                  | 2577	 (18045, 49)             | 111.00    (-0.28)
	............................................................new week............................................................
	Eosinophil_count_21                                                        | 2578	 (18047, 49)             | 0.10      (-0.47)
	Haematocrit_15                                                             | 2578	 (18047, 49)             | 0.37      (-0.13)
	Haemoglobin_estimation_9                                                   | 2578	 (18047, 49)             | 12.80     (-0.49)
	Lymphocyte_count_20                                                        | 2578	 (18047, 49)             | 1.90      (-0.49)
	Mean_corpusc_Hb_conc__MCHC__14                                             | 2578	 (18047, 49)             | 34.50     (-0.45)
	Mean_corpusc_haemoglobin_MCH__13                                           | 2578	 (18047, 49)             | 33.00     (-0.18)
	Mean_corpuscular_volume__MCV__11                                           | 2578	 (18047, 49)             | 95.70     (-0.14)
	Monocyte_count_23                                                          | 2578	 (18047, 49)             | 0.40      (-0.48)
	Neutrophil_count_19                                                        | 2578	 (18047, 49)             | 4.40      (-0.41)
	Platelet_count_12                                                          | 2578	 (18047, 49)             | 270.90    (-0.50)
	Red_blood_cell__RBC__count_10                                              | 2578	 (18047, 49)             | 3.86      (-0.49)
	Total_white_cell_count_18                                                  | 2578	 (18047, 49)             | 6.70      (-0.50)
	............................................................new week............................................................
	Serum_HDL_cholesterol_level_100                                            | 2579	 (18054, 49)             | 1.50      (-0.12)
	Serum_LDL_cholesterol_level_102                                            | 2579	 (18054, 49)             | 5.70      (-0.31)
	Serum_TSH_level_71                                                         | 2579	 (18054, 49)             | 1.19      (-0.50)
	Serum_cholesterol_97                                                       | 2579	 (18054, 49)             | 7.70      (-0.38)
	............................................................new week............................................................
	Antipsychotics_OPTIMAL                                                     | 2594	 (18160, 49)             | nan       (nan)
	............................................................new week............................................................
	Diastolic_blood_pressure_5                                                 | 2598	 (18188, 49)             | 73.00     (-0.36)
	Systolic_blood_pressure_4                                                  | 2598	 (18188, 49)             | 112.00    (-0.28)
	............................................................new week............................................................
	Diastolic_blood_pressure_5                                                 | 2603	 (18227, 49)             | 77.00     (-0.35)
	Systolic_blood_pressure_4                                                  | 2603	 (18227, 49)             | 112.00    (-0.28)
	Antipsychotics_OPTIMAL                                                     | 2603	 (18227, 49)             | nan       (nan)
	............................................................new week............................................................
	AST_serum_level_47                                                         | 2604	 (18228, 49)             | 13.00     (-0.50)
	Haematocrit_15                                                             | 2604	 (18228, 49)             | 0.37      (-0.13)
	Haemoglobin_estimation_9                                                   | 2604	 (18228, 49)             | 12.40     (-0.49)
	Lymphocyte_count_20                                                        | 2604	 (18228, 49)             | 1.90      (-0.49)
	Mean_corpusc_Hb_conc__MCHC__14                                             | 2604	 (18228, 49)             | 34.10     (-0.45)
	Mean_corpusc_haemoglobin_MCH__13                                           | 2604	 (18228, 49)             | 32.10     (-0.19)
	Mean_corpuscular_volume__MCV__11                                           | 2604	 (18228, 49)             | 94.10     (-0.15)
	Monocyte_count_23                                                          | 2604	 (18228, 49)             | 0.50      (-0.47)
	Neutrophil_count_19                                                        | 2604	 (18228, 49)             | 4.60      (-0.41)
	Platelet_count_12                                                          | 2604	 (18228, 49)             | 275.97    (-0.50)
	Red_blood_cell__RBC__count_10                                              | 2604	 (18228, 49)             | 3.87      (-0.49)
	Serum_HDL_cholesterol_level_100                                            | 2604	 (18228, 49)             | 1.30      (-0.17)
	Serum_LDL_cholesterol_level_102                                            | 2604	 (18228, 49)             | 5.10      (-0.33)
	Serum_albumin_51                                                           | 2604	 (18228, 49)             | 43.00     (-0.27)
	Serum_alkaline_phosphatase_50                                              | 2604	 (18228, 49)             | 61.00     (-0.50)
	Serum_cholesterol_97                                                       | 2604	 (18228, 49)             | 7.20      (-0.39)
	Serum_creatinine_31                                                        | 2604	 (18228, 49)             | 49.00     (-0.50)
	Serum_potassium_26                                                         | 2604	 (18228, 49)             | 4.50      (-0.06)
	Serum_sodium_24                                                            | 2604	 (18228, 49)             | 141.00    (-0.04)
	Serum_total_bilirubin_level_56                                             | 2604	 (18228, 49)             | 14.00     (-0.48)
	Serum_urea_level_29                                                        | 2604	 (18228, 49)             | 2.80      (-0.23)
	Total_white_cell_count_18                                                  | 2604	 (18228, 49)             | 7.00      (-0.50)
	............................................................new week............................................................
	Lipid_lowering_drugs_Optimal                                               | 2605	 (18241, 49)             | nan       (nan)
	Statins                                                                    | 2605	 (18241, 49)             | nan       (nan)

========================================================================================================================
DIAGNOSIS SUMMARY
['DEPRESSION', 'ANXIETY']
========================================================================================================================


PREDICTED FUTURE EVENTS
========================================================================================================================
	EVENT                                                                     | AGE IN WEEKS (days, years)  | VALUE
	............................................................new week............................................................
	Total_white_cell_count_18                                                  | 2606	 (18242, 49)             | -235.88   (-0.55)
	O_E___weight_2                                                             | 2606	 (18242, 49)             | 59.79     (-0.41)
	Systolic_blood_pressure_4                                                  | 2606	 (18242, 49)             | 86.01     (-0.35)
	............................................................new week............................................................
	Diastolic_blood_pressure_5                                                 | 2625	 (18376, 50)             | 55.92     (-0.41)
	TSH___thyroid_stim_hormone_72                                              | 2625	 (18378, 50)             | 4.93      (-0.49)
	Serum_potassium_26                                                         | 2625	 (18378, 50)             | 3.73      (-0.13)
	Systolic_blood_pressure_4                                                  | 2625	 (18378, 50)             | 138.94    (-0.21)
	............................................................new week............................................................
	Body_mass_index_3                                                          | 2633	 (18434, 50)             | 24.40     (-0.34)
	Serum_albumin_51                                                           | 2633	 (18434, 50)             | 24.10     (-0.38)
	Serum_folate_80                                                            | 2633	 (18434, 50)             | 9.26      (0.05)
	Serum_vitamin_B12_79                                                       | 2633	 (18436, 50)             | 1300.76   (-0.44)
	............................................................new week............................................................
	Total_white_cell_count_18                                                  | 2634	 (18438, 50)             | -140.72   (-0.53)
	Total_white_cell_count_18                                                  | 2634	 (18440, 50)             | -87.31    (-0.52)
	Serum_potassium_26                                                         | 2634	 (18440, 50)             | 3.70      (-0.14)
	Total_white_cell_count_18                                                  | 2634	 (18441, 50)             | -172.98   (-0.53)
	Serum_potassium_26                                                         | 2634	 (18441, 50)             | 2.78      (-0.23)
	TSH___thyroid_stim_hormone_72                                              | 2634	 (18441, 50)             | 4.04      (-0.49)
	Total_white_cell_count_18                                                  | 2634	 (18443, 50)             | -119.14   (-0.52)
	............................................................new week............................................................
	Total_white_cell_count_18                                                  | 2635	 (18445, 50)             | -113.74   (-0.52)
	Serum_potassium_26                                                         | 2635	 (18449, 50)             | 3.91      (-0.12)
	Serum_free_T4_level_75                                                     | 2635	 (18451, 50)             | -11.78    (-0.50)
	............................................................new week............................................................
	O_E___height_1                                                             | 2636	 (18456, 50)             | 154.32    (0.03)
	Serum_free_T4_level_75                                                     | 2636	 (18456, 50)             | -208.24   (-0.52)
	Total_white_cell_count_18                                                  | 2636	 (18456, 50)             | 76.49     (-0.48)
	............................................................new week............................................................
	Diastolic_blood_pressure_5                                                 | 2638	 (18471, 50)             | 73.40     (-0.36)
	Haemoglobin_estimation_9                                                   | 2638	 (18471, 50)             | 83.92     (-0.25)
	............................................................new week............................................................
	Total_white_cell_count_18                                                  | 2640	 (18480, 50)             | -112.65   (-0.52)
	Total_white_cell_count_18                                                  | 2640	 (18480, 50)             | -316.17   (-0.56)
	Serum_ferritin_63                                                          | 2640	 (18485, 50)             | 12957.39  (-0.47)
	............................................................new week............................................................
	SABA_PUSHAsthma                                                            | 2641	 (18489, 50)             | nan       (nan)
	Total_white_cell_count_18                                                  | 2641	 (18493, 50)             | -134.48   (-0.53)
	............................................................new week............................................................
	TSH___thyroid_stim_hormone_72                                              | 2642	 (18494, 50)             | -1.07     (-0.50)
	Serum_folate_80                                                            | 2642	 (18496, 50)             | 11.69     (0.15)
	............................................................new week............................................................
	All_Diuretics_D2T                                                          | 2644	 (18509, 50)             | nan       (nan)
	Total_white_cell_count_18                                                  | 2644	 (18509, 50)             | -95.78    (-0.52)
	TSH___thyroid_stim_hormone_72                                              | 2644	 (18513, 50)             | -9.59     (-0.52)
	............................................................new week............................................................
	AST___aspartate_transam_SGOT__46                                           | 2645	 (18520, 50)             | -274.57   (-0.51)
	Body_mass_index_3                                                          | 2645	 (18520, 50)             | 26.94     (-0.32)
	............................................................new week............................................................
	Total_white_cell_count_18                                                  | 2646	 (18522, 50)             | -47.55    (-0.51)
	Systolic_blood_pressure_4                                                  | 2646	 (18522, 50)             | 127.50    (-0.24)
	Serum_potassium_26                                                         | 2646	 (18527, 50)             | 4.52      (-0.05)
	............................................................new week............................................................
	O_E___weight_2                                                             | 2648	 (18538, 50)             | 34.81     (-0.45)
	............................................................new week............................................................
	Total_white_cell_count_18                                                  | 2649	 (18544, 50)             | -196.20   (-0.54)
	Total_white_cell_count_18                                                  | 2649	 (18544, 50)             | 92.55     (-0.48)
	TSH___thyroid_stim_hormone_72                                              | 2649	 (18544, 50)             | 1.33      (-0.49)
	............................................................new week............................................................
	O_E___weight_2                                                             | 2650	 (18553, 50)             | 46.57     (-0.43)
	Serum_vitamin_B12_79                                                       | 2650	 (18553, 50)             | 999.42    (-0.45)
	............................................................new week............................................................
	Total_white_cell_count_18                                                  | 2651	 (18560, 50)             | -172.69   (-0.53)
	............................................................new week............................................................
	Serum_potassium_26                                                         | 2652	 (18568, 50)             | 4.63      (-0.04)
	............................................................new week............................................................
	Body_mass_index_3                                                          | 2671	 (18703, 51)             | 17.61     (-0.40)
