STATIC INFORMATION
========================================================================================================================
	SEX:               F
	IMD:               5.0
	ETHNICITY:         ASIAN
	birth_year:        1952.0


GIVEN PATIENT CONTEXT
========================================================================================================================
	EVENT                                                                     | AGE IN WEEKS (days, years)   | VALUE
	............................................................new week............................................................
	DEPRESSION                                                                 | 1433	 (10037, 27)             | nan       (nan)
	............................................................new week............................................................
	Body_mass_index_3                                                          | 2501	 (17507, 47)             | 33.00     (-0.28)
	Diastolic_blood_pressure_5                                                 | 2501	 (17507, 47)             | 80.00     (-0.34)
	O_E___height_1                                                             | 2501	 (17507, 47)             | 160.00    (0.06)
	O_E___weight_2                                                             | 2501	 (17507, 47)             | 84.50     (-0.37)
	Systolic_blood_pressure_4                                                  | 2501	 (17507, 47)             | 120.00    (-0.26)
	............................................................new week............................................................
	All_Diuretics_D2T                                                          | 2502	 (17514, 47)             | nan       (nan)
	All_Diuretics_ExclLactones_D2T                                             | 2502	 (17514, 47)             | nan       (nan)
	Thiazide_Diuretics_v2                                                      | 2502	 (17514, 47)             | nan       (nan)
	............................................................new week............................................................
	Basophil_count_22                                                          | 2507	 (17549, 48)             | 0.10      (-0.48)
	Eosinophil_count_21                                                        | 2507	 (17549, 48)             | 0.10      (-0.47)
	Haematocrit___PCV_16                                                       | 2507	 (17549, 48)             | 0.38      (-0.19)
	Haemoglobin_estimation_9                                                   | 2507	 (17549, 48)             | 12.90     (-0.49)
	Lymphocyte_count_20                                                        | 2507	 (17549, 48)             | 2.40      (-0.49)
	Mean_corpusc_Hb_conc__MCHC__14                                             | 2507	 (17549, 48)             | 34.30     (-0.45)
	Mean_corpusc_haemoglobin_MCH__13                                           | 2507	 (17549, 48)             | 31.80     (-0.19)
	Mean_corpuscular_volume__MCV__11                                           | 2507	 (17549, 48)             | 92.90     (-0.15)
	Monocyte_count_23                                                          | 2507	 (17549, 48)             | 0.60      (-0.47)
	Neutrophil_count_19                                                        | 2507	 (17549, 48)             | 6.00      (-0.38)
	Platelet_count_12                                                          | 2507	 (17549, 48)             | 294.15    (-0.50)
	Red_blood_cell__RBC__count_10                                              | 2507	 (17549, 48)             | 4.05      (-0.49)
	Total_white_cell_count_18                                                  | 2507	 (17549, 48)             | 9.20      (-0.50)
	AST___aspartate_transam_SGOT__46                                           | 2507	 (17550, 48)             | 20.00     (-0.50)
	Serum_albumin_51                                                           | 2507	 (17550, 48)             | 43.00     (-0.27)
	Serum_alkaline_phosphatase_50                                              | 2507	 (17550, 48)             | 75.00     (-0.50)
	Serum_bilirubin_level_53                                                   | 2507	 (17550, 48)             | 13.00     (-0.48)
	Serum_creatinine_31                                                        | 2507	 (17550, 48)             | 52.00     (-0.49)
	Serum_potassium_26                                                         | 2507	 (17550, 48)             | 4.30      (-0.08)
	Serum_sodium_24                                                            | 2507	 (17550, 48)             | 140.00    (-0.05)
	TSH___thyroid_stim_hormone_72                                              | 2507	 (17550, 48)             | 1.03      (-0.49)
	............................................................new week............................................................
	All_Diuretics_D2T                                                          | 2514	 (17600, 48)             | nan       (nan)
	All_Diuretics_ExclLactones_D2T                                             | 2514	 (17600, 48)             | nan       (nan)
	Thiazide_Diuretics_v2                                                      | 2514	 (17600, 48)             | nan       (nan)
	............................................................new week............................................................
	Diastolic_blood_pressure_5                                                 | 2520	 (17646, 48)             | 80.00     (-0.34)
	Systolic_blood_pressure_4                                                  | 2520	 (17646, 48)             | 130.00    (-0.23)
	All_Diuretics_D2T                                                          | 2520	 (17646, 48)             | nan       (nan)
	All_Diuretics_ExclLactones_D2T                                             | 2520	 (17646, 48)             | nan       (nan)
	Thiazide_Diuretics_v2                                                      | 2520	 (17646, 48)             | nan       (nan)
	............................................................new week............................................................
	TSH___thyroid_stim_hormone_72                                              | 2530	 (17710, 48)             | 1.14      (-0.49)
	............................................................new week............................................................
	All_Diuretics_D2T                                                          | 2532	 (17730, 48)             | nan       (nan)
	All_Diuretics_ExclLactones_D2T                                             | 2532	 (17730, 48)             | nan       (nan)
	Thiazide_Diuretics_v2                                                      | 2532	 (17730, 48)             | nan       (nan)
	............................................................new week............................................................
	Diastolic_blood_pressure_5                                                 | 2544	 (17810, 48)             | 70.00     (-0.37)
	Systolic_blood_pressure_4                                                  | 2544	 (17810, 48)             | 130.00    (-0.23)
	............................................................new week............................................................
	Erythrocyte_sedimentation_rate_61                                          | 2545	 (17816, 48)             | 31.00     (0.12)
	Haemoglobin_estimation_9                                                   | 2545	 (17816, 48)             | 13.60     (-0.49)
	Mean_corpuscular_volume__MCV__11                                           | 2545	 (17816, 48)             | 91.70     (-0.16)
	Platelet_count_12                                                          | 2545	 (17816, 48)             | 346.90    (-0.50)
	Total_white_cell_count_18                                                  | 2545	 (17816, 48)             | 8.40      (-0.50)
	Serum_HDL_cholesterol_level_100                                            | 2545	 (17821, 48)             | 1.30      (-0.17)
	Serum_LDL_cholesterol_level_102                                            | 2545	 (17821, 48)             | 5.10      (-0.33)
	Serum_cholesterol_97                                                       | 2545	 (17821, 48)             | 7.10      (-0.39)
	Serum_triglycerides_105                                                    | 2545	 (17821, 48)             | 1.50      (-0.49)
	............................................................new week............................................................
	NSAIDS_oral_OPTIMAL_final                                                  | 2547	 (17829, 48)             | nan       (nan)
	............................................................new week............................................................
	Diastolic_blood_pressure_5                                                 | 2551	 (17863, 48)             | 80.00     (-0.34)
	Systolic_blood_pressure_4                                                  | 2551	 (17863, 48)             | 140.00    (-0.20)
	............................................................new week............................................................
	Diastolic_blood_pressure_5                                                 | 2557	 (17901, 49)             | 63.00     (-0.39)
	Systolic_blood_pressure_4                                                  | 2557	 (17901, 49)             | 108.00    (-0.29)
	............................................................new week............................................................
	Serum_HDL_cholesterol_level_100                                            | 2559	 (17915, 49)             | 1.10      (-0.22)
	Serum_LDL_cholesterol_level_102                                            | 2559	 (17915, 49)             | 4.40      (-0.35)
	Serum_cholesterol_97                                                       | 2559	 (17915, 49)             | 5.90      (-0.41)
	............................................................new week............................................................
	Diastolic_blood_pressure_5                                                 | 2564	 (17950, 49)             | 73.00     (-0.36)
	Systolic_blood_pressure_4                                                  | 2564	 (17950, 49)             | 115.00    (-0.27)
	............................................................new week............................................................
	Diastolic_blood_pressure_5                                                 | 2572	 (18008, 49)             | 86.00     (-0.33)
	Systolic_blood_pressure_4                                                  | 2572	 (18008, 49)             | 154.00    (-0.16)
	Anxiolytics_mumpredict                                                     | 2572	 (18010, 49)             | nan       (nan)
	Benzodiazepines                                                            | 2572	 (18010, 49)             | nan       (nan)
	ANXIETY                                                                    | 2572	 (18010, 49)             | nan       (nan)
	............................................................new week............................................................
	Antipsychotics_OPTIMAL                                                     | 2575	 (18026, 49)             | nan       (nan)
	NSAIDS_oral_OPTIMAL_final                                                  | 2575	 (18026, 49)             | nan       (nan)
	............................................................new week............................................................
	Diastolic_blood_pressure_5                                                 | 2577	 (18045, 49)             | 66.00     (-0.38)
	Systolic_blood_pressure_4                                                  | 2577	 (18045, 49)             | 111.00    (-0.28)
	............................................................new week............................................................
	Eosinophil_count_21                                                        | 2578	 (18047, 49)             | 0.10      (-0.47)
	Haematocrit_15                                                             | 2578	 (18047, 49)             | 0.37      (-0.13)
	Haemoglobin_estimation_9                                                   | 2578	 (18047, 49)             | 12.80     (-0.49)
	Lymphocyte_count_20                                                        | 2578	 (18047, 49)             | 1.90      (-0.49)
	Mean_corpusc_Hb_conc__MCHC__14                                             | 2578	 (18047, 49)             | 34.50     (-0.45)
	Mean_corpusc_haemoglobin_MCH__13                                           | 2578	 (18047, 49)             | 33.00     (-0.18)
	Mean_corpuscular_volume__MCV__11                                           | 2578	 (18047, 49)             | 95.70     (-0.14)
	Monocyte_count_23                                                          | 2578	 (18047, 49)             | 0.40      (-0.48)
	Neutrophil_count_19                                                        | 2578	 (18047, 49)             | 4.40      (-0.41)
	Platelet_count_12                                                          | 2578	 (18047, 49)             | 270.90    (-0.50)
	Red_blood_cell__RBC__count_10                                              | 2578	 (18047, 49)             | 3.86      (-0.49)
	Total_white_cell_count_18                                                  | 2578	 (18047, 49)             | 6.70      (-0.50)
	............................................................new week............................................................
	Serum_HDL_cholesterol_level_100                                            | 2579	 (18054, 49)             | 1.50      (-0.12)
	Serum_LDL_cholesterol_level_102                                            | 2579	 (18054, 49)             | 5.70      (-0.31)
	Serum_TSH_level_71                                                         | 2579	 (18054, 49)             | 1.19      (-0.50)
	Serum_cholesterol_97                                                       | 2579	 (18054, 49)             | 7.70      (-0.38)
	............................................................new week............................................................
	Antipsychotics_OPTIMAL                                                     | 2594	 (18160, 49)             | nan       (nan)
	............................................................new week............................................................
	Diastolic_blood_pressure_5                                                 | 2598	 (18188, 49)             | 73.00     (-0.36)
	Systolic_blood_pressure_4                                                  | 2598	 (18188, 49)             | 112.00    (-0.28)
	............................................................new week............................................................
	Diastolic_blood_pressure_5                                                 | 2603	 (18227, 49)             | 77.00     (-0.35)
	Systolic_blood_pressure_4                                                  | 2603	 (18227, 49)             | 112.00    (-0.28)
	Antipsychotics_OPTIMAL                                                     | 2603	 (18227, 49)             | nan       (nan)
	............................................................new week............................................................
	AST_serum_level_47                                                         | 2604	 (18228, 49)             | 13.00     (-0.50)
	Haematocrit_15                                                             | 2604	 (18228, 49)             | 0.37      (-0.13)
	Haemoglobin_estimation_9                                                   | 2604	 (18228, 49)             | 12.40     (-0.49)
	Lymphocyte_count_20                                                        | 2604	 (18228, 49)             | 1.90      (-0.49)
	Mean_corpusc_Hb_conc__MCHC__14                                             | 2604	 (18228, 49)             | 34.10     (-0.45)
	Mean_corpusc_haemoglobin_MCH__13                                           | 2604	 (18228, 49)             | 32.10     (-0.19)
	Mean_corpuscular_volume__MCV__11                                           | 2604	 (18228, 49)             | 94.10     (-0.15)
	Monocyte_count_23                                                          | 2604	 (18228, 49)             | 0.50      (-0.47)
	Neutrophil_count_19                                                        | 2604	 (18228, 49)             | 4.60      (-0.41)
	Platelet_count_12                                                          | 2604	 (18228, 49)             | 275.97    (-0.50)
	Red_blood_cell__RBC__count_10                                              | 2604	 (18228, 49)             | 3.87      (-0.49)
	Serum_HDL_cholesterol_level_100                                            | 2604	 (18228, 49)             | 1.30      (-0.17)
	Serum_LDL_cholesterol_level_102                                            | 2604	 (18228, 49)             | 5.10      (-0.33)
	Serum_albumin_51                                                           | 2604	 (18228, 49)             | 43.00     (-0.27)
	Serum_alkaline_phosphatase_50                                              | 2604	 (18228, 49)             | 61.00     (-0.50)
	Serum_cholesterol_97                                                       | 2604	 (18228, 49)             | 7.20      (-0.39)
	Serum_creatinine_31                                                        | 2604	 (18228, 49)             | 49.00     (-0.50)
	Serum_potassium_26                                                         | 2604	 (18228, 49)             | 4.50      (-0.06)
	Serum_sodium_24                                                            | 2604	 (18228, 49)             | 141.00    (-0.04)
	Serum_total_bilirubin_level_56                                             | 2604	 (18228, 49)             | 14.00     (-0.48)
	Serum_urea_level_29                                                        | 2604	 (18228, 49)             | 2.80      (-0.23)
	Total_white_cell_count_18                                                  | 2604	 (18228, 49)             | 7.00      (-0.50)
	............................................................new week............................................................
	Lipid_lowering_drugs_Optimal                                               | 2605	 (18241, 49)             | nan       (nan)
	Statins                                                                    | 2605	 (18241, 49)             | nan       (nan)

========================================================================================================================
DIAGNOSIS SUMMARY
['DEPRESSION', 'ANXIETY']
========================================================================================================================


PREDICTED FUTURE EVENTS
========================================================================================================================
	EVENT                                                                     | AGE IN WEEKS (days, years)  | VALUE
	............................................................new week............................................................
	Diastolic_blood_pressure_5                                                 | 2624	 (18368, 50)             | 74.59     (-0.36)
	Serum_potassium_26                                                         | 2624	 (18368, 50)             | 4.12      (-0.09)
	Serum_potassium_26                                                         | 2624	 (18368, 50)             | 1.80      (-0.33)
	Total_white_cell_count_18                                                  | 2624	 (18368, 50)             | -5.77     (-0.50)
	............................................................new week............................................................
	SABA_PUSHAsthma                                                            | 2625	 (18381, 50)             | nan       (nan)
	Serum_ferritin_63                                                          | 2625	 (18381, 50)             | -671.56   (-0.50)
	............................................................new week............................................................
	Total_white_cell_count_18                                                  | 2626	 (18383, 50)             | -78.55    (-0.52)
	Serum_potassium_26                                                         | 2626	 (18385, 50)             | 3.25      (-0.18)
	Serum_potassium_26                                                         | 2626	 (18385, 50)             | 3.01      (-0.21)
	............................................................new week............................................................
	Erythrocyte_sedimentation_rate_61                                          | 2627	 (18390, 50)             | 3.89      (-0.42)
	Serum_vitamin_B12_79                                                       | 2627	 (18390, 50)             | -26.02    (-0.50)
	Serum_potassium_26                                                         | 2627	 (18392, 50)             | 3.64      (-0.14)
	Total_white_cell_count_18                                                  | 2627	 (18394, 50)             | -148.32   (-0.53)
	............................................................new week............................................................
	All_Diuretics_D2T                                                          | 2630	 (18410, 50)             | nan       (nan)
	Serum_potassium_26                                                         | 2630	 (18410, 50)             | 5.16      (0.01)
	O_E___weight_2                                                             | 2630	 (18416, 50)             | 18.88     (-0.47)
	Serum_alkaline_phosphatase_50                                              | 2630	 (18416, 50)             | -721.10   (-0.54)
	Total_white_cell_count_18                                                  | 2630	 (18416, 50)             | -137.25   (-0.53)
	Paracetamol_OPTIMAL                                                        | 2630	 (18416, 50)             | nan       (nan)
	............................................................new week............................................................
	Serum_potassium_26                                                         | 2631	 (18418, 50)             | 3.41      (-0.17)
	............................................................new week............................................................
	All_Diuretics_D2T                                                          | 2634	 (18441, 50)             | nan       (nan)
	Total_white_cell_count_18                                                  | 2634	 (18441, 50)             | -52.09    (-0.51)
	Total_white_cell_count_18                                                  | 2634	 (18443, 50)             | -174.18   (-0.53)
	Total_white_cell_count_18                                                  | 2634	 (18443, 50)             | -67.60    (-0.51)
	............................................................new week............................................................
	Serum_potassium_26                                                         | 2635	 (18445, 50)             | 4.60      (-0.05)
	Serum_creatinine_31                                                        | 2635	 (18445, 50)             | -271.60   (-0.53)
	TSH___thyroid_stim_hormone_72                                              | 2635	 (18449, 50)             | 4.84      (-0.49)
	Total_white_cell_count_18                                                  | 2635	 (18449, 50)             | -60.07    (-0.51)
	............................................................new week............................................................
	Serum_potassium_26                                                         | 2636	 (18454, 50)             | 3.28      (-0.18)
	Systemic_oral_corticosteroids_optimal                                      | 2636	 (18454, 50)             | nan       (nan)
	Serum_creatinine_31                                                        | 2636	 (18454, 50)             | -280.28   (-0.53)
	Serum_free_T4_level_75                                                     | 2636	 (18454, 50)             | 65.87     (-0.49)
	............................................................new week............................................................
	Diastolic_blood_pressure_5                                                 | 2656	 (18595, 50)             | 41.50     (-0.44)
	............................................................new week............................................................
	Diastolic_blood_pressure_5                                                 | 2671	 (18701, 51)             | 68.32     (-0.37)
	Total_white_cell_count_18                                                  | 2671	 (18701, 51)             | -186.10   (-0.54)
	............................................................new week............................................................
	Diastolic_blood_pressure_5                                                 | 2679	 (18757, 51)             | 69.98     (-0.37)
	............................................................new week............................................................
	Total_white_cell_count_18                                                  | 2680	 (18761, 51)             | -21.35    (-0.50)
	Serum_C_reactive_protein_level_59                                          | 2680	 (18763, 51)             | 7.01      (0.09)
	Serum_potassium_26                                                         | 2680	 (18765, 51)             | 3.31      (-0.18)
	Serum_potassium_26                                                         | 2680	 (18765, 51)             | 3.45      (-0.16)
	Serum_potassium_26                                                         | 2680	 (18765, 51)             | 3.62      (-0.14)
	............................................................new week............................................................
	Serum_potassium_26                                                         | 2681	 (18770, 51)             | 3.58      (-0.15)
	............................................................new week............................................................
	Systolic_blood_pressure_4                                                  | 2682	 (18776, 51)             | 145.36    (-0.19)
	Serum_potassium_26                                                         | 2682	 (18778, 51)             | 5.03      (-0.00)
	Serum_potassium_26                                                         | 2682	 (18778, 51)             | 3.87      (-0.12)
	............................................................new week............................................................
	All_Diuretics_D2T                                                          | 2684	 (18789, 51)             | nan       (nan)
	Serum_potassium_26                                                         | 2684	 (18790, 51)             | 5.22      (0.02)
	............................................................new week............................................................
	TSH___thyroid_stim_hormone_72                                              | 2685	 (18798, 51)             | -1.33     (-0.50)
	............................................................new week............................................................
	Haemoglobin_estimation_9                                                   | 2687	 (18814, 51)             | 83.83     (-0.25)
	............................................................new week............................................................
	Systolic_blood_pressure_4                                                  | 2688	 (18818, 51)             | 155.71    (-0.16)
