STATIC INFORMATION
========================================================================================================================
	SEX:               F
	IMD:               2.0
	ETHNICITY:         WHITE
	birth_year:        1980.0


GIVEN PATIENT CONTEXT
========================================================================================================================
	EVENT                                                                     | AGE IN WEEKS (days, years)   | VALUE
	............................................................new week............................................................
	Never_smoked_tobacco_85                                                    | 1510	 (10576, 28)             | nan       (nan)
	NSAIDS_oral_OPTIMAL_final                                                  | 1510	 (10576, 28)             | nan       (nan)
	............................................................new week............................................................
	Body_mass_index_3                                                          | 1513	 (10593, 29)             | 17.90     (-0.40)
	O_E___height_1                                                             | 1513	 (10593, 29)             | 165.00    (0.08)
	O_E___weight_2                                                             | 1513	 (10593, 29)             | 49.00     (-0.42)
	............................................................new week............................................................
	Body_mass_index_3                                                          | 1514	 (10600, 29)             | 17.90     (-0.40)
	Diastolic_blood_pressure_5                                                 | 1514	 (10600, 29)             | 65.00     (-0.38)
	Never_smoked_tobacco_85                                                    | 1514	 (10600, 29)             | nan       (nan)
	O_E___weight_2                                                             | 1514	 (10600, 29)             | 49.00     (-0.42)
	Systolic_blood_pressure_4                                                  | 1514	 (10600, 29)             | 98.00     (-0.32)
	............................................................new week............................................................
	AST_serum_level_47                                                         | 1564	 (10948, 29)             | 21.00     (-0.50)
	Basophil_count_22                                                          | 1564	 (10948, 29)             | 0.00      (-0.49)
	Eosinophil_count_21                                                        | 1564	 (10948, 29)             | 0.20      (-0.46)
	GFR_calculated_abbreviated_MDRD_34                                         | 1564	 (10948, 29)             | 60.00     (-0.30)
	Haematocrit_15                                                             | 1564	 (10948, 29)             | 0.38      (-0.12)
	Haemoglobin_estimation_9                                                   | 1564	 (10948, 29)             | 13.20     (-0.49)
	Lymphocyte_count_20                                                        | 1564	 (10948, 29)             | 2.60      (-0.49)
	Mean_corpusc_Hb_conc__MCHC__14                                             | 1564	 (10948, 29)             | 35.10     (-0.45)
	Mean_corpusc_haemoglobin_MCH__13                                           | 1564	 (10948, 29)             | 32.20     (-0.18)
	Mean_corpuscular_volume__MCV__11                                           | 1564	 (10948, 29)             | 91.70     (-0.16)
	Monocyte_count_23                                                          | 1564	 (10948, 29)             | 0.60      (-0.47)
	Neutrophil_count_19                                                        | 1564	 (10948, 29)             | 3.20      (-0.44)
	Platelet_count_12                                                          | 1564	 (10948, 29)             | 244.08    (-0.50)
	Red_blood_cell__RBC__count_10                                              | 1564	 (10948, 29)             | 4.10      (-0.49)
	Red_blood_cell_distribution_width_17                                       | 1564	 (10948, 29)             | 12.50     (-0.48)
	Serum_TSH_level_71                                                         | 1564	 (10948, 29)             | 0.73      (-0.50)
	Serum_albumin_51                                                           | 1564	 (10948, 29)             | 47.00     (-0.25)
	Serum_alkaline_phosphatase_50                                              | 1564	 (10948, 29)             | 77.00     (-0.50)
	Serum_creatinine_31                                                        | 1564	 (10948, 29)             | 69.00     (-0.49)
	Serum_potassium_26                                                         | 1564	 (10948, 29)             | 4.40      (-0.07)
	Serum_sodium_24                                                            | 1564	 (10948, 29)             | 142.00    (-0.03)
	Serum_total_bilirubin_level_56                                             | 1564	 (10948, 29)             | 10.00     (-0.49)
	Serum_urea_level_29                                                        | 1564	 (10948, 29)             | 4.30      (-0.09)
	Total_white_cell_count_18                                                  | 1564	 (10948, 29)             | 6.60      (-0.50)
	............................................................new week............................................................
	Body_mass_index_3                                                          | 1589	 (11124, 30)             | 20.20     (-0.38)
	Diastolic_blood_pressure_5                                                 | 1589	 (11124, 30)             | 72.00     (-0.36)
	Never_smoked_tobacco_85                                                    | 1589	 (11124, 30)             | nan       (nan)
	O_E___weight_2                                                             | 1589	 (11124, 30)             | 55.00     (-0.42)
	Systolic_blood_pressure_4                                                  | 1589	 (11124, 30)             | 113.00    (-0.28)
	............................................................new week............................................................
	Antihistamines_second_generation_H1_antagonists                            | 1617	 (11320, 31)             | nan       (nan)
	............................................................new week............................................................
	NSAIDS_oral_OPTIMAL_final                                                  | 1634	 (11438, 31)             | nan       (nan)
	............................................................new week............................................................
	Weak_Opioids_Final                                                         | 1638	 (11468, 31)             | nan       (nan)
	............................................................new week............................................................
	NSAIDS_oral_OPTIMAL_final                                                  | 1640	 (11482, 31)             | nan       (nan)
	............................................................new week............................................................
	Body_mass_index_3                                                          | 1659	 (11615, 31)             | 19.90     (-0.38)
	Diastolic_blood_pressure_5                                                 | 1659	 (11615, 31)             | 71.00     (-0.37)
	Ex_smoker_84                                                               | 1659	 (11615, 31)             | nan       (nan)
	O_E___weight_2                                                             | 1659	 (11615, 31)             | 54.20     (-0.42)
	Systolic_blood_pressure_4                                                  | 1659	 (11615, 31)             | 103.00    (-0.30)
	............................................................new week............................................................
	Basophil_count_22                                                          | 1664	 (11653, 31)             | 0.00      (-0.49)
	Eosinophil_count_21                                                        | 1664	 (11653, 31)             | 0.00      (-0.48)
	Haematocrit_15                                                             | 1664	 (11653, 31)             | 0.35      (-0.15)
	Haemoglobin_estimation_9                                                   | 1664	 (11653, 31)             | 12.10     (-0.49)
	Lymphocyte_count_20                                                        | 1664	 (11653, 31)             | 1.90      (-0.49)
	Mean_corpusc_Hb_conc__MCHC__14                                             | 1664	 (11653, 31)             | 34.70     (-0.45)
	Mean_corpusc_haemoglobin_MCH__13                                           | 1664	 (11653, 31)             | 32.20     (-0.18)
	Mean_corpuscular_volume__MCV__11                                           | 1664	 (11653, 31)             | 92.90     (-0.15)
	Monocyte_count_23                                                          | 1664	 (11653, 31)             | 0.60      (-0.47)
	Neutrophil_count_19                                                        | 1664	 (11653, 31)             | 8.00      (-0.34)
	Platelet_count_12                                                          | 1664	 (11653, 31)             | 197.89    (-0.50)
	Red_blood_cell__RBC__count_10                                              | 1664	 (11653, 31)             | 3.77      (-0.49)
	Total_white_cell_count_18                                                  | 1664	 (11653, 31)             | 10.50     (-0.50)
	............................................................new week............................................................
	Diastolic_blood_pressure_5                                                 | 1667	 (11671, 31)             | 73.00     (-0.36)
	Systolic_blood_pressure_4                                                  | 1667	 (11671, 31)             | 103.00    (-0.30)
	............................................................new week............................................................
	Diastolic_blood_pressure_5                                                 | 1671	 (11697, 32)             | 65.00     (-0.38)
	Systolic_blood_pressure_4                                                  | 1671	 (11697, 32)             | 115.00    (-0.27)
	............................................................new week............................................................
	Diastolic_blood_pressure_5                                                 | 1675	 (11726, 32)             | 80.00     (-0.34)
	Systolic_blood_pressure_4                                                  | 1675	 (11726, 32)             | 110.00    (-0.28)
	............................................................new week............................................................
	Diastolic_blood_pressure_5                                                 | 1676	 (11738, 32)             | 65.00     (-0.38)
	Systolic_blood_pressure_4                                                  | 1676	 (11738, 32)             | 115.00    (-0.27)
	............................................................new week............................................................
	Basophil_count_22                                                          | 1679	 (11759, 32)             | 0.00      (-0.49)
	Eosinophil_count_21                                                        | 1679	 (11759, 32)             | 0.00      (-0.48)
	Haematocrit_15                                                             | 1679	 (11759, 32)             | 0.36      (-0.14)
	Haemoglobin_estimation_9                                                   | 1679	 (11759, 32)             | 12.50     (-0.49)
	Lymphocyte_count_20                                                        | 1679	 (11759, 32)             | 1.60      (-0.49)
	Mean_corpusc_Hb_conc__MCHC__14                                             | 1679	 (11759, 32)             | 34.80     (-0.45)
	Mean_corpusc_haemoglobin_MCH__13                                           | 1679	 (11759, 32)             | 33.20     (-0.17)
	Mean_corpuscular_volume__MCV__11                                           | 1679	 (11759, 32)             | 95.40     (-0.14)
	Monocyte_count_23                                                          | 1679	 (11759, 32)             | 0.60      (-0.47)
	Neutrophil_count_19                                                        | 1679	 (11759, 32)             | 7.80      (-0.34)
	Platelet_count_12                                                          | 1679	 (11759, 32)             | 205.04    (-0.50)
	Red_blood_cell__RBC__count_10                                              | 1679	 (11759, 32)             | 3.76      (-0.49)
	Total_white_cell_count_18                                                  | 1679	 (11759, 32)             | 10.00     (-0.50)
	............................................................new week............................................................
	Diastolic_blood_pressure_5                                                 | 1680	 (11766, 32)             | 72.00     (-0.36)
	Systolic_blood_pressure_4                                                  | 1680	 (11766, 32)             | 99.00     (-0.31)
	............................................................new week............................................................
	Diastolic_blood_pressure_5                                                 | 1683	 (11787, 32)             | 64.00     (-0.38)
	Systolic_blood_pressure_4                                                  | 1683	 (11787, 32)             | 106.00    (-0.29)
	............................................................new week............................................................
	Diastolic_blood_pressure_5                                                 | 1685	 (11801, 32)             | 79.00     (-0.34)
	Systolic_blood_pressure_4                                                  | 1685	 (11801, 32)             | 116.00    (-0.27)
	............................................................new week............................................................
	Diastolic_blood_pressure_5                                                 | 1687	 (11815, 32)             | 73.00     (-0.36)
	Systolic_blood_pressure_4                                                  | 1687	 (11815, 32)             | 112.00    (-0.28)
	............................................................new week............................................................
	Antihistamines_second_generation_H1_antagonists                            | 1688	 (11818, 32)             | nan       (nan)
	Diastolic_blood_pressure_5                                                 | 1688	 (11822, 32)             | 73.00     (-0.36)
	Systolic_blood_pressure_4                                                  | 1688	 (11822, 32)             | 110.00    (-0.28)
	............................................................new week............................................................
	Diastolic_blood_pressure_5                                                 | 1691	 (11843, 32)             | 85.00     (-0.33)
	Systolic_blood_pressure_4                                                  | 1691	 (11843, 32)             | 119.00    (-0.26)
	............................................................new week............................................................
	Basophil_count_22                                                          | 1733	 (12137, 33)             | 0.00      (-0.49)
	Eosinophil_count_21                                                        | 1733	 (12137, 33)             | 0.00      (-0.48)
	Haematocrit_15                                                             | 1733	 (12137, 33)             | 0.39      (-0.11)
	Haemoglobin_estimation_9                                                   | 1733	 (12137, 33)             | 133.00    (-0.08)
	Lymphocyte_count_20                                                        | 1733	 (12137, 33)             | 2.40      (-0.49)
	Mean_corpusc_Hb_conc__MCHC__14                                             | 1733	 (12137, 33)             | 338.00    (0.17)
	Mean_corpusc_haemoglobin_MCH__13                                           | 1733	 (12137, 33)             | 31.20     (-0.19)
	Mean_corpuscular_volume__MCV__11                                           | 1733	 (12137, 33)             | 92.40     (-0.16)
	Monocyte_count_23                                                          | 1733	 (12137, 33)             | 0.50      (-0.47)
	Neutrophil_count_19                                                        | 1733	 (12137, 33)             | 3.90      (-0.42)
	Platelet_count_12                                                          | 1733	 (12137, 33)             | 224.11    (-0.50)
	Red_blood_cell__RBC__count_10                                              | 1733	 (12137, 33)             | 4.26      (-0.49)
	Red_blood_cell_distribution_width_17                                       | 1733	 (12137, 33)             | 13.10     (-0.47)
	Serum_TSH_level_71                                                         | 1733	 (12137, 33)             | 0.64      (-0.50)
	Serum_alanine_aminotransferase_level_45                                    | 1733	 (12137, 33)             | 15.00     (-0.50)
	Serum_albumin_51                                                           | 1733	 (12137, 33)             | 48.00     (-0.24)
	Serum_alkaline_phosphatase_50                                              | 1733	 (12137, 33)             | 81.00     (-0.50)
	Serum_creatinine_31                                                        | 1733	 (12137, 33)             | 68.00     (-0.49)
	Serum_potassium_26                                                         | 1733	 (12137, 33)             | 3.60      (-0.15)
	Serum_sodium_24                                                            | 1733	 (12137, 33)             | 141.00    (-0.04)
	Serum_total_bilirubin_level_56                                             | 1733	 (12137, 33)             | 8.00      (-0.49)
	Serum_urea_level_29                                                        | 1733	 (12137, 33)             | 6.80      (0.16)
	Total_white_cell_count_18                                                  | 1733	 (12137, 33)             | 6.80      (-0.50)

========================================================================================================================
DIAGNOSIS SUMMARY
[]
========================================================================================================================


PREDICTED FUTURE EVENTS
========================================================================================================================
	EVENT                                                                     | AGE IN WEEKS (days, years)  | VALUE
	............................................................new week............................................................
	Basophil_count_22                                                          | 1738	 (12171, 33)             | 0.03      (-0.49)
	............................................................new week............................................................
	Diastolic_blood_pressure_5                                                 | 1743	 (12206, 33)             | 80.24     (-0.34)
	............................................................new week............................................................
	Systolic_blood_pressure_4                                                  | 1744	 (12208, 33)             | 111.62    (-0.28)
	............................................................new week............................................................
	Weak_Opioids_Final                                                         | 1745	 (12219, 33)             | nan       (nan)
	............................................................new week............................................................
	Serum_HDL_cholesterol_level_100                                            | 1754	 (12279, 33)             | 2.61      (0.17)
	............................................................new week............................................................
	NSAIDS_oral_OPTIMAL_final                                                  | 1761	 (12330, 33)             | nan       (nan)
	............................................................new week............................................................
	Serum_ferritin_63                                                          | 1763	 (12341, 33)             | 999.81    (-0.50)
	............................................................new week............................................................
	Diastolic_blood_pressure_5                                                 | 1774	 (12423, 34)             | 64.14     (-0.38)
	Systolic_blood_pressure_4                                                  | 1774	 (12423, 34)             | 110.36    (-0.28)
	............................................................new week............................................................
	Diastolic_blood_pressure_5                                                 | 1775	 (12425, 34)             | 76.22     (-0.35)
	Systolic_blood_pressure_4                                                  | 1775	 (12425, 34)             | 133.35    (-0.22)
	............................................................new week............................................................
	Diastolic_blood_pressure_5                                                 | 1778	 (12447, 34)             | 82.01     (-0.34)
	............................................................new week............................................................
	Weak_Opioids_Final                                                         | 1782	 (12478, 34)             | nan       (nan)
	Anxiolytics_mumpredict                                                     | 1782	 (12480, 34)             | nan       (nan)
	Systolic_blood_pressure_4                                                  | 1782	 (12480, 34)             | 153.35    (-0.17)
	............................................................new week............................................................
	Diastolic_blood_pressure_5                                                 | 1793	 (12553, 34)             | 56.51     (-0.40)
	............................................................new week............................................................
	BetaBlockers_OPTIMAL                                                       | 1799	 (12597, 34)             | nan       (nan)
	Never_smoked_tobacco_85                                                    | 1799	 (12597, 34)             | 0.00      (0.56)
	............................................................new week............................................................
	Diastolic_blood_pressure_5                                                 | 1805	 (12641, 34)             | 78.86     (-0.35)
	Systolic_blood_pressure_4                                                  | 1805	 (12641, 34)             | 132.05    (-0.22)
	............................................................new week............................................................
	Diastolic_blood_pressure_5                                                 | 1806	 (12643, 34)             | 101.26    (-0.29)
	Systolic_blood_pressure_4                                                  | 1806	 (12643, 34)             | 158.26    (-0.15)
	Diastolic_blood_pressure_5                                                 | 1806	 (12648, 34)             | 71.34     (-0.36)
	............................................................new week............................................................
	Systolic_blood_pressure_4                                                  | 1807	 (12650, 34)             | 150.29    (-0.17)
	............................................................new week............................................................
	Serum_alanine_aminotransferase_level_45                                    | 1813	 (12694, 34)             | 34.64     (-0.50)
	............................................................new week............................................................
	Haematocrit_15                                                             | 1814	 (12701, 34)             | 0.31      (-0.19)
	Diastolic_blood_pressure_5                                                 | 1814	 (12701, 34)             | 59.67     (-0.40)
	............................................................new week............................................................
	SABA_PUSHAsthma                                                            | 1815	 (12705, 34)             | nan       (nan)
	Serum_ferritin_63                                                          | 1815	 (12710, 34)             | 3986.30   (-0.49)
	............................................................new week............................................................
	Diastolic_blood_pressure_5                                                 | 1816	 (12717, 34)             | 100.94    (-0.29)
	............................................................new week............................................................
	Systolic_blood_pressure_4                                                  | 1817	 (12725, 34)             | 157.14    (-0.16)
	............................................................new week............................................................
	Diastolic_blood_pressure_5                                                 | 1819	 (12739, 34)             | 92.43     (-0.31)
	............................................................new week............................................................
	Diastolic_blood_pressure_5                                                 | 1821	 (12750, 34)             | 104.40    (-0.28)
	Diastolic_blood_pressure_5                                                 | 1821	 (12752, 34)             | 95.59     (-0.30)
	Systolic_blood_pressure_4                                                  | 1821	 (12752, 34)             | 147.59    (-0.18)
	Systolic_blood_pressure_4                                                  | 1821	 (12752, 34)             | 128.64    (-0.23)
	............................................................new week............................................................
	Diastolic_blood_pressure_5                                                 | 1823	 (12763, 34)             | 80.28     (-0.34)
	Diastolic_blood_pressure_5                                                 | 1823	 (12767, 34)             | 79.72     (-0.34)
	............................................................new week............................................................
	Diastolic_blood_pressure_5                                                 | 1824	 (12772, 34)             | 85.69     (-0.33)
	............................................................new week............................................................
	Diastolic_blood_pressure_5                                                 | 1827	 (12789, 35)             | 97.15     (-0.30)
	Systolic_blood_pressure_4                                                  | 1827	 (12789, 35)             | 141.26    (-0.20)
	............................................................new week............................................................
	Diastolic_blood_pressure_5                                                 | 1837	 (12865, 35)             | 105.02    (-0.28)
	Systolic_blood_pressure_4                                                  | 1837	 (12865, 35)             | 134.37    (-0.22)
	............................................................new week............................................................
	Diastolic_blood_pressure_5                                                 | 1838	 (12871, 35)             | 111.24    (-0.26)
	............................................................new week............................................................
	Serum_albumin_51                                                           | 1839	 (12873, 35)             | 43.81     (-0.27)
	Systolic_blood_pressure_4                                                  | 1839	 (12875, 35)             | 132.00    (-0.22)
	............................................................new week............................................................
	Diastolic_blood_pressure_5                                                 | 1844	 (12913, 35)             | 90.06     (-0.32)
	............................................................new week............................................................
	O_E___weight_2                                                             | 1847	 (12931, 35)             | 27.82     (-0.46)
	............................................................new week............................................................
	Diastolic_blood_pressure_5                                                 | 1849	 (12946, 35)             | 97.22     (-0.30)
	............................................................new week............................................................
	Serum_ferritin_63                                                          | 1851	 (12959, 35)             | 1461.98   (-0.50)
