STATIC INFORMATION
========================================================================================================================
	SEX:               F
	IMD:               2.0
	ETHNICITY:         WHITE
	birth_year:        1980.0


GIVEN PATIENT CONTEXT
========================================================================================================================
	EVENT                                                                     | AGE IN WEEKS (days, years)   | VALUE
	............................................................new week............................................................
	Never_smoked_tobacco_85                                                    | 1510	 (10576, 28)             | nan       (nan)
	NSAIDS_oral_OPTIMAL_final                                                  | 1510	 (10576, 28)             | nan       (nan)
	............................................................new week............................................................
	Body_mass_index_3                                                          | 1513	 (10593, 29)             | 17.90     (-0.40)
	O_E___height_1                                                             | 1513	 (10593, 29)             | 165.00    (0.08)
	O_E___weight_2                                                             | 1513	 (10593, 29)             | 49.00     (-0.42)
	............................................................new week............................................................
	Body_mass_index_3                                                          | 1514	 (10600, 29)             | 17.90     (-0.40)
	Diastolic_blood_pressure_5                                                 | 1514	 (10600, 29)             | 65.00     (-0.38)
	Never_smoked_tobacco_85                                                    | 1514	 (10600, 29)             | nan       (nan)
	O_E___weight_2                                                             | 1514	 (10600, 29)             | 49.00     (-0.42)
	Systolic_blood_pressure_4                                                  | 1514	 (10600, 29)             | 98.00     (-0.32)
	............................................................new week............................................................
	AST_serum_level_47                                                         | 1564	 (10948, 29)             | 21.00     (-0.50)
	Basophil_count_22                                                          | 1564	 (10948, 29)             | 0.00      (-0.49)
	Eosinophil_count_21                                                        | 1564	 (10948, 29)             | 0.20      (-0.46)
	GFR_calculated_abbreviated_MDRD_34                                         | 1564	 (10948, 29)             | 60.00     (-0.30)
	Haematocrit_15                                                             | 1564	 (10948, 29)             | 0.38      (-0.12)
	Haemoglobin_estimation_9                                                   | 1564	 (10948, 29)             | 13.20     (-0.49)
	Lymphocyte_count_20                                                        | 1564	 (10948, 29)             | 2.60      (-0.49)
	Mean_corpusc_Hb_conc__MCHC__14                                             | 1564	 (10948, 29)             | 35.10     (-0.45)
	Mean_corpusc_haemoglobin_MCH__13                                           | 1564	 (10948, 29)             | 32.20     (-0.18)
	Mean_corpuscular_volume__MCV__11                                           | 1564	 (10948, 29)             | 91.70     (-0.16)
	Monocyte_count_23                                                          | 1564	 (10948, 29)             | 0.60      (-0.47)
	Neutrophil_count_19                                                        | 1564	 (10948, 29)             | 3.20      (-0.44)
	Platelet_count_12                                                          | 1564	 (10948, 29)             | 244.08    (-0.50)
	Red_blood_cell__RBC__count_10                                              | 1564	 (10948, 29)             | 4.10      (-0.49)
	Red_blood_cell_distribution_width_17                                       | 1564	 (10948, 29)             | 12.50     (-0.48)
	Serum_TSH_level_71                                                         | 1564	 (10948, 29)             | 0.73      (-0.50)
	Serum_albumin_51                                                           | 1564	 (10948, 29)             | 47.00     (-0.25)
	Serum_alkaline_phosphatase_50                                              | 1564	 (10948, 29)             | 77.00     (-0.50)
	Serum_creatinine_31                                                        | 1564	 (10948, 29)             | 69.00     (-0.49)
	Serum_potassium_26                                                         | 1564	 (10948, 29)             | 4.40      (-0.07)
	Serum_sodium_24                                                            | 1564	 (10948, 29)             | 142.00    (-0.03)
	Serum_total_bilirubin_level_56                                             | 1564	 (10948, 29)             | 10.00     (-0.49)
	Serum_urea_level_29                                                        | 1564	 (10948, 29)             | 4.30      (-0.09)
	Total_white_cell_count_18                                                  | 1564	 (10948, 29)             | 6.60      (-0.50)
	............................................................new week............................................................
	Body_mass_index_3                                                          | 1589	 (11124, 30)             | 20.20     (-0.38)
	Diastolic_blood_pressure_5                                                 | 1589	 (11124, 30)             | 72.00     (-0.36)
	Never_smoked_tobacco_85                                                    | 1589	 (11124, 30)             | nan       (nan)
	O_E___weight_2                                                             | 1589	 (11124, 30)             | 55.00     (-0.42)
	Systolic_blood_pressure_4                                                  | 1589	 (11124, 30)             | 113.00    (-0.28)
	............................................................new week............................................................
	Antihistamines_second_generation_H1_antagonists                            | 1617	 (11320, 31)             | nan       (nan)
	............................................................new week............................................................
	NSAIDS_oral_OPTIMAL_final                                                  | 1634	 (11438, 31)             | nan       (nan)
	............................................................new week............................................................
	Weak_Opioids_Final                                                         | 1638	 (11468, 31)             | nan       (nan)
	............................................................new week............................................................
	NSAIDS_oral_OPTIMAL_final                                                  | 1640	 (11482, 31)             | nan       (nan)
	............................................................new week............................................................
	Body_mass_index_3                                                          | 1659	 (11615, 31)             | 19.90     (-0.38)
	Diastolic_blood_pressure_5                                                 | 1659	 (11615, 31)             | 71.00     (-0.37)
	Ex_smoker_84                                                               | 1659	 (11615, 31)             | nan       (nan)
	O_E___weight_2                                                             | 1659	 (11615, 31)             | 54.20     (-0.42)
	Systolic_blood_pressure_4                                                  | 1659	 (11615, 31)             | 103.00    (-0.30)
	............................................................new week............................................................
	Basophil_count_22                                                          | 1664	 (11653, 31)             | 0.00      (-0.49)
	Eosinophil_count_21                                                        | 1664	 (11653, 31)             | 0.00      (-0.48)
	Haematocrit_15                                                             | 1664	 (11653, 31)             | 0.35      (-0.15)
	Haemoglobin_estimation_9                                                   | 1664	 (11653, 31)             | 12.10     (-0.49)
	Lymphocyte_count_20                                                        | 1664	 (11653, 31)             | 1.90      (-0.49)
	Mean_corpusc_Hb_conc__MCHC__14                                             | 1664	 (11653, 31)             | 34.70     (-0.45)
	Mean_corpusc_haemoglobin_MCH__13                                           | 1664	 (11653, 31)             | 32.20     (-0.18)
	Mean_corpuscular_volume__MCV__11                                           | 1664	 (11653, 31)             | 92.90     (-0.15)
	Monocyte_count_23                                                          | 1664	 (11653, 31)             | 0.60      (-0.47)
	Neutrophil_count_19                                                        | 1664	 (11653, 31)             | 8.00      (-0.34)
	Platelet_count_12                                                          | 1664	 (11653, 31)             | 197.89    (-0.50)
	Red_blood_cell__RBC__count_10                                              | 1664	 (11653, 31)             | 3.77      (-0.49)
	Total_white_cell_count_18                                                  | 1664	 (11653, 31)             | 10.50     (-0.50)
	............................................................new week............................................................
	Diastolic_blood_pressure_5                                                 | 1667	 (11671, 31)             | 73.00     (-0.36)
	Systolic_blood_pressure_4                                                  | 1667	 (11671, 31)             | 103.00    (-0.30)
	............................................................new week............................................................
	Diastolic_blood_pressure_5                                                 | 1671	 (11697, 32)             | 65.00     (-0.38)
	Systolic_blood_pressure_4                                                  | 1671	 (11697, 32)             | 115.00    (-0.27)
	............................................................new week............................................................
	Diastolic_blood_pressure_5                                                 | 1675	 (11726, 32)             | 80.00     (-0.34)
	Systolic_blood_pressure_4                                                  | 1675	 (11726, 32)             | 110.00    (-0.28)
	............................................................new week............................................................
	Diastolic_blood_pressure_5                                                 | 1676	 (11738, 32)             | 65.00     (-0.38)
	Systolic_blood_pressure_4                                                  | 1676	 (11738, 32)             | 115.00    (-0.27)
	............................................................new week............................................................
	Basophil_count_22                                                          | 1679	 (11759, 32)             | 0.00      (-0.49)
	Eosinophil_count_21                                                        | 1679	 (11759, 32)             | 0.00      (-0.48)
	Haematocrit_15                                                             | 1679	 (11759, 32)             | 0.36      (-0.14)
	Haemoglobin_estimation_9                                                   | 1679	 (11759, 32)             | 12.50     (-0.49)
	Lymphocyte_count_20                                                        | 1679	 (11759, 32)             | 1.60      (-0.49)
	Mean_corpusc_Hb_conc__MCHC__14                                             | 1679	 (11759, 32)             | 34.80     (-0.45)
	Mean_corpusc_haemoglobin_MCH__13                                           | 1679	 (11759, 32)             | 33.20     (-0.17)
	Mean_corpuscular_volume__MCV__11                                           | 1679	 (11759, 32)             | 95.40     (-0.14)
	Monocyte_count_23                                                          | 1679	 (11759, 32)             | 0.60      (-0.47)
	Neutrophil_count_19                                                        | 1679	 (11759, 32)             | 7.80      (-0.34)
	Platelet_count_12                                                          | 1679	 (11759, 32)             | 205.04    (-0.50)
	Red_blood_cell__RBC__count_10                                              | 1679	 (11759, 32)             | 3.76      (-0.49)
	Total_white_cell_count_18                                                  | 1679	 (11759, 32)             | 10.00     (-0.50)
	............................................................new week............................................................
	Diastolic_blood_pressure_5                                                 | 1680	 (11766, 32)             | 72.00     (-0.36)
	Systolic_blood_pressure_4                                                  | 1680	 (11766, 32)             | 99.00     (-0.31)
	............................................................new week............................................................
	Diastolic_blood_pressure_5                                                 | 1683	 (11787, 32)             | 64.00     (-0.38)
	Systolic_blood_pressure_4                                                  | 1683	 (11787, 32)             | 106.00    (-0.29)
	............................................................new week............................................................
	Diastolic_blood_pressure_5                                                 | 1685	 (11801, 32)             | 79.00     (-0.34)
	Systolic_blood_pressure_4                                                  | 1685	 (11801, 32)             | 116.00    (-0.27)
	............................................................new week............................................................
	Diastolic_blood_pressure_5                                                 | 1687	 (11815, 32)             | 73.00     (-0.36)
	Systolic_blood_pressure_4                                                  | 1687	 (11815, 32)             | 112.00    (-0.28)
	............................................................new week............................................................
	Antihistamines_second_generation_H1_antagonists                            | 1688	 (11818, 32)             | nan       (nan)
	Diastolic_blood_pressure_5                                                 | 1688	 (11822, 32)             | 73.00     (-0.36)
	Systolic_blood_pressure_4                                                  | 1688	 (11822, 32)             | 110.00    (-0.28)
	............................................................new week............................................................
	Diastolic_blood_pressure_5                                                 | 1691	 (11843, 32)             | 85.00     (-0.33)
	Systolic_blood_pressure_4                                                  | 1691	 (11843, 32)             | 119.00    (-0.26)
	............................................................new week............................................................
	Basophil_count_22                                                          | 1733	 (12137, 33)             | 0.00      (-0.49)
	Eosinophil_count_21                                                        | 1733	 (12137, 33)             | 0.00      (-0.48)
	Haematocrit_15                                                             | 1733	 (12137, 33)             | 0.39      (-0.11)
	Haemoglobin_estimation_9                                                   | 1733	 (12137, 33)             | 133.00    (-0.08)
	Lymphocyte_count_20                                                        | 1733	 (12137, 33)             | 2.40      (-0.49)
	Mean_corpusc_Hb_conc__MCHC__14                                             | 1733	 (12137, 33)             | 338.00    (0.17)
	Mean_corpusc_haemoglobin_MCH__13                                           | 1733	 (12137, 33)             | 31.20     (-0.19)
	Mean_corpuscular_volume__MCV__11                                           | 1733	 (12137, 33)             | 92.40     (-0.16)
	Monocyte_count_23                                                          | 1733	 (12137, 33)             | 0.50      (-0.47)
	Neutrophil_count_19                                                        | 1733	 (12137, 33)             | 3.90      (-0.42)
	Platelet_count_12                                                          | 1733	 (12137, 33)             | 224.11    (-0.50)
	Red_blood_cell__RBC__count_10                                              | 1733	 (12137, 33)             | 4.26      (-0.49)
	Red_blood_cell_distribution_width_17                                       | 1733	 (12137, 33)             | 13.10     (-0.47)
	Serum_TSH_level_71                                                         | 1733	 (12137, 33)             | 0.64      (-0.50)
	Serum_alanine_aminotransferase_level_45                                    | 1733	 (12137, 33)             | 15.00     (-0.50)
	Serum_albumin_51                                                           | 1733	 (12137, 33)             | 48.00     (-0.24)
	Serum_alkaline_phosphatase_50                                              | 1733	 (12137, 33)             | 81.00     (-0.50)
	Serum_creatinine_31                                                        | 1733	 (12137, 33)             | 68.00     (-0.49)
	Serum_potassium_26                                                         | 1733	 (12137, 33)             | 3.60      (-0.15)
	Serum_sodium_24                                                            | 1733	 (12137, 33)             | 141.00    (-0.04)
	Serum_total_bilirubin_level_56                                             | 1733	 (12137, 33)             | 8.00      (-0.49)
	Serum_urea_level_29                                                        | 1733	 (12137, 33)             | 6.80      (0.16)
	Total_white_cell_count_18                                                  | 1733	 (12137, 33)             | 6.80      (-0.50)

========================================================================================================================
DIAGNOSIS SUMMARY
[]
========================================================================================================================


PREDICTED FUTURE EVENTS
========================================================================================================================
	EVENT                                                                     | AGE IN WEEKS (days, years)  | VALUE
	............................................................new week............................................................
	Diastolic_blood_pressure_5                                                 | 1740	 (12180, 33)             | 88.77     (-0.32)
	Systolic_blood_pressure_4                                                  | 1740	 (12184, 33)             | 114.00    (-0.27)
	Systolic_blood_pressure_4                                                  | 1740	 (12184, 33)             | 132.69    (-0.22)
	Systolic_blood_pressure_4                                                  | 1740	 (12184, 33)             | 126.77    (-0.24)
	............................................................new week............................................................
	Systolic_blood_pressure_4                                                  | 1741	 (12188, 33)             | 134.17    (-0.22)
	Systolic_blood_pressure_4                                                  | 1741	 (12188, 33)             | 125.01    (-0.24)
	Systolic_blood_pressure_4                                                  | 1741	 (12191, 33)             | 116.20    (-0.27)
	Systolic_blood_pressure_4                                                  | 1741	 (12191, 33)             | 138.14    (-0.21)
	............................................................new week............................................................
	Diastolic_blood_pressure_5                                                 | 1758	 (12312, 33)             | 78.85     (-0.35)
	Systolic_blood_pressure_4                                                  | 1758	 (12312, 33)             | 127.50    (-0.24)
	............................................................new week............................................................
	O_E___weight_2                                                             | 1759	 (12314, 33)             | 35.95     (-0.45)
	Systolic_blood_pressure_4                                                  | 1759	 (12314, 33)             | 132.67    (-0.22)
	Systolic_blood_pressure_4                                                  | 1759	 (12314, 33)             | 138.70    (-0.21)
	Haemoglobin_A1c_level___IFCC_standardised_6                                | 1759	 (12314, 33)             | 24.71     (-0.42)
	............................................................new week............................................................
	Diastolic_blood_pressure_5                                                 | 1778	 (12449, 34)             | 75.95     (-0.35)
	............................................................new week............................................................
	Diastolic_blood_pressure_5                                                 | 1786	 (12506, 34)             | 78.41     (-0.35)
	............................................................new week............................................................
	Systolic_blood_pressure_4                                                  | 1787	 (12509, 34)             | 144.37    (-0.19)
	Systolic_blood_pressure_4                                                  | 1787	 (12509, 34)             | 136.70    (-0.21)
	............................................................new week............................................................
	Diastolic_blood_pressure_5                                                 | 1797	 (12582, 34)             | 85.01     (-0.33)
	............................................................new week............................................................
	Systolic_blood_pressure_4                                                  | 1798	 (12586, 34)             | 138.39    (-0.21)
	Systolic_blood_pressure_4                                                  | 1798	 (12588, 34)             | 153.28    (-0.17)
	Serum_ferritin_63                                                          | 1798	 (12590, 34)             | -2409.36  (-0.50)
	Urine_albumin_creatinine_ratio_35                                          | 1798	 (12591, 34)             | -1.02     (-0.49)
	............................................................new week............................................................
	NSAIDS_oral_OPTIMAL_final                                                  | 1805	 (12641, 34)             | nan       (nan)
	Systolic_blood_pressure_4                                                  | 1805	 (12641, 34)             | 130.19    (-0.23)
	............................................................new week............................................................
	Diastolic_blood_pressure_5                                                 | 1807	 (12652, 34)             | 85.23     (-0.33)
	............................................................new week............................................................
	Nasal_steroids_optimal                                                     | 1817	 (12725, 34)             | nan       (nan)
	NSAIDS_oral_OPTIMAL_final                                                  | 1817	 (12725, 34)             | nan       (nan)
	............................................................new week............................................................
	Diastolic_blood_pressure_5                                                 | 1820	 (12743, 34)             | 60.74     (-0.39)
	Systolic_blood_pressure_4                                                  | 1820	 (12745, 34)             | 128.40    (-0.23)
	............................................................new week............................................................
	Systolic_blood_pressure_4                                                  | 1821	 (12747, 34)             | 155.90    (-0.16)
	Systolic_blood_pressure_4                                                  | 1821	 (12747, 34)             | 135.37    (-0.22)
	O_E___weight_2                                                             | 1821	 (12752, 34)             | 29.34     (-0.46)
	............................................................new week............................................................
	Serum_creatinine_31                                                        | 1822	 (12754, 34)             | -34.03    (-0.50)
	............................................................new week............................................................
	O_E___weight_2                                                             | 1844	 (12913, 35)             | 37.63     (-0.44)
	............................................................new week............................................................
	Serum_cholesterol_97                                                       | 1848	 (12938, 35)             | 6.17      (-0.41)
	............................................................new week............................................................
	Diastolic_blood_pressure_5                                                 | 1855	 (12988, 35)             | 66.91     (-0.38)
	............................................................new week............................................................
	Diastolic_blood_pressure_5                                                 | 1858	 (13008, 35)             | 70.24     (-0.37)
	Systolic_blood_pressure_4                                                  | 1858	 (13008, 35)             | 128.27    (-0.23)
	Systolic_blood_pressure_4                                                  | 1858	 (13010, 35)             | 144.35    (-0.19)
	............................................................new week............................................................
	Serum_cholesterol_97                                                       | 1861	 (13032, 35)             | 5.65      (-0.42)
	............................................................new week............................................................
	Diastolic_blood_pressure_5                                                 | 1865	 (13061, 35)             | 63.46     (-0.39)
	............................................................new week............................................................
	ALLCANCER_NOHAEM_NOBCC                                                     | 1868	 (13081, 35)             | nan       (nan)
	............................................................new week............................................................
	Diastolic_blood_pressure_5                                                 | 1869	 (13083, 35)             | 72.55     (-0.36)
	............................................................new week............................................................
	Basophil_count_22                                                          | 1871	 (13103, 35)             | 0.13      (-0.48)
	............................................................new week............................................................
	Diastolic_blood_pressure_5                                                 | 1876	 (13132, 35)             | 72.98     (-0.36)
	............................................................new week............................................................
	Diastolic_blood_pressure_5                                                 | 1897	 (13282, 36)             | 75.66     (-0.35)
	............................................................new week............................................................
	Nasal_steroids_optimal                                                     | 1906	 (13342, 36)             | nan       (nan)
	............................................................new week............................................................
	Diastolic_blood_pressure_5                                                 | 1936	 (13554, 37)             | 89.69     (-0.32)
	Systolic_blood_pressure_4                                                  | 1936	 (13554, 37)             | 141.70    (-0.20)
