STATIC INFORMATION
========================================================================================================================
	SEX:               F
	IMD:               2.0
	ETHNICITY:         WHITE
	birth_year:        1980.0


GIVEN PATIENT CONTEXT
========================================================================================================================
	EVENT                                                                     | AGE IN WEEKS (days, years)   | VALUE
	............................................................new week............................................................
	Never_smoked_tobacco_85                                                    | 1510	 (10576, 28)             | nan       (nan)
	NSAIDS_oral_OPTIMAL_final                                                  | 1510	 (10576, 28)             | nan       (nan)
	............................................................new week............................................................
	Body_mass_index_3                                                          | 1513	 (10593, 29)             | 17.90     (-0.40)
	O_E___height_1                                                             | 1513	 (10593, 29)             | 165.00    (0.08)
	O_E___weight_2                                                             | 1513	 (10593, 29)             | 49.00     (-0.42)
	............................................................new week............................................................
	Body_mass_index_3                                                          | 1514	 (10600, 29)             | 17.90     (-0.40)
	Diastolic_blood_pressure_5                                                 | 1514	 (10600, 29)             | 65.00     (-0.38)
	Never_smoked_tobacco_85                                                    | 1514	 (10600, 29)             | nan       (nan)
	O_E___weight_2                                                             | 1514	 (10600, 29)             | 49.00     (-0.42)
	Systolic_blood_pressure_4                                                  | 1514	 (10600, 29)             | 98.00     (-0.32)
	............................................................new week............................................................
	AST_serum_level_47                                                         | 1564	 (10948, 29)             | 21.00     (-0.50)
	Basophil_count_22                                                          | 1564	 (10948, 29)             | 0.00      (-0.49)
	Eosinophil_count_21                                                        | 1564	 (10948, 29)             | 0.20      (-0.46)
	GFR_calculated_abbreviated_MDRD_34                                         | 1564	 (10948, 29)             | 60.00     (-0.30)
	Haematocrit_15                                                             | 1564	 (10948, 29)             | 0.38      (-0.12)
	Haemoglobin_estimation_9                                                   | 1564	 (10948, 29)             | 13.20     (-0.49)
	Lymphocyte_count_20                                                        | 1564	 (10948, 29)             | 2.60      (-0.49)
	Mean_corpusc_Hb_conc__MCHC__14                                             | 1564	 (10948, 29)             | 35.10     (-0.45)
	Mean_corpusc_haemoglobin_MCH__13                                           | 1564	 (10948, 29)             | 32.20     (-0.18)
	Mean_corpuscular_volume__MCV__11                                           | 1564	 (10948, 29)             | 91.70     (-0.16)
	Monocyte_count_23                                                          | 1564	 (10948, 29)             | 0.60      (-0.47)
	Neutrophil_count_19                                                        | 1564	 (10948, 29)             | 3.20      (-0.44)
	Platelet_count_12                                                          | 1564	 (10948, 29)             | 244.08    (-0.50)
	Red_blood_cell__RBC__count_10                                              | 1564	 (10948, 29)             | 4.10      (-0.49)
	Red_blood_cell_distribution_width_17                                       | 1564	 (10948, 29)             | 12.50     (-0.48)
	Serum_TSH_level_71                                                         | 1564	 (10948, 29)             | 0.73      (-0.50)
	Serum_albumin_51                                                           | 1564	 (10948, 29)             | 47.00     (-0.25)
	Serum_alkaline_phosphatase_50                                              | 1564	 (10948, 29)             | 77.00     (-0.50)
	Serum_creatinine_31                                                        | 1564	 (10948, 29)             | 69.00     (-0.49)
	Serum_potassium_26                                                         | 1564	 (10948, 29)             | 4.40      (-0.07)
	Serum_sodium_24                                                            | 1564	 (10948, 29)             | 142.00    (-0.03)
	Serum_total_bilirubin_level_56                                             | 1564	 (10948, 29)             | 10.00     (-0.49)
	Serum_urea_level_29                                                        | 1564	 (10948, 29)             | 4.30      (-0.09)
	Total_white_cell_count_18                                                  | 1564	 (10948, 29)             | 6.60      (-0.50)
	............................................................new week............................................................
	Body_mass_index_3                                                          | 1589	 (11124, 30)             | 20.20     (-0.38)
	Diastolic_blood_pressure_5                                                 | 1589	 (11124, 30)             | 72.00     (-0.36)
	Never_smoked_tobacco_85                                                    | 1589	 (11124, 30)             | nan       (nan)
	O_E___weight_2                                                             | 1589	 (11124, 30)             | 55.00     (-0.42)
	Systolic_blood_pressure_4                                                  | 1589	 (11124, 30)             | 113.00    (-0.28)
	............................................................new week............................................................
	Antihistamines_second_generation_H1_antagonists                            | 1617	 (11320, 31)             | nan       (nan)
	............................................................new week............................................................
	NSAIDS_oral_OPTIMAL_final                                                  | 1634	 (11438, 31)             | nan       (nan)
	............................................................new week............................................................
	Weak_Opioids_Final                                                         | 1638	 (11468, 31)             | nan       (nan)
	............................................................new week............................................................
	NSAIDS_oral_OPTIMAL_final                                                  | 1640	 (11482, 31)             | nan       (nan)
	............................................................new week............................................................
	Body_mass_index_3                                                          | 1659	 (11615, 31)             | 19.90     (-0.38)
	Diastolic_blood_pressure_5                                                 | 1659	 (11615, 31)             | 71.00     (-0.37)
	Ex_smoker_84                                                               | 1659	 (11615, 31)             | nan       (nan)
	O_E___weight_2                                                             | 1659	 (11615, 31)             | 54.20     (-0.42)
	Systolic_blood_pressure_4                                                  | 1659	 (11615, 31)             | 103.00    (-0.30)
	............................................................new week............................................................
	Basophil_count_22                                                          | 1664	 (11653, 31)             | 0.00      (-0.49)
	Eosinophil_count_21                                                        | 1664	 (11653, 31)             | 0.00      (-0.48)
	Haematocrit_15                                                             | 1664	 (11653, 31)             | 0.35      (-0.15)
	Haemoglobin_estimation_9                                                   | 1664	 (11653, 31)             | 12.10     (-0.49)
	Lymphocyte_count_20                                                        | 1664	 (11653, 31)             | 1.90      (-0.49)
	Mean_corpusc_Hb_conc__MCHC__14                                             | 1664	 (11653, 31)             | 34.70     (-0.45)
	Mean_corpusc_haemoglobin_MCH__13                                           | 1664	 (11653, 31)             | 32.20     (-0.18)
	Mean_corpuscular_volume__MCV__11                                           | 1664	 (11653, 31)             | 92.90     (-0.15)
	Monocyte_count_23                                                          | 1664	 (11653, 31)             | 0.60      (-0.47)
	Neutrophil_count_19                                                        | 1664	 (11653, 31)             | 8.00      (-0.34)
	Platelet_count_12                                                          | 1664	 (11653, 31)             | 197.89    (-0.50)
	Red_blood_cell__RBC__count_10                                              | 1664	 (11653, 31)             | 3.77      (-0.49)
	Total_white_cell_count_18                                                  | 1664	 (11653, 31)             | 10.50     (-0.50)
	............................................................new week............................................................
	Diastolic_blood_pressure_5                                                 | 1667	 (11671, 31)             | 73.00     (-0.36)
	Systolic_blood_pressure_4                                                  | 1667	 (11671, 31)             | 103.00    (-0.30)
	............................................................new week............................................................
	Diastolic_blood_pressure_5                                                 | 1671	 (11697, 32)             | 65.00     (-0.38)
	Systolic_blood_pressure_4                                                  | 1671	 (11697, 32)             | 115.00    (-0.27)
	............................................................new week............................................................
	Diastolic_blood_pressure_5                                                 | 1675	 (11726, 32)             | 80.00     (-0.34)
	Systolic_blood_pressure_4                                                  | 1675	 (11726, 32)             | 110.00    (-0.28)
	............................................................new week............................................................
	Diastolic_blood_pressure_5                                                 | 1676	 (11738, 32)             | 65.00     (-0.38)
	Systolic_blood_pressure_4                                                  | 1676	 (11738, 32)             | 115.00    (-0.27)
	............................................................new week............................................................
	Basophil_count_22                                                          | 1679	 (11759, 32)             | 0.00      (-0.49)
	Eosinophil_count_21                                                        | 1679	 (11759, 32)             | 0.00      (-0.48)
	Haematocrit_15                                                             | 1679	 (11759, 32)             | 0.36      (-0.14)
	Haemoglobin_estimation_9                                                   | 1679	 (11759, 32)             | 12.50     (-0.49)
	Lymphocyte_count_20                                                        | 1679	 (11759, 32)             | 1.60      (-0.49)
	Mean_corpusc_Hb_conc__MCHC__14                                             | 1679	 (11759, 32)             | 34.80     (-0.45)
	Mean_corpusc_haemoglobin_MCH__13                                           | 1679	 (11759, 32)             | 33.20     (-0.17)
	Mean_corpuscular_volume__MCV__11                                           | 1679	 (11759, 32)             | 95.40     (-0.14)
	Monocyte_count_23                                                          | 1679	 (11759, 32)             | 0.60      (-0.47)
	Neutrophil_count_19                                                        | 1679	 (11759, 32)             | 7.80      (-0.34)
	Platelet_count_12                                                          | 1679	 (11759, 32)             | 205.04    (-0.50)
	Red_blood_cell__RBC__count_10                                              | 1679	 (11759, 32)             | 3.76      (-0.49)
	Total_white_cell_count_18                                                  | 1679	 (11759, 32)             | 10.00     (-0.50)
	............................................................new week............................................................
	Diastolic_blood_pressure_5                                                 | 1680	 (11766, 32)             | 72.00     (-0.36)
	Systolic_blood_pressure_4                                                  | 1680	 (11766, 32)             | 99.00     (-0.31)
	............................................................new week............................................................
	Diastolic_blood_pressure_5                                                 | 1683	 (11787, 32)             | 64.00     (-0.38)
	Systolic_blood_pressure_4                                                  | 1683	 (11787, 32)             | 106.00    (-0.29)
	............................................................new week............................................................
	Diastolic_blood_pressure_5                                                 | 1685	 (11801, 32)             | 79.00     (-0.34)
	Systolic_blood_pressure_4                                                  | 1685	 (11801, 32)             | 116.00    (-0.27)
	............................................................new week............................................................
	Diastolic_blood_pressure_5                                                 | 1687	 (11815, 32)             | 73.00     (-0.36)
	Systolic_blood_pressure_4                                                  | 1687	 (11815, 32)             | 112.00    (-0.28)
	............................................................new week............................................................
	Antihistamines_second_generation_H1_antagonists                            | 1688	 (11818, 32)             | nan       (nan)
	Diastolic_blood_pressure_5                                                 | 1688	 (11822, 32)             | 73.00     (-0.36)
	Systolic_blood_pressure_4                                                  | 1688	 (11822, 32)             | 110.00    (-0.28)
	............................................................new week............................................................
	Diastolic_blood_pressure_5                                                 | 1691	 (11843, 32)             | 85.00     (-0.33)
	Systolic_blood_pressure_4                                                  | 1691	 (11843, 32)             | 119.00    (-0.26)
	............................................................new week............................................................
	Basophil_count_22                                                          | 1733	 (12137, 33)             | 0.00      (-0.49)
	Eosinophil_count_21                                                        | 1733	 (12137, 33)             | 0.00      (-0.48)
	Haematocrit_15                                                             | 1733	 (12137, 33)             | 0.39      (-0.11)
	Haemoglobin_estimation_9                                                   | 1733	 (12137, 33)             | 133.00    (-0.08)
	Lymphocyte_count_20                                                        | 1733	 (12137, 33)             | 2.40      (-0.49)
	Mean_corpusc_Hb_conc__MCHC__14                                             | 1733	 (12137, 33)             | 338.00    (0.17)
	Mean_corpusc_haemoglobin_MCH__13                                           | 1733	 (12137, 33)             | 31.20     (-0.19)
	Mean_corpuscular_volume__MCV__11                                           | 1733	 (12137, 33)             | 92.40     (-0.16)
	Monocyte_count_23                                                          | 1733	 (12137, 33)             | 0.50      (-0.47)
	Neutrophil_count_19                                                        | 1733	 (12137, 33)             | 3.90      (-0.42)
	Platelet_count_12                                                          | 1733	 (12137, 33)             | 224.11    (-0.50)
	Red_blood_cell__RBC__count_10                                              | 1733	 (12137, 33)             | 4.26      (-0.49)
	Red_blood_cell_distribution_width_17                                       | 1733	 (12137, 33)             | 13.10     (-0.47)
	Serum_TSH_level_71                                                         | 1733	 (12137, 33)             | 0.64      (-0.50)
	Serum_alanine_aminotransferase_level_45                                    | 1733	 (12137, 33)             | 15.00     (-0.50)
	Serum_albumin_51                                                           | 1733	 (12137, 33)             | 48.00     (-0.24)
	Serum_alkaline_phosphatase_50                                              | 1733	 (12137, 33)             | 81.00     (-0.50)
	Serum_creatinine_31                                                        | 1733	 (12137, 33)             | 68.00     (-0.49)
	Serum_potassium_26                                                         | 1733	 (12137, 33)             | 3.60      (-0.15)
	Serum_sodium_24                                                            | 1733	 (12137, 33)             | 141.00    (-0.04)
	Serum_total_bilirubin_level_56                                             | 1733	 (12137, 33)             | 8.00      (-0.49)
	Serum_urea_level_29                                                        | 1733	 (12137, 33)             | 6.80      (0.16)
	Total_white_cell_count_18                                                  | 1733	 (12137, 33)             | 6.80      (-0.50)

========================================================================================================================
DIAGNOSIS SUMMARY
[]
========================================================================================================================


PREDICTED FUTURE EVENTS
========================================================================================================================
	EVENT                                                                     | AGE IN WEEKS (days, years)  | VALUE
	............................................................new week............................................................
	Diastolic_blood_pressure_5                                                 | 1788	 (12516, 34)             | 64.32     (-0.38)
	Systolic_blood_pressure_4                                                  | 1788	 (12522, 34)             | 116.86    (-0.27)
	............................................................new week............................................................
	Basophil_count_22                                                          | 1804	 (12628, 34)             | -0.03     (-0.49)
	............................................................new week............................................................
	Basophil_count_22                                                          | 1845	 (12917, 35)             | 0.05      (-0.49)
	............................................................new week............................................................
	Serum_ferritin_63                                                          | 1846	 (12926, 35)             | -2307.06  (-0.50)
	............................................................new week............................................................
	Diastolic_blood_pressure_5                                                 | 1847	 (12933, 35)             | 53.10     (-0.41)
	............................................................new week............................................................
	Body_mass_index_3                                                          | 1849	 (12944, 35)             | 18.41     (-0.39)
	............................................................new week............................................................
	Diastolic_blood_pressure_5                                                 | 1850	 (12955, 35)             | 65.47     (-0.38)
	............................................................new week............................................................
	Erythrocyte_sedimentation_rate_61                                          | 1851	 (12962, 35)             | 6.63      (-0.37)
	............................................................new week............................................................
	Systolic_blood_pressure_4                                                  | 1852	 (12970, 35)             | 111.64    (-0.28)
	............................................................new week............................................................
	Systolic_blood_pressure_4                                                  | 1853	 (12971, 35)             | 132.99    (-0.22)
	Systolic_blood_pressure_4                                                  | 1853	 (12973, 35)             | 108.98    (-0.29)
	............................................................new week............................................................
	Systolic_blood_pressure_4                                                  | 1854	 (12979, 35)             | 119.55    (-0.26)
	............................................................new week............................................................
	Serum_folate_80                                                            | 1856	 (12993, 35)             | 6.39      (-0.06)
	............................................................new week............................................................
	25_Hydroxyvitamin_D2_level_92                                              | 1863	 (13043, 35)             | 12.31     (0.59)
	............................................................new week............................................................
	Diastolic_blood_pressure_5                                                 | 1866	 (13065, 35)             | 68.59     (-0.37)
	............................................................new week............................................................
	Serum_TSH_level_71                                                         | 1872	 (13108, 35)             | 12.20     (-0.47)
	............................................................new week............................................................
	Basophil_count_22                                                          | 1882	 (13178, 36)             | 0.04      (-0.49)
	............................................................new week............................................................
	Diastolic_blood_pressure_5                                                 | 1894	 (13258, 36)             | 72.02     (-0.36)
	Diastolic_blood_pressure_5                                                 | 1894	 (13260, 36)             | 73.15     (-0.36)
	............................................................new week............................................................
	Basophil_count_22                                                          | 1925	 (13476, 36)             | 0.05      (-0.49)
	............................................................new week............................................................
	Diastolic_blood_pressure_5                                                 | 1926	 (13488, 36)             | 74.80     (-0.36)
	............................................................new week............................................................
	OSTEOPOROSIS                                                               | 1929	 (13508, 37)             | nan       (nan)
	............................................................new week............................................................
	Serum_ferritin_63                                                          | 1937	 (13560, 37)             | 3525.73   (-0.49)
	............................................................new week............................................................
	O_E___weight_2                                                             | 1971	 (13799, 37)             | 31.23     (-0.45)
	............................................................new week............................................................
	POP_reg_contraceptive                                                      | 1975	 (13828, 37)             | nan       (nan)
	............................................................new week............................................................
	Basophil_count_22                                                          | 1977	 (13841, 37)             | -0.06     (-0.50)
	............................................................new week............................................................
	Body_mass_index_3                                                          | 2000	 (14005, 38)             | 18.58     (-0.39)
	............................................................new week............................................................
	Diastolic_blood_pressure_5                                                 | 2003	 (14025, 38)             | 73.66     (-0.36)
	............................................................new week............................................................
	Basophil_count_22                                                          | 2011	 (14078, 38)             | 0.05      (-0.49)
	............................................................new week............................................................
	Calcium_supplements_Optimal                                                | 2012	 (14086, 38)             | nan       (nan)
	............................................................new week............................................................
	Diastolic_blood_pressure_5                                                 | 2026	 (14184, 38)             | 82.24     (-0.34)
	............................................................new week............................................................
	Diastolic_blood_pressure_5                                                 | 2031	 (14219, 38)             | 69.40     (-0.37)
	............................................................new week............................................................
	Serum_ferritin_63                                                          | 2037	 (14261, 39)             | -1003.72  (-0.50)
	............................................................new week............................................................
	Diastolic_blood_pressure_5                                                 | 2044	 (14312, 39)             | 64.31     (-0.38)
	O_E___height_1                                                             | 2044	 (14314, 39)             | 127.14    (-0.07)
	............................................................new week............................................................
	Diastolic_blood_pressure_5                                                 | 2077	 (14542, 39)             | 88.82     (-0.32)
	............................................................new week............................................................
	Body_mass_index_3                                                          | 2080	 (14566, 39)             | 21.62     (-0.37)
	............................................................new week............................................................
	Systolic_blood_pressure_4                                                  | 2081	 (14570, 39)             | 117.65    (-0.26)
	............................................................new week............................................................
	Diastolic_blood_pressure_5                                                 | 2104	 (14731, 40)             | 63.52     (-0.39)
	............................................................new week............................................................
	Diastolic_blood_pressure_5                                                 | 2167	 (15173, 41)             | 52.12     (-0.42)
	............................................................new week............................................................
	O_E___weight_2                                                             | 2171	 (15200, 41)             | 46.87     (-0.43)
	............................................................new week............................................................
	Basophil_count_22                                                          | 2216	 (15514, 42)             | -0.02     (-0.49)
	............................................................new week............................................................
	Diastolic_blood_pressure_5                                                 | 2222	 (15554, 42)             | 88.58     (-0.32)
	............................................................new week............................................................
	Diastolic_blood_pressure_5                                                 | 2227	 (15595, 42)             | 85.42     (-0.33)
	Systolic_blood_pressure_4                                                  | 2227	 (15595, 42)             | 93.59     (-0.33)
	............................................................new week............................................................
	AST_serum_level_47                                                         | 2235	 (15646, 42)             | 15.36     (-0.50)
	............................................................new week............................................................
	Diastolic_blood_pressure_5                                                 | 2240	 (15684, 42)             | 83.91     (-0.33)
	............................................................new week............................................................
	Diastolic_blood_pressure_5                                                 | 2252	 (15768, 43)             | 97.96     (-0.29)
	............................................................new week............................................................
	Basophil_count_22                                                          | 2259	 (15818, 43)             | -0.08     (-0.50)
