STATIC INFORMATION
========================================================================================================================
	SEX:               M
	IMD:               5.0
	ETHNICITY:         BLACK
	birth_year:        1978.0


GIVEN PATIENT CONTEXT
========================================================================================================================
	EVENT                                                                     | AGE IN WEEKS (days, years)   | VALUE
	............................................................new week............................................................
	ALCOHOLMISUSE_V2                                                           | 1777	 (12445, 34)             | nan       (nan)
	............................................................new week............................................................
	Body_mass_index_3                                                          | 1778	 (12449, 34)             | 25.20     (-0.34)
	Diastolic_blood_pressure_5                                                 | 1778	 (12449, 34)             | 80.00     (-0.34)
	O_E___height_1                                                             | 1778	 (12449, 34)             | 167.00    (0.08)
	O_E___weight_2                                                             | 1778	 (12449, 34)             | 70.20     (-0.39)
	Systolic_blood_pressure_4                                                  | 1778	 (12449, 34)             | 142.00    (-0.20)
	............................................................new week............................................................
	Nasal_steroids_optimal                                                     | 1814	 (12701, 34)             | nan       (nan)
	............................................................new week............................................................
	Nasal_steroids_optimal                                                     | 1820	 (12745, 34)             | nan       (nan)
	............................................................new week............................................................
	GFR_calculated_abbreviated_MDRD_34                                         | 1830	 (12816, 35)             | nan       (nan)
	Haemoglobin_estimation_9                                                   | 1830	 (12816, 35)             | 143.00    (-0.04)
	Lymphocyte_count_20                                                        | 1830	 (12816, 35)             | 0.90      (-0.50)
	Mean_corpusc_Hb_conc__MCHC__14                                             | 1830	 (12816, 35)             | 322.00    (0.14)
	Mean_corpusc_haemoglobin_MCH__13                                           | 1830	 (12816, 35)             | 30.60     (-0.20)
	Mean_corpuscular_volume__MCV__11                                           | 1830	 (12816, 35)             | 95.20     (-0.14)
	Monocyte_count_23                                                          | 1830	 (12816, 35)             | 0.20      (-0.49)
	Neutrophil_count_19                                                        | 1830	 (12816, 35)             | 1.00      (-0.48)
	Platelet_count_12                                                          | 1830	 (12816, 35)             | 258.09    (-0.50)
	Red_blood_cell__RBC__count_10                                              | 1830	 (12816, 35)             | 4.69      (-0.49)
	Red_blood_cell_distribution_width_17                                       | 1830	 (12816, 35)             | 12.80     (-0.47)
	Serum_C_reactive_protein_level_59                                          | 1830	 (12816, 35)             | 4.00      (-0.03)
	Serum_alanine_aminotransferase_level_45                                    | 1830	 (12816, 35)             | 44.00     (-0.50)
	Serum_albumin_51                                                           | 1830	 (12816, 35)             | 42.00     (-0.28)
	Serum_alkaline_phosphatase_50                                              | 1830	 (12816, 35)             | 32.00     (-0.50)
	Serum_bilirubin_level_53                                                   | 1830	 (12816, 35)             | 13.00     (-0.48)
	Serum_creatinine_31                                                        | 1830	 (12816, 35)             | 85.00     (-0.49)
	Serum_gamma_glutamyl_transferase_level_57                                  | 1830	 (12816, 35)             | 38.00     (0.04)
	Serum_potassium_26                                                         | 1830	 (12816, 35)             | 4.10      (-0.10)
	Serum_sodium_24                                                            | 1830	 (12816, 35)             | 139.00    (-0.05)
	Serum_urea_level_29                                                        | 1830	 (12816, 35)             | 6.50      (0.13)
	Total_white_cell_count_18                                                  | 1830	 (12816, 35)             | 2.20      (-0.50)
	............................................................new week............................................................
	Haemoglobin_estimation_9                                                   | 1834	 (12842, 35)             | 148.00    (-0.02)
	Lymphocyte_count_20                                                        | 1834	 (12842, 35)             | 0.90      (-0.50)
	Mean_corpusc_Hb_conc__MCHC__14                                             | 1834	 (12842, 35)             | 317.00    (0.13)
	Mean_corpusc_haemoglobin_MCH__13                                           | 1834	 (12842, 35)             | 30.50     (-0.20)
	Mean_corpuscular_volume__MCV__11                                           | 1834	 (12842, 35)             | 96.30     (-0.14)
	Monocyte_count_23                                                          | 1834	 (12842, 35)             | 0.30      (-0.48)
	Neutrophil_count_19                                                        | 1834	 (12842, 35)             | 1.30      (-0.47)
	Platelet_count_12                                                          | 1834	 (12842, 35)             | 227.99    (-0.50)
	Red_blood_cell__RBC__count_10                                              | 1834	 (12842, 35)             | 4.86      (-0.49)
	Red_blood_cell_distribution_width_17                                       | 1834	 (12842, 35)             | 12.20     (-0.48)
	Total_white_cell_count_18                                                  | 1834	 (12842, 35)             | 2.60      (-0.50)
	............................................................new week............................................................
	Haemoglobin_estimation_9                                                   | 1845	 (12920, 35)             | 151.00    (-0.01)
	Lymphocyte_count_20                                                        | 1845	 (12920, 35)             | 1.20      (-0.49)
	Mean_corpusc_Hb_conc__MCHC__14                                             | 1845	 (12920, 35)             | 322.00    (0.14)
	Mean_corpusc_haemoglobin_MCH__13                                           | 1845	 (12920, 35)             | 30.60     (-0.20)
	Mean_corpuscular_volume__MCV__11                                           | 1845	 (12920, 35)             | 95.00     (-0.15)
	Monocyte_count_23                                                          | 1845	 (12920, 35)             | 0.30      (-0.48)
	Neutrophil_count_19                                                        | 1845	 (12920, 35)             | 1.10      (-0.48)
	Platelet_count_12                                                          | 1845	 (12920, 35)             | 275.08    (-0.50)
	Red_blood_cell__RBC__count_10                                              | 1845	 (12920, 35)             | 4.93      (-0.49)
	Red_blood_cell_distribution_width_17                                       | 1845	 (12920, 35)             | 11.30     (-0.49)
	Total_white_cell_count_18                                                  | 1845	 (12920, 35)             | 2.60      (-0.50)
	............................................................new week............................................................
	Nasal_steroids_optimal                                                     | 1862	 (13039, 35)             | nan       (nan)
	Nasal_steroids_optimal                                                     | 1862	 (13039, 35)             | nan       (nan)
	Nasal_steroids_optimal                                                     | 1862	 (13040, 35)             | nan       (nan)
	............................................................new week............................................................
	Nasal_steroids_optimal                                                     | 1872	 (13110, 35)             | nan       (nan)
	............................................................new week............................................................
	Haemoglobin_estimation_9                                                   | 1895	 (13271, 36)             | 148.00    (-0.02)
	Lymphocyte_count_20                                                        | 1895	 (13271, 36)             | 1.70      (-0.49)
	Mean_corpusc_Hb_conc__MCHC__14                                             | 1895	 (13271, 36)             | 331.00    (0.16)
	Mean_corpusc_haemoglobin_MCH__13                                           | 1895	 (13271, 36)             | 31.20     (-0.19)
	Mean_corpuscular_volume__MCV__11                                           | 1895	 (13271, 36)             | 94.10     (-0.15)
	Monocyte_count_23                                                          | 1895	 (13271, 36)             | 0.40      (-0.48)
	Neutrophil_count_19                                                        | 1895	 (13271, 36)             | 1.40      (-0.47)
	Platelet_count_12                                                          | 1895	 (13271, 36)             | 250.94    (-0.50)
	Red_blood_cell__RBC__count_10                                              | 1895	 (13271, 36)             | 4.74      (-0.49)
	Red_blood_cell_distribution_width_17                                       | 1895	 (13271, 36)             | 11.80     (-0.48)
	Total_white_cell_count_18                                                  | 1895	 (13271, 36)             | 3.50      (-0.50)
	............................................................new week............................................................
	Nasal_steroids_optimal                                                     | 1929	 (13505, 37)             | nan       (nan)
	ALLERGICRHINITISCONJ                                                       | 1929	 (13505, 37)             | nan       (nan)
	............................................................new week............................................................
	Diastolic_blood_pressure_5                                                 | 1982	 (13877, 38)             | 72.00     (-0.36)
	Systolic_blood_pressure_4                                                  | 1982	 (13877, 38)             | 130.00    (-0.23)
	............................................................new week............................................................
	Haemoglobin_estimation_9                                                   | 2003	 (14027, 38)             | 147.00    (-0.03)
	Lymphocyte_count_20                                                        | 2003	 (14027, 38)             | 1.30      (-0.49)
	Mean_corpusc_Hb_conc__MCHC__14                                             | 2003	 (14027, 38)             | 331.00    (0.16)
	Mean_corpusc_haemoglobin_MCH__13                                           | 2003	 (14027, 38)             | 31.10     (-0.20)
	Mean_corpuscular_volume__MCV__11                                           | 2003	 (14027, 38)             | 93.90     (-0.15)
	Monocyte_count_23                                                          | 2003	 (14027, 38)             | 0.50      (-0.47)
	Neutrophil_count_19                                                        | 2003	 (14027, 38)             | 1.20      (-0.48)
	Platelet_count_12                                                          | 2003	 (14027, 38)             | 239.01    (-0.50)
	Red_blood_cell__RBC__count_10                                              | 2003	 (14027, 38)             | 4.73      (-0.49)
	Red_blood_cell_distribution_width_17                                       | 2003	 (14027, 38)             | 12.50     (-0.48)
	Total_white_cell_count_18                                                  | 2003	 (14027, 38)             | 3.10      (-0.50)
	............................................................new week............................................................
	Nasal_steroids_optimal                                                     | 2020	 (14142, 38)             | nan       (nan)
	............................................................new week............................................................
	Body_mass_index_3                                                          | 2033	 (14234, 38)             | 23.60     (-0.35)
	Diastolic_blood_pressure_5                                                 | 2033	 (14234, 38)             | 93.00     (-0.31)
	O_E___height_1                                                             | 2033	 (14234, 38)             | 167.00    (0.08)
	O_E___weight_2                                                             | 2033	 (14234, 38)             | 66.00     (-0.40)
	Systolic_blood_pressure_4                                                  | 2033	 (14234, 38)             | 139.00    (-0.21)
	............................................................new week............................................................
	Calculated_LDL_cholesterol_level_103                                       | 2034	 (14242, 39)             | 2.50      (-0.42)
	GFR_calculated_abbreviated_MDRD_34                                         | 2034	 (14242, 39)             | 60.00     (-0.30)
	Haemoglobin_A1c_level___IFCC_standardised_6                                | 2034	 (14242, 39)             | 29.00     (-0.40)
	Haemoglobin_estimation_9                                                   | 2034	 (14242, 39)             | 143.00    (-0.04)
	Lymphocyte_count_20                                                        | 2034	 (14242, 39)             | 1.20      (-0.49)
	Mean_corpusc_Hb_conc__MCHC__14                                             | 2034	 (14242, 39)             | 335.00    (0.16)
	Mean_corpusc_haemoglobin_MCH__13                                           | 2034	 (14242, 39)             | 31.50     (-0.19)
	Mean_corpuscular_volume__MCV__11                                           | 2034	 (14242, 39)             | 93.90     (-0.15)
	Monocyte_count_23                                                          | 2034	 (14242, 39)             | 0.50      (-0.47)
	Neutrophil_count_19                                                        | 2034	 (14242, 39)             | 1.40      (-0.47)
	Non_HDL_cholesterol_level_108                                              | 2034	 (14242, 39)             | 3.00      (-0.03)
	Platelet_count_12                                                          | 2034	 (14242, 39)             | 262.86    (-0.50)
	Red_blood_cell__RBC__count_10                                              | 2034	 (14242, 39)             | 4.54      (-0.49)
	Red_blood_cell_distribution_width_17                                       | 2034	 (14242, 39)             | 12.30     (-0.48)
	Serum_HDL_cholesterol_level_100                                            | 2034	 (14242, 39)             | 3.08      (0.29)
	Serum_TSH_level_71                                                         | 2034	 (14242, 39)             | 1.15      (-0.50)
	Serum_alanine_aminotransferase_level_45                                    | 2034	 (14242, 39)             | 52.00     (-0.50)
	Serum_albumin_51                                                           | 2034	 (14242, 39)             | 43.00     (-0.27)
	Serum_alkaline_phosphatase_50                                              | 2034	 (14242, 39)             | 50.00     (-0.50)
	Serum_bilirubin_level_53                                                   | 2034	 (14242, 39)             | 17.00     (-0.48)
	Serum_cholesterol_97                                                       | 2034	 (14242, 39)             | 6.10      (-0.41)
	Serum_creatinine_31                                                        | 2034	 (14242, 39)             | 88.00     (-0.49)
	Serum_potassium_26                                                         | 2034	 (14242, 39)             | 4.40      (-0.07)
	Serum_sodium_24                                                            | 2034	 (14242, 39)             | 140.00    (-0.05)
	Serum_triglycerides_105                                                    | 2034	 (14242, 39)             | 1.10      (-0.49)
	Serum_urea_level_29                                                        | 2034	 (14242, 39)             | 5.10      (-0.01)
	Total_cholesterol_HDL_ratio_95                                             | 2034	 (14242, 39)             | 2.00      (-0.50)
	Total_white_cell_count_18                                                  | 2034	 (14242, 39)             | 3.10      (-0.50)
	............................................................new week............................................................
	SSRIs_Optimal                                                              | 2061	 (14430, 39)             | nan       (nan)
	DEPRESSION                                                                 | 2061	 (14430, 39)             | nan       (nan)
	............................................................new week............................................................
	Body_mass_index_3                                                          | 2067	 (14471, 39)             | 24.00     (-0.35)
	Diastolic_blood_pressure_5                                                 | 2067	 (14471, 39)             | 99.00     (-0.29)
	O_E___weight_2                                                             | 2067	 (14471, 39)             | 67.00     (-0.40)
	Systolic_blood_pressure_4                                                  | 2067	 (14471, 39)             | 169.00    (-0.12)
	Calculated_LDL_cholesterol_level_103                                       | 2067	 (14474, 39)             | 2.80      (-0.41)
	GFR_calculated_abbreviated_MDRD_34                                         | 2067	 (14474, 39)             | 60.00     (-0.30)
	Haemoglobin_A1c_level___IFCC_standardised_6                                | 2067	 (14474, 39)             | 32.00     (-0.39)
	Non_HDL_cholesterol_level_108                                              | 2067	 (14474, 39)             | 3.30      (0.02)
	Serum_HDL_cholesterol_level_100                                            | 2067	 (14474, 39)             | 3.07      (0.29)
	Serum_TSH_level_71                                                         | 2067	 (14474, 39)             | 1.23      (-0.50)
	Serum_alanine_aminotransferase_level_45                                    | 2067	 (14474, 39)             | 44.00     (-0.50)
	Serum_albumin_51                                                           | 2067	 (14474, 39)             | 45.00     (-0.26)
	Serum_alkaline_phosphatase_50                                              | 2067	 (14474, 39)             | 40.00     (-0.50)
	Serum_bilirubin_level_53                                                   | 2067	 (14474, 39)             | 10.00     (-0.49)
	Serum_cholesterol_97                                                       | 2067	 (14474, 39)             | 6.30      (-0.41)
	Serum_creatinine_31                                                        | 2067	 (14474, 39)             | 87.00     (-0.49)
	Serum_potassium_26                                                         | 2067	 (14474, 39)             | 5.10      (0.01)
	Serum_sodium_24                                                            | 2067	 (14474, 39)             | 141.00    (-0.04)
	Serum_triglycerides_105                                                    | 2067	 (14474, 39)             | 0.96      (-0.49)
	Serum_urea_level_29                                                        | 2067	 (14474, 39)             | 4.90      (-0.03)
	Total_cholesterol_HDL_ratio_95                                             | 2067	 (14474, 39)             | 2.10      (-0.50)
	............................................................new week............................................................
	Diastolic_blood_pressure_5                                                 | 2068	 (14478, 39)             | 95.00     (-0.30)
	Diastolic_blood_pressure_5                                                 | 2068	 (14478, 39)             | 96.00     (-0.30)
	Systolic_blood_pressure_4                                                  | 2068	 (14478, 39)             | 163.00    (-0.14)
	Systolic_blood_pressure_4                                                  | 2068	 (14478, 39)             | 174.00    (-0.11)
	............................................................new week............................................................
	Diastolic_blood_pressure_5                                                 | 2104	 (14733, 40)             | 98.00     (-0.29)
	Systolic_blood_pressure_4                                                  | 2104	 (14733, 40)             | 154.00    (-0.16)
	............................................................new week............................................................
	Diastolic_blood_pressure_5                                                 | 2105	 (14740, 40)             | 105.00    (-0.28)
	Systolic_blood_pressure_4                                                  | 2105	 (14740, 40)             | 168.00    (-0.13)
	............................................................new week............................................................
	Haematocrit_15                                                             | 2119	 (14835, 40)             | 0.42      (-0.08)
	Haemoglobin_estimation_9                                                   | 2119	 (14835, 40)             | 138.00    (-0.06)
	Lymphocyte_count_20                                                        | 2119	 (14835, 40)             | 1.00      (-0.50)
	Mean_corpusc_Hb_conc__MCHC__14                                             | 2119	 (14835, 40)             | 326.00    (0.14)
	Mean_corpusc_haemoglobin_MCH__13                                           | 2119	 (14835, 40)             | 31.00     (-0.20)
	Mean_corpuscular_volume__MCV__11                                           | 2119	 (14835, 40)             | 94.90     (-0.15)
	Monocyte_count_23                                                          | 2119	 (14835, 40)             | 0.40      (-0.48)
	Neutrophil_count_19                                                        | 2119	 (14835, 40)             | 1.60      (-0.47)
	Platelet_count_12                                                          | 2119	 (14835, 40)             | 225.01    (-0.50)
	Red_blood_cell__RBC__count_10                                              | 2119	 (14835, 40)             | 4.47      (-0.49)
	Red_blood_cell_distribution_width_17                                       | 2119	 (14835, 40)             | 12.50     (-0.48)
	Total_white_cell_count_18                                                  | 2119	 (14835, 40)             | 3.10      (-0.50)
	............................................................new week............................................................
	Body_mass_index_3                                                          | 2143	 (15007, 41)             | 23.59     (-0.35)
	Current_smoker_83                                                          | 2143	 (15007, 41)             | nan       (nan)
	Diastolic_blood_pressure_5                                                 | 2143	 (15007, 41)             | 92.00     (-0.31)
	O_E___height_1                                                             | 2143	 (15007, 41)             | 166.00    (0.08)
	O_E___weight_2                                                             | 2143	 (15007, 41)             | 65.00     (-0.40)
	Serum_HDL_cholesterol_level_100                                            | 2143	 (15007, 41)             | 2.15      (0.05)
	Serum_total_cholesterol_level_98                                           | 2143	 (15007, 41)             | 6.26      (-0.40)
	Systolic_blood_pressure_4                                                  | 2143	 (15007, 41)             | 134.00    (-0.22)
	Total_cholesterol_HDL_ratio_95                                             | 2143	 (15007, 41)             | 2.90      (-0.49)
	............................................................new week............................................................
	Nasal_steroids_optimal                                                     | 2170	 (15192, 41)             | nan       (nan)
	............................................................new week............................................................
	Nasal_steroids_optimal                                                     | 2229	 (15609, 42)             | nan       (nan)
	............................................................new week............................................................
	Mirtazapine                                                                | 2232	 (15626, 42)             | nan       (nan)
	............................................................new week............................................................
	Antihistamines_second_generation_H1_antagonists                            | 2233	 (15635, 42)             | nan       (nan)
	............................................................new week............................................................
	Mirtazapine                                                                | 2234	 (15644, 42)             | nan       (nan)
	............................................................new week............................................................
	Mirtazapine                                                                | 2235	 (15651, 42)             | nan       (nan)
	Nasal_steroids_optimal                                                     | 2235	 (15651, 42)             | nan       (nan)
	............................................................new week............................................................
	Mirtazapine                                                                | 2239	 (15674, 42)             | nan       (nan)
	............................................................new week............................................................
	Mirtazapine                                                                | 2243	 (15703, 43)             | nan       (nan)
	............................................................new week............................................................
	Mirtazapine                                                                | 2247	 (15733, 43)             | nan       (nan)
	............................................................new week............................................................
	Mirtazapine                                                                | 2253	 (15772, 43)             | nan       (nan)
	............................................................new week............................................................
	Mirtazapine                                                                | 2259	 (15815, 43)             | nan       (nan)
	............................................................new week............................................................
	Body_mass_index_3                                                          | 2263	 (15845, 43)             | 23.01     (-0.36)
	Diastolic_blood_pressure_5                                                 | 2263	 (15845, 43)             | 83.00     (-0.33)
	O_E___weight_2                                                             | 2263	 (15845, 43)             | 63.40     (-0.40)
	Systolic_blood_pressure_4                                                  | 2263	 (15845, 43)             | 142.00    (-0.20)
	............................................................new week............................................................
	Mirtazapine                                                                | 2266	 (15865, 43)             | nan       (nan)
	............................................................new week............................................................
	Nasal_steroids_optimal                                                     | 2273	 (15913, 43)             | nan       (nan)
	Mirtazapine                                                                | 2273	 (15914, 43)             | nan       (nan)

========================================================================================================================
DIAGNOSIS SUMMARY
['ALCOHOLMISUSE_V2', 'ALLERGICRHINITISCONJ', 'DEPRESSION']
========================================================================================================================


PREDICTED FUTURE EVENTS
========================================================================================================================
	EVENT                                                                     | AGE IN WEEKS (days, years)  | VALUE
	............................................................new week............................................................
	Mirtazapine                                                                | 2275	 (15929, 43)             | nan       (nan)
	............................................................new week............................................................
	Basophil_count_22                                                          | 2287	 (16013, 43)             | 0.04      (-0.49)
	Eosinophil_count_21                                                        | 2287	 (16015, 43)             | 0.20      (-0.46)
	GFR_calculated_abbreviated_MDRD_34                                         | 2287	 (16015, 43)             | 69.32     (-0.27)
	Haemoglobin_estimation_9                                                   | 2287	 (16015, 43)             | 156.47    (0.01)
	Lymphocyte_count_20                                                        | 2287	 (16015, 43)             | 2.40      (-0.49)
	Mean_corpusc_Hb_conc__MCHC__14                                             | 2287	 (16015, 43)             | 354.23    (0.20)
	............................................................new week............................................................
	Mean_corpusc_haemoglobin_MCH__13                                           | 2288	 (16017, 43)             | 34.08     (-0.17)
	Mean_corpuscular_volume__MCV__11                                           | 2288	 (16017, 43)             | 96.38     (-0.14)
	Monocyte_count_23                                                          | 2288	 (16019, 43)             | 0.37      (-0.48)
	Neutrophil_count_19                                                        | 2288	 (16019, 43)             | 1.14      (-0.48)
	............................................................new week............................................................
	Non_HDL_cholesterol_level_108                                              | 2289	 (16024, 43)             | 2.05      (-0.18)
	Serum_HDL_cholesterol_level_100                                            | 2289	 (16026, 43)             | 1.91      (-0.01)
	Serum_LDL_cholesterol_level_102                                            | 2289	 (16026, 43)             | 1.96      (-0.43)
	Serum_alanine_aminotransferase_level_45                                    | 2289	 (16026, 43)             | 3.57      (-0.50)
	Serum_albumin_51                                                           | 2289	 (16026, 43)             | 43.37     (-0.27)
	Serum_alkaline_phosphatase_50                                              | 2289	 (16026, 43)             | 110.09    (-0.49)
	Serum_bilirubin_level_53                                                   | 2289	 (16026, 43)             | 20.69     (-0.48)
	Serum_cholesterol_97                                                       | 2289	 (16026, 43)             | 4.60      (-0.44)
	Serum_creatinine_31                                                        | 2289	 (16026, 43)             | 90.19     (-0.49)
	Serum_potassium_26                                                         | 2289	 (16026, 43)             | 4.02      (-0.10)
	Serum_sodium_24                                                            | 2289	 (16026, 43)             | 141.00    (-0.04)
	Serum_triglycerides_105                                                    | 2289	 (16026, 43)             | 1.61      (-0.48)
	Serum_urea_level_29                                                        | 2289	 (16026, 43)             | 4.17      (-0.10)
	eGFR_using_creatinine_CKD_EPI_per_1_73_square_metres_33                    | 2289	 (16026, 43)             | 90.93     (-0.25)
	............................................................new week............................................................
	Mirtazapine                                                                | 2294	 (16061, 44)             | nan       (nan)
	............................................................new week............................................................
	Mirtazapine                                                                | 2295	 (16068, 44)             | nan       (nan)
	............................................................new week............................................................
	Body_mass_index_3                                                          | 2299	 (16094, 44)             | 24.68     (-0.34)
	Diastolic_blood_pressure_5                                                 | 2299	 (16095, 44)             | 81.28     (-0.34)
	Systolic_blood_pressure_4                                                  | 2299	 (16095, 44)             | 143.11    (-0.19)
	............................................................new week............................................................
	Antipsychotics_OPTIMAL                                                     | 2301	 (16108, 44)             | nan       (nan)
	Mirtazapine                                                                | 2301	 (16110, 44)             | nan       (nan)
	Mirtazapine                                                                | 2301	 (16112, 44)             | nan       (nan)
	............................................................new week............................................................
	SNRIs_OPTIMAL                                                              | 2311	 (16178, 44)             | nan       (nan)
	............................................................new week............................................................
	ACE_Inhibitors_D2T                                                         | 2334	 (16342, 44)             | nan       (nan)
	............................................................new week............................................................
	Antipsychotics_OPTIMAL                                                     | 2337	 (16362, 44)             | nan       (nan)
	............................................................new week............................................................
	Antipsychotics_OPTIMAL                                                     | 2338	 (16368, 44)             | nan       (nan)
	Body_mass_index_3                                                          | 2338	 (16369, 44)             | 26.68     (-0.33)
	O_E___weight_2                                                             | 2338	 (16371, 44)             | 73.99     (-0.39)
	............................................................new week............................................................
	Basophil_count_22                                                          | 2339	 (16379, 44)             | 0.05      (-0.49)
	Eosinophil_count_21                                                        | 2339	 (16379, 44)             | 0.19      (-0.46)
	Haematocrit_15                                                             | 2339	 (16379, 44)             | 0.43      (-0.07)
	Haemoglobin_A1c_level___IFCC_standardised_6                                | 2339	 (16379, 44)             | 25.60     (-0.42)
	............................................................new week............................................................
	Haemoglobin_estimation_9                                                   | 2340	 (16382, 44)             | 146.98    (-0.03)
	............................................................new week............................................................
	Diastolic_blood_pressure_5                                                 | 2341	 (16391, 44)             | 74.41     (-0.36)
	O_E___weight_2                                                             | 2341	 (16393, 44)             | 86.07     (-0.37)
	Systolic_blood_pressure_4                                                  | 2341	 (16393, 44)             | 141.66    (-0.20)
	............................................................new week............................................................
	Mirtazapine                                                                | 2343	 (16404, 44)             | nan       (nan)
	............................................................new week............................................................
	HYPERTENSION                                                               | 2344	 (16408, 44)             | nan       (nan)
	Antipsychotics_OPTIMAL                                                     | 2344	 (16413, 44)             | nan       (nan)
	............................................................new week............................................................
	Mirtazapine                                                                | 2354	 (16479, 45)             | nan       (nan)
	............................................................new week............................................................
	Basophil_count_22                                                          | 2359	 (16514, 45)             | 0.09      (-0.48)
	Calculated_LDL_cholesterol_level_103                                       | 2359	 (16517, 45)             | 3.98      (-0.37)
	............................................................new week............................................................
	Serum_HDL_cholesterol_level_100                                            | 2360	 (16521, 45)             | 1.60      (-0.09)
	Serum_N_terminal_pro_B_type_natriuretic_peptide_conc_68                    | 2360	 (16521, 45)             | 113.28    (-0.10)
	Serum_cholesterol_97                                                       | 2360	 (16525, 45)             | 5.92      (-0.41)
	Serum_creatinine_31                                                        | 2360	 (16525, 45)             | 80.70     (-0.49)
	Serum_potassium_26                                                         | 2360	 (16525, 45)             | 5.22      (0.02)
	Serum_sodium_24                                                            | 2360	 (16525, 45)             | 141.79    (-0.03)
	Serum_triglycerides_105                                                    | 2360	 (16525, 45)             | 2.67      (-0.47)
	eGFR_using_creatinine_CKD_EPI_per_1_73_square_metres_33                    | 2360	 (16525, 45)             | 87.29     (-0.27)
	............................................................new week............................................................
	Antipsychotics_OPTIMAL                                                     | 2361	 (16530, 45)             | nan       (nan)
	............................................................new week............................................................
	Mirtazapine                                                                | 2364	 (16552, 45)             | nan       (nan)
	............................................................new week............................................................
	DEPRESSION                                                                 | 2365	 (16556, 45)             | nan       (nan)
	phosphodiesterasetype5inhibitor_OPTIMAL                                    | 2365	 (16559, 45)             | nan       (nan)
	............................................................new week............................................................
	phosphodiesterasetype5inhibitor_OPTIMAL                                    | 2367	 (16574, 45)             | nan       (nan)
	............................................................new week............................................................
	Mirtazapine                                                                | 2368	 (16578, 45)             | nan       (nan)
	............................................................new week............................................................
	Antipsychotics_OPTIMAL                                                     | 2375	 (16629, 45)             | nan       (nan)
	AMD_DH_Memantine                                                           | 2375	 (16631, 45)             | nan       (nan)
	............................................................new week............................................................
	Antipsychotics_OPTIMAL                                                     | 2380	 (16664, 45)             | nan       (nan)
	............................................................new week............................................................
	Antipsychotics_OPTIMAL                                                     | 2383	 (16687, 45)             | nan       (nan)
	............................................................new week............................................................
	Body_mass_index_3                                                          | 2384	 (16691, 45)             | 24.49     (-0.34)
	O_E___height_1                                                             | 2384	 (16691, 45)             | 169.67    (0.09)
	O_E___weight_2                                                             | 2384	 (16693, 45)             | 72.50     (-0.39)
	............................................................new week............................................................
	AMD_DH_Memantine                                                           | 2387	 (16711, 45)             | nan       (nan)
	............................................................new week............................................................
	Body_mass_index_3                                                          | 2388	 (16718, 45)             | 23.56     (-0.35)
	Body_mass_index_3                                                          | 2388	 (16720, 45)             | 24.87     (-0.34)
	Body_mass_index_3                                                          | 2388	 (16720, 45)             | 25.51     (-0.34)
	O_E___weight_2                                                             | 2388	 (16720, 45)             | 69.67     (-0.39)
	Mirtazapine                                                                | 2388	 (16720, 45)             | nan       (nan)
	............................................................new week............................................................
	Diastolic_blood_pressure_5                                                 | 2394	 (16759, 45)             | 82.66     (-0.34)
	O_E___weight_2                                                             | 2394	 (16759, 45)             | 74.32     (-0.39)
	Systolic_blood_pressure_4                                                  | 2394	 (16759, 45)             | 137.82    (-0.21)
	Antipsychotics_OPTIMAL                                                     | 2394	 (16759, 45)             | nan       (nan)
	CalciumChannelBlck_D2T                                                     | 2394	 (16762, 45)             | nan       (nan)
	............................................................new week............................................................
	Antipsychotics_OPTIMAL                                                     | 2395	 (16769, 45)             | nan       (nan)
	............................................................new week............................................................
	Basophil_count_22                                                          | 2398	 (16788, 45)             | 0.04      (-0.49)
	Calculated_LDL_cholesterol_level_103                                       | 2398	 (16790, 46)             | 4.19      (-0.36)
	............................................................new week............................................................
	Haemoglobin_A1c_level___IFCC_standardised_6                                | 2399	 (16793, 46)             | 39.27     (-0.36)
	............................................................new week............................................................
	Diastolic_blood_pressure_5                                                 | 2401	 (16813, 46)             | 73.46     (-0.36)
	Diastolic_blood_pressure_5                                                 | 2401	 (16813, 46)             | 93.63     (-0.31)
	............................................................new week............................................................
	O_E___weight_2                                                             | 2402	 (16815, 46)             | 74.62     (-0.39)
	Systolic_blood_pressure_4                                                  | 2402	 (16817, 46)             | 158.03    (-0.15)
	............................................................new week............................................................
	Antipsychotics_OPTIMAL                                                     | 2403	 (16826, 46)             | nan       (nan)
	............................................................new week............................................................
	CalciumChannelBlck_D2T                                                     | 2406	 (16844, 46)             | nan       (nan)
	............................................................new week............................................................
	Antipsychotics_OPTIMAL                                                     | 2408	 (16857, 46)             | nan       (nan)
	............................................................new week............................................................
	CalciumChannelBlck_D2T                                                     | 2409	 (16864, 46)             | nan       (nan)
	............................................................new week............................................................
	Antipsychotics_OPTIMAL                                                     | 2410	 (16875, 46)             | nan       (nan)
	Body_mass_index_3                                                          | 2410	 (16875, 46)             | 24.42     (-0.34)
	Diastolic_blood_pressure_5                                                 | 2410	 (16875, 46)             | 89.00     (-0.32)
	O_E___height_1                                                             | 2410	 (16875, 46)             | 167.92    (0.09)
	O_E___weight_2                                                             | 2410	 (16875, 46)             | 69.61     (-0.39)
	Systolic_blood_pressure_4                                                  | 2410	 (16875, 46)             | 141.78    (-0.20)
	............................................................new week............................................................
	Antipsychotics_OPTIMAL                                                     | 2412	 (16885, 46)             | nan       (nan)
	............................................................new week............................................................
	CalciumChannelBlck_D2T                                                     | 2417	 (16923, 46)             | nan       (nan)
	............................................................new week............................................................
	Antipsychotics_OPTIMAL                                                     | 2418	 (16928, 46)             | nan       (nan)
	............................................................new week............................................................
	Antipsychotics_OPTIMAL                                                     | 2419	 (16936, 46)             | nan       (nan)
	............................................................new week............................................................
	CalciumChannelBlck_D2T                                                     | 2421	 (16952, 46)             | nan       (nan)
	............................................................new week............................................................
	Antipsychotics_OPTIMAL                                                     | 2422	 (16956, 46)             | nan       (nan)
	CalciumChannelBlck_D2T                                                     | 2422	 (16956, 46)             | nan       (nan)
	............................................................new week............................................................
	Antipsychotics_OPTIMAL                                                     | 2423	 (16961, 46)             | nan       (nan)
	CalciumChannelBlck_D2T                                                     | 2423	 (16963, 46)             | nan       (nan)
	............................................................new week............................................................
	CalciumChannelBlck_D2T                                                     | 2430	 (17014, 46)             | nan       (nan)
	............................................................new week............................................................
	Antipsychotics_OPTIMAL                                                     | 2435	 (17049, 46)             | nan       (nan)
	............................................................new week............................................................
	Basophil_count_22                                                          | 2437	 (17064, 46)             | 0.01      (-0.49)
	............................................................new week............................................................
	Calculated_LDL_cholesterol_level_103                                       | 2438	 (17067, 46)             | 3.80      (-0.37)
	GFR_calculated_abbreviated_MDRD_34                                         | 2438	 (17069, 46)             | 80.89     (-0.23)
	Haemoglobin_A1c_level___IFCC_standardised_6                                | 2438	 (17069, 46)             | 35.63     (-0.37)
	............................................................new week............................................................
	Serum_albumin_51                                                           | 2439	 (17073, 46)             | 39.38     (-0.29)
	Serum_alkaline_phosphatase_50                                              | 2439	 (17073, 46)             | 130.23    (-0.49)
	Serum_bilirubin_level_53                                                   | 2439	 (17075, 46)             | 7.42      (-0.49)
	Serum_cholesterol_97                                                       | 2439	 (17078, 46)             | 5.99      (-0.41)
	Serum_creatinine_31                                                        | 2439	 (17078, 46)             | 76.82     (-0.49)
	Serum_potassium_26                                                         | 2439	 (17078, 46)             | 4.25      (-0.08)
	Serum_sodium_24                                                            | 2439	 (17078, 46)             | 140.07    (-0.04)
	Serum_urea_level_29                                                        | 2439	 (17078, 46)             | 5.52      (0.03)
	............................................................new week............................................................
	CalciumChannelBlck_D2T                                                     | 2442	 (17098, 46)             | nan       (nan)
	............................................................new week............................................................
	Antipsychotics_OPTIMAL                                                     | 2449	 (17144, 46)             | nan       (nan)
	Antipsychotics_OPTIMAL                                                     | 2449	 (17144, 46)             | nan       (nan)
	............................................................new week............................................................
	Antipsychotics_OPTIMAL                                                     | 2450	 (17155, 47)             | nan       (nan)
	............................................................new week............................................................
	Body_mass_index_3                                                          | 2452	 (17164, 47)             | 21.61     (-0.37)
	O_E___height_1                                                             | 2452	 (17164, 47)             | 163.63    (0.07)
	O_E___weight_2                                                             | 2452	 (17164, 47)             | 57.32     (-0.41)
	CalciumChannelBlck_D2T                                                     | 2452	 (17168, 47)             | nan       (nan)
	............................................................new week............................................................
	CalciumChannelBlck_D2T                                                     | 2463	 (17244, 47)             | nan       (nan)
	............................................................new week............................................................
	Mirtazapine                                                                | 2464	 (17250, 47)             | nan       (nan)
	............................................................new week............................................................
	Antipsychotics_OPTIMAL                                                     | 2466	 (17265, 47)             | nan       (nan)
	............................................................new week............................................................
	CalciumChannelBlck_D2T                                                     | 2468	 (17277, 47)             | nan       (nan)
	............................................................new week............................................................
	CalciumChannelBlck_D2T                                                     | 2469	 (17288, 47)             | nan       (nan)
	............................................................new week............................................................
	AldosteroneAntagonist_D2T                                                  | 2484	 (17392, 47)             | nan       (nan)
	............................................................new week............................................................
	Antihistamines_second_generation_H1_antagonists                            | 2488	 (17418, 47)             | nan       (nan)
	Antipsychotics_OPTIMAL                                                     | 2488	 (17420, 47)             | nan       (nan)
	............................................................new week............................................................
	CalciumChannelBlck_D2T                                                     | 2489	 (17427, 47)             | nan       (nan)
	............................................................new week............................................................
	Antipsychotics_OPTIMAL                                                     | 2490	 (17434, 47)             | nan       (nan)
	............................................................new week............................................................
	Antipsychotics_OPTIMAL                                                     | 2491	 (17438, 47)             | nan       (nan)
	Diastolic_blood_pressure_5                                                 | 2491	 (17438, 47)             | 86.02     (-0.33)
	Systolic_blood_pressure_4                                                  | 2491	 (17438, 47)             | 127.18    (-0.24)
	............................................................new week............................................................
	Basophil_count_22                                                          | 2492	 (17445, 47)             | 0.01      (-0.49)
	Calculated_LDL_cholesterol_level_103                                       | 2492	 (17445, 47)             | 2.10      (-0.43)
	Diastolic_blood_pressure_5                                                 | 2492	 (17445, 47)             | 89.09     (-0.32)
