STATIC INFORMATION
========================================================================================================================
	SEX:               M
	IMD:               5.0
	ETHNICITY:         BLACK
	birth_year:        1978.0


GIVEN PATIENT CONTEXT
========================================================================================================================
	EVENT                                                                     | AGE IN WEEKS (days, years)   | VALUE
	............................................................new week............................................................
	ALCOHOLMISUSE_V2                                                           | 1777	 (12445, 34)             | nan       (nan)
	............................................................new week............................................................
	Body_mass_index_3                                                          | 1778	 (12449, 34)             | 25.20     (-0.34)
	Diastolic_blood_pressure_5                                                 | 1778	 (12449, 34)             | 80.00     (-0.34)
	O_E___height_1                                                             | 1778	 (12449, 34)             | 167.00    (0.08)
	O_E___weight_2                                                             | 1778	 (12449, 34)             | 70.20     (-0.39)
	Systolic_blood_pressure_4                                                  | 1778	 (12449, 34)             | 142.00    (-0.20)
	............................................................new week............................................................
	Nasal_steroids_optimal                                                     | 1814	 (12701, 34)             | nan       (nan)
	............................................................new week............................................................
	Nasal_steroids_optimal                                                     | 1820	 (12745, 34)             | nan       (nan)
	............................................................new week............................................................
	GFR_calculated_abbreviated_MDRD_34                                         | 1830	 (12816, 35)             | nan       (nan)
	Haemoglobin_estimation_9                                                   | 1830	 (12816, 35)             | 143.00    (-0.04)
	Lymphocyte_count_20                                                        | 1830	 (12816, 35)             | 0.90      (-0.50)
	Mean_corpusc_Hb_conc__MCHC__14                                             | 1830	 (12816, 35)             | 322.00    (0.14)
	Mean_corpusc_haemoglobin_MCH__13                                           | 1830	 (12816, 35)             | 30.60     (-0.20)
	Mean_corpuscular_volume__MCV__11                                           | 1830	 (12816, 35)             | 95.20     (-0.14)
	Monocyte_count_23                                                          | 1830	 (12816, 35)             | 0.20      (-0.49)
	Neutrophil_count_19                                                        | 1830	 (12816, 35)             | 1.00      (-0.48)
	Platelet_count_12                                                          | 1830	 (12816, 35)             | 258.09    (-0.50)
	Red_blood_cell__RBC__count_10                                              | 1830	 (12816, 35)             | 4.69      (-0.49)
	Red_blood_cell_distribution_width_17                                       | 1830	 (12816, 35)             | 12.80     (-0.47)
	Serum_C_reactive_protein_level_59                                          | 1830	 (12816, 35)             | 4.00      (-0.03)
	Serum_alanine_aminotransferase_level_45                                    | 1830	 (12816, 35)             | 44.00     (-0.50)
	Serum_albumin_51                                                           | 1830	 (12816, 35)             | 42.00     (-0.28)
	Serum_alkaline_phosphatase_50                                              | 1830	 (12816, 35)             | 32.00     (-0.50)
	Serum_bilirubin_level_53                                                   | 1830	 (12816, 35)             | 13.00     (-0.48)
	Serum_creatinine_31                                                        | 1830	 (12816, 35)             | 85.00     (-0.49)
	Serum_gamma_glutamyl_transferase_level_57                                  | 1830	 (12816, 35)             | 38.00     (0.04)
	Serum_potassium_26                                                         | 1830	 (12816, 35)             | 4.10      (-0.10)
	Serum_sodium_24                                                            | 1830	 (12816, 35)             | 139.00    (-0.05)
	Serum_urea_level_29                                                        | 1830	 (12816, 35)             | 6.50      (0.13)
	Total_white_cell_count_18                                                  | 1830	 (12816, 35)             | 2.20      (-0.50)
	............................................................new week............................................................
	Haemoglobin_estimation_9                                                   | 1834	 (12842, 35)             | 148.00    (-0.02)
	Lymphocyte_count_20                                                        | 1834	 (12842, 35)             | 0.90      (-0.50)
	Mean_corpusc_Hb_conc__MCHC__14                                             | 1834	 (12842, 35)             | 317.00    (0.13)
	Mean_corpusc_haemoglobin_MCH__13                                           | 1834	 (12842, 35)             | 30.50     (-0.20)
	Mean_corpuscular_volume__MCV__11                                           | 1834	 (12842, 35)             | 96.30     (-0.14)
	Monocyte_count_23                                                          | 1834	 (12842, 35)             | 0.30      (-0.48)
	Neutrophil_count_19                                                        | 1834	 (12842, 35)             | 1.30      (-0.47)
	Platelet_count_12                                                          | 1834	 (12842, 35)             | 227.99    (-0.50)
	Red_blood_cell__RBC__count_10                                              | 1834	 (12842, 35)             | 4.86      (-0.49)
	Red_blood_cell_distribution_width_17                                       | 1834	 (12842, 35)             | 12.20     (-0.48)
	Total_white_cell_count_18                                                  | 1834	 (12842, 35)             | 2.60      (-0.50)
	............................................................new week............................................................
	Haemoglobin_estimation_9                                                   | 1845	 (12920, 35)             | 151.00    (-0.01)
	Lymphocyte_count_20                                                        | 1845	 (12920, 35)             | 1.20      (-0.49)
	Mean_corpusc_Hb_conc__MCHC__14                                             | 1845	 (12920, 35)             | 322.00    (0.14)
	Mean_corpusc_haemoglobin_MCH__13                                           | 1845	 (12920, 35)             | 30.60     (-0.20)
	Mean_corpuscular_volume__MCV__11                                           | 1845	 (12920, 35)             | 95.00     (-0.15)
	Monocyte_count_23                                                          | 1845	 (12920, 35)             | 0.30      (-0.48)
	Neutrophil_count_19                                                        | 1845	 (12920, 35)             | 1.10      (-0.48)
	Platelet_count_12                                                          | 1845	 (12920, 35)             | 275.08    (-0.50)
	Red_blood_cell__RBC__count_10                                              | 1845	 (12920, 35)             | 4.93      (-0.49)
	Red_blood_cell_distribution_width_17                                       | 1845	 (12920, 35)             | 11.30     (-0.49)
	Total_white_cell_count_18                                                  | 1845	 (12920, 35)             | 2.60      (-0.50)
	............................................................new week............................................................
	Nasal_steroids_optimal                                                     | 1862	 (13039, 35)             | nan       (nan)
	Nasal_steroids_optimal                                                     | 1862	 (13039, 35)             | nan       (nan)
	Nasal_steroids_optimal                                                     | 1862	 (13040, 35)             | nan       (nan)
	............................................................new week............................................................
	Nasal_steroids_optimal                                                     | 1872	 (13110, 35)             | nan       (nan)
	............................................................new week............................................................
	Haemoglobin_estimation_9                                                   | 1895	 (13271, 36)             | 148.00    (-0.02)
	Lymphocyte_count_20                                                        | 1895	 (13271, 36)             | 1.70      (-0.49)
	Mean_corpusc_Hb_conc__MCHC__14                                             | 1895	 (13271, 36)             | 331.00    (0.16)
	Mean_corpusc_haemoglobin_MCH__13                                           | 1895	 (13271, 36)             | 31.20     (-0.19)
	Mean_corpuscular_volume__MCV__11                                           | 1895	 (13271, 36)             | 94.10     (-0.15)
	Monocyte_count_23                                                          | 1895	 (13271, 36)             | 0.40      (-0.48)
	Neutrophil_count_19                                                        | 1895	 (13271, 36)             | 1.40      (-0.47)
	Platelet_count_12                                                          | 1895	 (13271, 36)             | 250.94    (-0.50)
	Red_blood_cell__RBC__count_10                                              | 1895	 (13271, 36)             | 4.74      (-0.49)
	Red_blood_cell_distribution_width_17                                       | 1895	 (13271, 36)             | 11.80     (-0.48)
	Total_white_cell_count_18                                                  | 1895	 (13271, 36)             | 3.50      (-0.50)
	............................................................new week............................................................
	Nasal_steroids_optimal                                                     | 1929	 (13505, 37)             | nan       (nan)
	ALLERGICRHINITISCONJ                                                       | 1929	 (13505, 37)             | nan       (nan)
	............................................................new week............................................................
	Diastolic_blood_pressure_5                                                 | 1982	 (13877, 38)             | 72.00     (-0.36)
	Systolic_blood_pressure_4                                                  | 1982	 (13877, 38)             | 130.00    (-0.23)
	............................................................new week............................................................
	Haemoglobin_estimation_9                                                   | 2003	 (14027, 38)             | 147.00    (-0.03)
	Lymphocyte_count_20                                                        | 2003	 (14027, 38)             | 1.30      (-0.49)
	Mean_corpusc_Hb_conc__MCHC__14                                             | 2003	 (14027, 38)             | 331.00    (0.16)
	Mean_corpusc_haemoglobin_MCH__13                                           | 2003	 (14027, 38)             | 31.10     (-0.20)
	Mean_corpuscular_volume__MCV__11                                           | 2003	 (14027, 38)             | 93.90     (-0.15)
	Monocyte_count_23                                                          | 2003	 (14027, 38)             | 0.50      (-0.47)
	Neutrophil_count_19                                                        | 2003	 (14027, 38)             | 1.20      (-0.48)
	Platelet_count_12                                                          | 2003	 (14027, 38)             | 239.01    (-0.50)
	Red_blood_cell__RBC__count_10                                              | 2003	 (14027, 38)             | 4.73      (-0.49)
	Red_blood_cell_distribution_width_17                                       | 2003	 (14027, 38)             | 12.50     (-0.48)
	Total_white_cell_count_18                                                  | 2003	 (14027, 38)             | 3.10      (-0.50)
	............................................................new week............................................................
	Nasal_steroids_optimal                                                     | 2020	 (14142, 38)             | nan       (nan)
	............................................................new week............................................................
	Body_mass_index_3                                                          | 2033	 (14234, 38)             | 23.60     (-0.35)
	Diastolic_blood_pressure_5                                                 | 2033	 (14234, 38)             | 93.00     (-0.31)
	O_E___height_1                                                             | 2033	 (14234, 38)             | 167.00    (0.08)
	O_E___weight_2                                                             | 2033	 (14234, 38)             | 66.00     (-0.40)
	Systolic_blood_pressure_4                                                  | 2033	 (14234, 38)             | 139.00    (-0.21)
	............................................................new week............................................................
	Calculated_LDL_cholesterol_level_103                                       | 2034	 (14242, 39)             | 2.50      (-0.42)
	GFR_calculated_abbreviated_MDRD_34                                         | 2034	 (14242, 39)             | 60.00     (-0.30)
	Haemoglobin_A1c_level___IFCC_standardised_6                                | 2034	 (14242, 39)             | 29.00     (-0.40)
	Haemoglobin_estimation_9                                                   | 2034	 (14242, 39)             | 143.00    (-0.04)
	Lymphocyte_count_20                                                        | 2034	 (14242, 39)             | 1.20      (-0.49)
	Mean_corpusc_Hb_conc__MCHC__14                                             | 2034	 (14242, 39)             | 335.00    (0.16)
	Mean_corpusc_haemoglobin_MCH__13                                           | 2034	 (14242, 39)             | 31.50     (-0.19)
	Mean_corpuscular_volume__MCV__11                                           | 2034	 (14242, 39)             | 93.90     (-0.15)
	Monocyte_count_23                                                          | 2034	 (14242, 39)             | 0.50      (-0.47)
	Neutrophil_count_19                                                        | 2034	 (14242, 39)             | 1.40      (-0.47)
	Non_HDL_cholesterol_level_108                                              | 2034	 (14242, 39)             | 3.00      (-0.03)
	Platelet_count_12                                                          | 2034	 (14242, 39)             | 262.86    (-0.50)
	Red_blood_cell__RBC__count_10                                              | 2034	 (14242, 39)             | 4.54      (-0.49)
	Red_blood_cell_distribution_width_17                                       | 2034	 (14242, 39)             | 12.30     (-0.48)
	Serum_HDL_cholesterol_level_100                                            | 2034	 (14242, 39)             | 3.08      (0.29)
	Serum_TSH_level_71                                                         | 2034	 (14242, 39)             | 1.15      (-0.50)
	Serum_alanine_aminotransferase_level_45                                    | 2034	 (14242, 39)             | 52.00     (-0.50)
	Serum_albumin_51                                                           | 2034	 (14242, 39)             | 43.00     (-0.27)
	Serum_alkaline_phosphatase_50                                              | 2034	 (14242, 39)             | 50.00     (-0.50)
	Serum_bilirubin_level_53                                                   | 2034	 (14242, 39)             | 17.00     (-0.48)
	Serum_cholesterol_97                                                       | 2034	 (14242, 39)             | 6.10      (-0.41)
	Serum_creatinine_31                                                        | 2034	 (14242, 39)             | 88.00     (-0.49)
	Serum_potassium_26                                                         | 2034	 (14242, 39)             | 4.40      (-0.07)
	Serum_sodium_24                                                            | 2034	 (14242, 39)             | 140.00    (-0.05)
	Serum_triglycerides_105                                                    | 2034	 (14242, 39)             | 1.10      (-0.49)
	Serum_urea_level_29                                                        | 2034	 (14242, 39)             | 5.10      (-0.01)
	Total_cholesterol_HDL_ratio_95                                             | 2034	 (14242, 39)             | 2.00      (-0.50)
	Total_white_cell_count_18                                                  | 2034	 (14242, 39)             | 3.10      (-0.50)
	............................................................new week............................................................
	SSRIs_Optimal                                                              | 2061	 (14430, 39)             | nan       (nan)
	DEPRESSION                                                                 | 2061	 (14430, 39)             | nan       (nan)
	............................................................new week............................................................
	Body_mass_index_3                                                          | 2067	 (14471, 39)             | 24.00     (-0.35)
	Diastolic_blood_pressure_5                                                 | 2067	 (14471, 39)             | 99.00     (-0.29)
	O_E___weight_2                                                             | 2067	 (14471, 39)             | 67.00     (-0.40)
	Systolic_blood_pressure_4                                                  | 2067	 (14471, 39)             | 169.00    (-0.12)
	Calculated_LDL_cholesterol_level_103                                       | 2067	 (14474, 39)             | 2.80      (-0.41)
	GFR_calculated_abbreviated_MDRD_34                                         | 2067	 (14474, 39)             | 60.00     (-0.30)
	Haemoglobin_A1c_level___IFCC_standardised_6                                | 2067	 (14474, 39)             | 32.00     (-0.39)
	Non_HDL_cholesterol_level_108                                              | 2067	 (14474, 39)             | 3.30      (0.02)
	Serum_HDL_cholesterol_level_100                                            | 2067	 (14474, 39)             | 3.07      (0.29)
	Serum_TSH_level_71                                                         | 2067	 (14474, 39)             | 1.23      (-0.50)
	Serum_alanine_aminotransferase_level_45                                    | 2067	 (14474, 39)             | 44.00     (-0.50)
	Serum_albumin_51                                                           | 2067	 (14474, 39)             | 45.00     (-0.26)
	Serum_alkaline_phosphatase_50                                              | 2067	 (14474, 39)             | 40.00     (-0.50)
	Serum_bilirubin_level_53                                                   | 2067	 (14474, 39)             | 10.00     (-0.49)
	Serum_cholesterol_97                                                       | 2067	 (14474, 39)             | 6.30      (-0.41)
	Serum_creatinine_31                                                        | 2067	 (14474, 39)             | 87.00     (-0.49)
	Serum_potassium_26                                                         | 2067	 (14474, 39)             | 5.10      (0.01)
	Serum_sodium_24                                                            | 2067	 (14474, 39)             | 141.00    (-0.04)
	Serum_triglycerides_105                                                    | 2067	 (14474, 39)             | 0.96      (-0.49)
	Serum_urea_level_29                                                        | 2067	 (14474, 39)             | 4.90      (-0.03)
	Total_cholesterol_HDL_ratio_95                                             | 2067	 (14474, 39)             | 2.10      (-0.50)
	............................................................new week............................................................
	Diastolic_blood_pressure_5                                                 | 2068	 (14478, 39)             | 95.00     (-0.30)
	Diastolic_blood_pressure_5                                                 | 2068	 (14478, 39)             | 96.00     (-0.30)
	Systolic_blood_pressure_4                                                  | 2068	 (14478, 39)             | 163.00    (-0.14)
	Systolic_blood_pressure_4                                                  | 2068	 (14478, 39)             | 174.00    (-0.11)
	............................................................new week............................................................
	Diastolic_blood_pressure_5                                                 | 2104	 (14733, 40)             | 98.00     (-0.29)
	Systolic_blood_pressure_4                                                  | 2104	 (14733, 40)             | 154.00    (-0.16)
	............................................................new week............................................................
	Diastolic_blood_pressure_5                                                 | 2105	 (14740, 40)             | 105.00    (-0.28)
	Systolic_blood_pressure_4                                                  | 2105	 (14740, 40)             | 168.00    (-0.13)
	............................................................new week............................................................
	Haematocrit_15                                                             | 2119	 (14835, 40)             | 0.42      (-0.08)
	Haemoglobin_estimation_9                                                   | 2119	 (14835, 40)             | 138.00    (-0.06)
	Lymphocyte_count_20                                                        | 2119	 (14835, 40)             | 1.00      (-0.50)
	Mean_corpusc_Hb_conc__MCHC__14                                             | 2119	 (14835, 40)             | 326.00    (0.14)
	Mean_corpusc_haemoglobin_MCH__13                                           | 2119	 (14835, 40)             | 31.00     (-0.20)
	Mean_corpuscular_volume__MCV__11                                           | 2119	 (14835, 40)             | 94.90     (-0.15)
	Monocyte_count_23                                                          | 2119	 (14835, 40)             | 0.40      (-0.48)
	Neutrophil_count_19                                                        | 2119	 (14835, 40)             | 1.60      (-0.47)
	Platelet_count_12                                                          | 2119	 (14835, 40)             | 225.01    (-0.50)
	Red_blood_cell__RBC__count_10                                              | 2119	 (14835, 40)             | 4.47      (-0.49)
	Red_blood_cell_distribution_width_17                                       | 2119	 (14835, 40)             | 12.50     (-0.48)
	Total_white_cell_count_18                                                  | 2119	 (14835, 40)             | 3.10      (-0.50)
	............................................................new week............................................................
	Body_mass_index_3                                                          | 2143	 (15007, 41)             | 23.59     (-0.35)
	Current_smoker_83                                                          | 2143	 (15007, 41)             | nan       (nan)
	Diastolic_blood_pressure_5                                                 | 2143	 (15007, 41)             | 92.00     (-0.31)
	O_E___height_1                                                             | 2143	 (15007, 41)             | 166.00    (0.08)
	O_E___weight_2                                                             | 2143	 (15007, 41)             | 65.00     (-0.40)
	Serum_HDL_cholesterol_level_100                                            | 2143	 (15007, 41)             | 2.15      (0.05)
	Serum_total_cholesterol_level_98                                           | 2143	 (15007, 41)             | 6.26      (-0.40)
	Systolic_blood_pressure_4                                                  | 2143	 (15007, 41)             | 134.00    (-0.22)
	Total_cholesterol_HDL_ratio_95                                             | 2143	 (15007, 41)             | 2.90      (-0.49)
	............................................................new week............................................................
	Nasal_steroids_optimal                                                     | 2170	 (15192, 41)             | nan       (nan)
	............................................................new week............................................................
	Nasal_steroids_optimal                                                     | 2229	 (15609, 42)             | nan       (nan)
	............................................................new week............................................................
	Mirtazapine                                                                | 2232	 (15626, 42)             | nan       (nan)
	............................................................new week............................................................
	Antihistamines_second_generation_H1_antagonists                            | 2233	 (15635, 42)             | nan       (nan)
	............................................................new week............................................................
	Mirtazapine                                                                | 2234	 (15644, 42)             | nan       (nan)
	............................................................new week............................................................
	Mirtazapine                                                                | 2235	 (15651, 42)             | nan       (nan)
	Nasal_steroids_optimal                                                     | 2235	 (15651, 42)             | nan       (nan)
	............................................................new week............................................................
	Mirtazapine                                                                | 2239	 (15674, 42)             | nan       (nan)
	............................................................new week............................................................
	Mirtazapine                                                                | 2243	 (15703, 43)             | nan       (nan)
	............................................................new week............................................................
	Mirtazapine                                                                | 2247	 (15733, 43)             | nan       (nan)
	............................................................new week............................................................
	Mirtazapine                                                                | 2253	 (15772, 43)             | nan       (nan)
	............................................................new week............................................................
	Mirtazapine                                                                | 2259	 (15815, 43)             | nan       (nan)
	............................................................new week............................................................
	Body_mass_index_3                                                          | 2263	 (15845, 43)             | 23.01     (-0.36)
	Diastolic_blood_pressure_5                                                 | 2263	 (15845, 43)             | 83.00     (-0.33)
	O_E___weight_2                                                             | 2263	 (15845, 43)             | 63.40     (-0.40)
	Systolic_blood_pressure_4                                                  | 2263	 (15845, 43)             | 142.00    (-0.20)
	............................................................new week............................................................
	Mirtazapine                                                                | 2266	 (15865, 43)             | nan       (nan)
	............................................................new week............................................................
	Nasal_steroids_optimal                                                     | 2273	 (15913, 43)             | nan       (nan)
	Mirtazapine                                                                | 2273	 (15914, 43)             | nan       (nan)

========================================================================================================================
DIAGNOSIS SUMMARY
['ALCOHOLMISUSE_V2', 'ALLERGICRHINITISCONJ', 'DEPRESSION']
========================================================================================================================


PREDICTED FUTURE EVENTS
========================================================================================================================
	EVENT                                                                     | AGE IN WEEKS (days, years)  | VALUE
	............................................................new week............................................................
	Mirtazapine                                                                | 2274	 (15920, 43)             | nan       (nan)
	............................................................new week............................................................
	Mirtazapine                                                                | 2275	 (15929, 43)             | nan       (nan)
	............................................................new week............................................................
	Mirtazapine                                                                | 2276	 (15935, 43)             | nan       (nan)
	Mirtazapine                                                                | 2276	 (15936, 43)             | nan       (nan)
	............................................................new week............................................................
	Mirtazapine                                                                | 2277	 (15940, 43)             | nan       (nan)
	............................................................new week............................................................
	Mirtazapine                                                                | 2279	 (15958, 43)             | nan       (nan)
	............................................................new week............................................................
	Mirtazapine                                                                | 2280	 (15966, 43)             | nan       (nan)
	............................................................new week............................................................
	Mirtazapine                                                                | 2282	 (15980, 43)             | nan       (nan)
	............................................................new week............................................................
	Mirtazapine                                                                | 2286	 (16002, 43)             | nan       (nan)
	............................................................new week............................................................
	Mirtazapine                                                                | 2291	 (16037, 43)             | nan       (nan)
	Mirtazapine                                                                | 2291	 (16037, 43)             | nan       (nan)
	............................................................new week............................................................
	Mirtazapine                                                                | 2297	 (16084, 44)             | nan       (nan)
	............................................................new week............................................................
	Mirtazapine                                                                | 2301	 (16112, 44)             | nan       (nan)
	............................................................new week............................................................
	Body_mass_index_3                                                          | 2302	 (16114, 44)             | 20.41     (-0.38)
	Diastolic_blood_pressure_5                                                 | 2302	 (16117, 44)             | 85.34     (-0.33)
	............................................................new week............................................................
	Systolic_blood_pressure_4                                                  | 2303	 (16121, 44)             | 124.97    (-0.24)
	Mirtazapine                                                                | 2303	 (16121, 44)             | nan       (nan)
	............................................................new week............................................................
	Mirtazapine                                                                | 2304	 (16130, 44)             | nan       (nan)
	............................................................new week............................................................
	Mirtazapine                                                                | 2311	 (16181, 44)             | nan       (nan)
	............................................................new week............................................................
	Mirtazapine                                                                | 2317	 (16223, 44)             | nan       (nan)
	............................................................new week............................................................
	Mirtazapine                                                                | 2318	 (16229, 44)             | nan       (nan)
	............................................................new week............................................................
	Mirtazapine                                                                | 2319	 (16234, 44)             | nan       (nan)
	............................................................new week............................................................
	Mirtazapine                                                                | 2321	 (16247, 44)             | nan       (nan)
	............................................................new week............................................................
	Mirtazapine                                                                | 2323	 (16265, 44)             | nan       (nan)
	............................................................new week............................................................
	Mirtazapine                                                                | 2327	 (16294, 44)             | nan       (nan)
	............................................................new week............................................................
	Mirtazapine                                                                | 2329	 (16307, 44)             | nan       (nan)
	............................................................new week............................................................
	Mirtazapine                                                                | 2332	 (16324, 44)             | nan       (nan)
	............................................................new week............................................................
	Mirtazapine                                                                | 2337	 (16364, 44)             | nan       (nan)
	Mirtazapine                                                                | 2337	 (16364, 44)             | nan       (nan)
	............................................................new week............................................................
	Mirtazapine                                                                | 2338	 (16371, 44)             | nan       (nan)
	............................................................new week............................................................
	Mirtazapine                                                                | 2343	 (16406, 44)             | nan       (nan)
	............................................................new week............................................................
	Mirtazapine                                                                | 2353	 (16474, 45)             | nan       (nan)
	............................................................new week............................................................
	Mirtazapine                                                                | 2356	 (16494, 45)             | nan       (nan)
	............................................................new week............................................................
	Mirtazapine                                                                | 2359	 (16516, 45)             | nan       (nan)
	Mirtazapine                                                                | 2359	 (16517, 45)             | nan       (nan)
	............................................................new week............................................................
	Mirtazapine                                                                | 2362	 (16534, 45)             | nan       (nan)
	............................................................new week............................................................
	Mirtazapine                                                                | 2365	 (16556, 45)             | nan       (nan)
	............................................................new week............................................................
	Mirtazapine                                                                | 2366	 (16563, 45)             | nan       (nan)
	............................................................new week............................................................
	Mirtazapine                                                                | 2367	 (16570, 45)             | nan       (nan)
	............................................................new week............................................................
	Mirtazapine                                                                | 2369	 (16583, 45)             | nan       (nan)
	Mirtazapine                                                                | 2369	 (16583, 45)             | nan       (nan)
	............................................................new week............................................................
	Mirtazapine                                                                | 2370	 (16594, 45)             | nan       (nan)
	............................................................new week............................................................
	Mirtazapine                                                                | 2371	 (16600, 45)             | nan       (nan)
	............................................................new week............................................................
	Mirtazapine                                                                | 2373	 (16611, 45)             | nan       (nan)
	Mirtazapine                                                                | 2373	 (16612, 45)             | nan       (nan)
	............................................................new week............................................................
	Mirtazapine                                                                | 2382	 (16676, 45)             | nan       (nan)
	............................................................new week............................................................
	Mirtazapine                                                                | 2386	 (16702, 45)             | nan       (nan)
	............................................................new week............................................................
	Mirtazapine                                                                | 2390	 (16733, 45)             | nan       (nan)
	............................................................new week............................................................
	Mirtazapine                                                                | 2396	 (16775, 45)             | nan       (nan)
	............................................................new week............................................................
	Mirtazapine                                                                | 2399	 (16793, 46)             | nan       (nan)
	Mirtazapine                                                                | 2399	 (16795, 46)             | nan       (nan)
	............................................................new week............................................................
	Mirtazapine                                                                | 2402	 (16815, 46)             | nan       (nan)
	............................................................new week............................................................
	Mirtazapine                                                                | 2405	 (16839, 46)             | nan       (nan)
	............................................................new week............................................................
	Mirtazapine                                                                | 2411	 (16877, 46)             | nan       (nan)
	............................................................new week............................................................
	Basophil_count_22                                                          | 2412	 (16888, 46)             | 0.11      (-0.48)
	Eosinophil_count_21                                                        | 2412	 (16888, 46)             | 0.38      (-0.44)
	GFR_calculated_abbreviated_MDRD_34                                         | 2412	 (16888, 46)             | 78.64     (-0.24)
	Haematocrit_15                                                             | 2412	 (16888, 46)             | 0.43      (-0.07)
	Haemoglobin_A1c_level___IFCC_standardised_6                                | 2412	 (16890, 46)             | 31.15     (-0.39)
	Haemoglobin_estimation_9                                                   | 2412	 (16890, 46)             | 132.55    (-0.08)
	Lymphocyte_count_20                                                        | 2412	 (16890, 46)             | 1.95      (-0.49)
	............................................................new week............................................................
	Mean_corpusc_Hb_conc__MCHC__14                                             | 2413	 (16897, 46)             | 313.56    (0.12)
	Mean_corpusc_haemoglobin_MCH__13                                           | 2413	 (16897, 46)             | 29.89     (-0.21)
	Mean_corpuscular_volume__MCV__11                                           | 2413	 (16897, 46)             | 95.30     (-0.14)
	Monocyte_count_23                                                          | 2413	 (16897, 46)             | 0.29      (-0.48)
	Neutrophil_count_19                                                        | 2413	 (16897, 46)             | 1.58      (-0.47)
	Platelet_count_12                                                          | 2413	 (16897, 46)             | -1245.74  (-0.50)
	Red_blood_cell__RBC__count_10                                              | 2413	 (16897, 46)             | 4.54      (-0.49)
	Red_blood_cell_distribution_width_17                                       | 2413	 (16897, 46)             | 12.75     (-0.47)
	Serum_TSH_level_71                                                         | 2413	 (16897, 46)             | 1.24      (-0.50)
	Serum_alanine_aminotransferase_level_45                                    | 2413	 (16897, 46)             | 86.52     (-0.50)
	............................................................new week............................................................
	Serum_albumin_51                                                           | 2414	 (16901, 46)             | 38.17     (-0.30)
	Serum_alkaline_phosphatase_50                                              | 2414	 (16901, 46)             | 64.14     (-0.50)
	Serum_bilirubin_level_53                                                   | 2414	 (16901, 46)             | 8.61      (-0.49)
	Serum_cholesterol_97                                                       | 2414	 (16901, 46)             | 4.88      (-0.44)
	............................................................new week............................................................
	Serum_creatinine_31                                                        | 2415	 (16908, 46)             | 95.01     (-0.49)
	Serum_potassium_26                                                         | 2415	 (16908, 46)             | 5.41      (0.04)
	Serum_sodium_24                                                            | 2415	 (16908, 46)             | 136.62    (-0.08)
	............................................................new week............................................................
	Serum_urea_level_29                                                        | 2416	 (16914, 46)             | 6.18      (0.10)
	............................................................new week............................................................
	Basophil_count_22                                                          | 2422	 (16959, 46)             | 0.03      (-0.49)
	............................................................new week............................................................
	Eosinophil_count_21                                                        | 2423	 (16961, 46)             | 0.29      (-0.45)
	Erythrocyte_sedimentation_rate_61                                          | 2423	 (16961, 46)             | 8.11      (-0.34)
	Haematocrit_15                                                             | 2423	 (16961, 46)             | 0.39      (-0.11)
	Haemoglobin_A1c_level___IFCC_standardised_6                                | 2423	 (16963, 46)             | 40.73     (-0.35)
	Haemoglobin_estimation_9                                                   | 2423	 (16967, 46)             | 129.02    (-0.09)
	Lymphocyte_count_20                                                        | 2423	 (16967, 46)             | 2.74      (-0.49)
	Mean_corpusc_Hb_conc__MCHC__14                                             | 2423	 (16967, 46)             | 318.08    (0.13)
	Mean_corpusc_haemoglobin_MCH__13                                           | 2423	 (16967, 46)             | 29.81     (-0.21)
	............................................................new week............................................................
	Mean_corpuscular_volume__MCV__11                                           | 2424	 (16969, 46)             | 94.14     (-0.15)
	Monocyte_count_23                                                          | 2424	 (16969, 46)             | 0.73      (-0.46)
	Neutrophil_count_19                                                        | 2424	 (16969, 46)             | -0.05     (-0.50)
	Platelet_count_12                                                          | 2424	 (16969, 46)             | 424.39    (-0.50)
	Red_blood_cell__RBC__count_10                                              | 2424	 (16969, 46)             | 4.40      (-0.49)
	Red_blood_cell_distribution_width_17                                       | 2424	 (16969, 46)             | 14.14     (-0.46)
	Serum_C_reactive_protein_level_59                                          | 2424	 (16969, 46)             | 2.07      (-0.10)
	Serum_alanine_aminotransferase_level_45                                    | 2424	 (16970, 46)             | -35.94    (-0.50)
	Serum_albumin_51                                                           | 2424	 (16970, 46)             | 38.65     (-0.29)
	Serum_alkaline_phosphatase_50                                              | 2424	 (16970, 46)             | 132.88    (-0.49)
	Serum_creatinine_31                                                        | 2424	 (16970, 46)             | 112.61    (-0.49)
	Serum_folate_80                                                            | 2424	 (16970, 46)             | 1.63      (-0.25)
	Serum_folate_80                                                            | 2424	 (16970, 46)             | 12.90     (0.20)
	Serum_potassium_26                                                         | 2424	 (16970, 46)             | 4.38      (-0.07)
	Serum_sodium_24                                                            | 2424	 (16970, 46)             | 138.90    (-0.06)
	Serum_urea_level_29                                                        | 2424	 (16970, 46)             | 2.32      (-0.28)
	Serum_vitamin_B12_79                                                       | 2424	 (16970, 46)             | 743.91    (-0.46)
	............................................................new week............................................................
	Vitamin_D                                                                  | 2430	 (17011, 46)             | nan       (nan)
	............................................................new week............................................................
	Mirtazapine                                                                | 2432	 (17025, 46)             | nan       (nan)
	............................................................new week............................................................
	Diastolic_blood_pressure_5                                                 | 2439	 (17075, 46)             | 77.27     (-0.35)
	O_E___weight_2                                                             | 2439	 (17075, 46)             | 62.45     (-0.40)
	Systolic_blood_pressure_4                                                  | 2439	 (17076, 46)             | 136.00    (-0.21)
	............................................................new week............................................................
	Mirtazapine                                                                | 2442	 (17098, 46)             | nan       (nan)
	............................................................new week............................................................
	Mirtazapine                                                                | 2446	 (17126, 46)             | nan       (nan)
	............................................................new week............................................................
	Vitamin_D                                                                  | 2447	 (17129, 46)             | nan       (nan)
	............................................................new week............................................................
	Mirtazapine                                                                | 2449	 (17146, 46)             | nan       (nan)
	............................................................new week............................................................
	Mirtazapine                                                                | 2451	 (17157, 47)             | nan       (nan)
	............................................................new week............................................................
	Mirtazapine                                                                | 2461	 (17233, 47)             | nan       (nan)
	............................................................new week............................................................
	SNRIs_OPTIMAL                                                              | 2464	 (17254, 47)             | nan       (nan)
	............................................................new week............................................................
	Mirtazapine                                                                | 2480	 (17360, 47)             | nan       (nan)
	Mirtazapine                                                                | 2480	 (17363, 47)             | nan       (nan)
	............................................................new week............................................................
	Mirtazapine                                                                | 2485	 (17396, 47)             | nan       (nan)
	............................................................new week............................................................
	Mirtazapine                                                                | 2495	 (17469, 47)             | nan       (nan)
	............................................................new week............................................................
	Mirtazapine                                                                | 2496	 (17475, 47)             | nan       (nan)
	Mirtazapine                                                                | 2496	 (17476, 47)             | nan       (nan)
	............................................................new week............................................................
	Mirtazapine                                                                | 2502	 (17515, 47)             | nan       (nan)
	............................................................new week............................................................
	Mirtazapine                                                                | 2505	 (17539, 48)             | nan       (nan)
	............................................................new week............................................................
	Mirtazapine                                                                | 2512	 (17590, 48)             | nan       (nan)
	............................................................new week............................................................
	Mirtazapine                                                                | 2513	 (17593, 48)             | nan       (nan)
	............................................................new week............................................................
	Mirtazapine                                                                | 2519	 (17634, 48)             | nan       (nan)
	Mirtazapine                                                                | 2519	 (17639, 48)             | nan       (nan)
	............................................................new week............................................................
	Mirtazapine                                                                | 2520	 (17643, 48)             | nan       (nan)
	Mirtazapine                                                                | 2520	 (17646, 48)             | nan       (nan)
	............................................................new week............................................................
	Mirtazapine                                                                | 2527	 (17692, 48)             | nan       (nan)
	............................................................new week............................................................
	Weak_Opioids_Final                                                         | 2528	 (17697, 48)             | nan       (nan)
	............................................................new week............................................................
	Mirtazapine                                                                | 2530	 (17710, 48)             | nan       (nan)
	Vitamin_D                                                                  | 2530	 (17712, 48)             | nan       (nan)
	............................................................new week............................................................
	Mirtazapine                                                                | 2539	 (17774, 48)             | nan       (nan)
	............................................................new week............................................................
	Mirtazapine                                                                | 2541	 (17787, 48)             | nan       (nan)
	............................................................new week............................................................
	Mirtazapine                                                                | 2547	 (17833, 48)             | nan       (nan)
	............................................................new week............................................................
	Mirtazapine                                                                | 2549	 (17847, 48)             | nan       (nan)
	............................................................new week............................................................
	Mirtazapine                                                                | 2551	 (17858, 48)             | nan       (nan)
	............................................................new week............................................................
	Mirtazapine                                                                | 2553	 (17871, 48)             | nan       (nan)
	............................................................new week............................................................
	Mirtazapine                                                                | 2554	 (17878, 48)             | nan       (nan)
	............................................................new week............................................................
	Mirtazapine                                                                | 2558	 (17911, 49)             | nan       (nan)
	............................................................new week............................................................
	Mirtazapine                                                                | 2560	 (17926, 49)             | nan       (nan)
	............................................................new week............................................................
	Mirtazapine                                                                | 2561	 (17931, 49)             | nan       (nan)
	............................................................new week............................................................
	SNRIs_OPTIMAL                                                              | 2565	 (17957, 49)             | nan       (nan)
	............................................................new week............................................................
	Mirtazapine                                                                | 2566	 (17968, 49)             | nan       (nan)
	............................................................new week............................................................
	SNRIs_OPTIMAL                                                              | 2567	 (17975, 49)             | nan       (nan)
	............................................................new week............................................................
	OSTEOARTHRITIS                                                             | 2574	 (18019, 49)             | nan       (nan)
	............................................................new week............................................................
	Mirtazapine                                                                | 2576	 (18035, 49)             | nan       (nan)
