STATIC INFORMATION
========================================================================================================================
	SEX:               M
	IMD:               5.0
	ETHNICITY:         BLACK
	birth_year:        1978.0


GIVEN PATIENT CONTEXT
========================================================================================================================
	EVENT                                                                     | AGE IN WEEKS (days, years)   | VALUE
	............................................................new week............................................................
	ALCOHOLMISUSE_V2                                                           | 1777	 (12445, 34)             | nan       (nan)
	............................................................new week............................................................
	Body_mass_index_3                                                          | 1778	 (12449, 34)             | 25.20     (-0.34)
	Diastolic_blood_pressure_5                                                 | 1778	 (12449, 34)             | 80.00     (-0.34)
	O_E___height_1                                                             | 1778	 (12449, 34)             | 167.00    (0.08)
	O_E___weight_2                                                             | 1778	 (12449, 34)             | 70.20     (-0.39)
	Systolic_blood_pressure_4                                                  | 1778	 (12449, 34)             | 142.00    (-0.20)
	............................................................new week............................................................
	Nasal_steroids_optimal                                                     | 1814	 (12701, 34)             | nan       (nan)
	............................................................new week............................................................
	Nasal_steroids_optimal                                                     | 1820	 (12745, 34)             | nan       (nan)
	............................................................new week............................................................
	GFR_calculated_abbreviated_MDRD_34                                         | 1830	 (12816, 35)             | nan       (nan)
	Haemoglobin_estimation_9                                                   | 1830	 (12816, 35)             | 143.00    (-0.04)
	Lymphocyte_count_20                                                        | 1830	 (12816, 35)             | 0.90      (-0.50)
	Mean_corpusc_Hb_conc__MCHC__14                                             | 1830	 (12816, 35)             | 322.00    (0.14)
	Mean_corpusc_haemoglobin_MCH__13                                           | 1830	 (12816, 35)             | 30.60     (-0.20)
	Mean_corpuscular_volume__MCV__11                                           | 1830	 (12816, 35)             | 95.20     (-0.14)
	Monocyte_count_23                                                          | 1830	 (12816, 35)             | 0.20      (-0.49)
	Neutrophil_count_19                                                        | 1830	 (12816, 35)             | 1.00      (-0.48)
	Platelet_count_12                                                          | 1830	 (12816, 35)             | 258.09    (-0.50)
	Red_blood_cell__RBC__count_10                                              | 1830	 (12816, 35)             | 4.69      (-0.49)
	Red_blood_cell_distribution_width_17                                       | 1830	 (12816, 35)             | 12.80     (-0.47)
	Serum_C_reactive_protein_level_59                                          | 1830	 (12816, 35)             | 4.00      (-0.03)
	Serum_alanine_aminotransferase_level_45                                    | 1830	 (12816, 35)             | 44.00     (-0.50)
	Serum_albumin_51                                                           | 1830	 (12816, 35)             | 42.00     (-0.28)
	Serum_alkaline_phosphatase_50                                              | 1830	 (12816, 35)             | 32.00     (-0.50)
	Serum_bilirubin_level_53                                                   | 1830	 (12816, 35)             | 13.00     (-0.48)
	Serum_creatinine_31                                                        | 1830	 (12816, 35)             | 85.00     (-0.49)
	Serum_gamma_glutamyl_transferase_level_57                                  | 1830	 (12816, 35)             | 38.00     (0.04)
	Serum_potassium_26                                                         | 1830	 (12816, 35)             | 4.10      (-0.10)
	Serum_sodium_24                                                            | 1830	 (12816, 35)             | 139.00    (-0.05)
	Serum_urea_level_29                                                        | 1830	 (12816, 35)             | 6.50      (0.13)
	Total_white_cell_count_18                                                  | 1830	 (12816, 35)             | 2.20      (-0.50)
	............................................................new week............................................................
	Haemoglobin_estimation_9                                                   | 1834	 (12842, 35)             | 148.00    (-0.02)
	Lymphocyte_count_20                                                        | 1834	 (12842, 35)             | 0.90      (-0.50)
	Mean_corpusc_Hb_conc__MCHC__14                                             | 1834	 (12842, 35)             | 317.00    (0.13)
	Mean_corpusc_haemoglobin_MCH__13                                           | 1834	 (12842, 35)             | 30.50     (-0.20)
	Mean_corpuscular_volume__MCV__11                                           | 1834	 (12842, 35)             | 96.30     (-0.14)
	Monocyte_count_23                                                          | 1834	 (12842, 35)             | 0.30      (-0.48)
	Neutrophil_count_19                                                        | 1834	 (12842, 35)             | 1.30      (-0.47)
	Platelet_count_12                                                          | 1834	 (12842, 35)             | 227.99    (-0.50)
	Red_blood_cell__RBC__count_10                                              | 1834	 (12842, 35)             | 4.86      (-0.49)
	Red_blood_cell_distribution_width_17                                       | 1834	 (12842, 35)             | 12.20     (-0.48)
	Total_white_cell_count_18                                                  | 1834	 (12842, 35)             | 2.60      (-0.50)
	............................................................new week............................................................
	Haemoglobin_estimation_9                                                   | 1845	 (12920, 35)             | 151.00    (-0.01)
	Lymphocyte_count_20                                                        | 1845	 (12920, 35)             | 1.20      (-0.49)
	Mean_corpusc_Hb_conc__MCHC__14                                             | 1845	 (12920, 35)             | 322.00    (0.14)
	Mean_corpusc_haemoglobin_MCH__13                                           | 1845	 (12920, 35)             | 30.60     (-0.20)
	Mean_corpuscular_volume__MCV__11                                           | 1845	 (12920, 35)             | 95.00     (-0.15)
	Monocyte_count_23                                                          | 1845	 (12920, 35)             | 0.30      (-0.48)
	Neutrophil_count_19                                                        | 1845	 (12920, 35)             | 1.10      (-0.48)
	Platelet_count_12                                                          | 1845	 (12920, 35)             | 275.08    (-0.50)
	Red_blood_cell__RBC__count_10                                              | 1845	 (12920, 35)             | 4.93      (-0.49)
	Red_blood_cell_distribution_width_17                                       | 1845	 (12920, 35)             | 11.30     (-0.49)
	Total_white_cell_count_18                                                  | 1845	 (12920, 35)             | 2.60      (-0.50)
	............................................................new week............................................................
	Nasal_steroids_optimal                                                     | 1862	 (13039, 35)             | nan       (nan)
	Nasal_steroids_optimal                                                     | 1862	 (13039, 35)             | nan       (nan)
	Nasal_steroids_optimal                                                     | 1862	 (13040, 35)             | nan       (nan)
	............................................................new week............................................................
	Nasal_steroids_optimal                                                     | 1872	 (13110, 35)             | nan       (nan)
	............................................................new week............................................................
	Haemoglobin_estimation_9                                                   | 1895	 (13271, 36)             | 148.00    (-0.02)
	Lymphocyte_count_20                                                        | 1895	 (13271, 36)             | 1.70      (-0.49)
	Mean_corpusc_Hb_conc__MCHC__14                                             | 1895	 (13271, 36)             | 331.00    (0.16)
	Mean_corpusc_haemoglobin_MCH__13                                           | 1895	 (13271, 36)             | 31.20     (-0.19)
	Mean_corpuscular_volume__MCV__11                                           | 1895	 (13271, 36)             | 94.10     (-0.15)
	Monocyte_count_23                                                          | 1895	 (13271, 36)             | 0.40      (-0.48)
	Neutrophil_count_19                                                        | 1895	 (13271, 36)             | 1.40      (-0.47)
	Platelet_count_12                                                          | 1895	 (13271, 36)             | 250.94    (-0.50)
	Red_blood_cell__RBC__count_10                                              | 1895	 (13271, 36)             | 4.74      (-0.49)
	Red_blood_cell_distribution_width_17                                       | 1895	 (13271, 36)             | 11.80     (-0.48)
	Total_white_cell_count_18                                                  | 1895	 (13271, 36)             | 3.50      (-0.50)
	............................................................new week............................................................
	Nasal_steroids_optimal                                                     | 1929	 (13505, 37)             | nan       (nan)
	ALLERGICRHINITISCONJ                                                       | 1929	 (13505, 37)             | nan       (nan)
	............................................................new week............................................................
	Diastolic_blood_pressure_5                                                 | 1982	 (13877, 38)             | 72.00     (-0.36)
	Systolic_blood_pressure_4                                                  | 1982	 (13877, 38)             | 130.00    (-0.23)
	............................................................new week............................................................
	Haemoglobin_estimation_9                                                   | 2003	 (14027, 38)             | 147.00    (-0.03)
	Lymphocyte_count_20                                                        | 2003	 (14027, 38)             | 1.30      (-0.49)
	Mean_corpusc_Hb_conc__MCHC__14                                             | 2003	 (14027, 38)             | 331.00    (0.16)
	Mean_corpusc_haemoglobin_MCH__13                                           | 2003	 (14027, 38)             | 31.10     (-0.20)
	Mean_corpuscular_volume__MCV__11                                           | 2003	 (14027, 38)             | 93.90     (-0.15)
	Monocyte_count_23                                                          | 2003	 (14027, 38)             | 0.50      (-0.47)
	Neutrophil_count_19                                                        | 2003	 (14027, 38)             | 1.20      (-0.48)
	Platelet_count_12                                                          | 2003	 (14027, 38)             | 239.01    (-0.50)
	Red_blood_cell__RBC__count_10                                              | 2003	 (14027, 38)             | 4.73      (-0.49)
	Red_blood_cell_distribution_width_17                                       | 2003	 (14027, 38)             | 12.50     (-0.48)
	Total_white_cell_count_18                                                  | 2003	 (14027, 38)             | 3.10      (-0.50)
	............................................................new week............................................................
	Nasal_steroids_optimal                                                     | 2020	 (14142, 38)             | nan       (nan)
	............................................................new week............................................................
	Body_mass_index_3                                                          | 2033	 (14234, 38)             | 23.60     (-0.35)
	Diastolic_blood_pressure_5                                                 | 2033	 (14234, 38)             | 93.00     (-0.31)
	O_E___height_1                                                             | 2033	 (14234, 38)             | 167.00    (0.08)
	O_E___weight_2                                                             | 2033	 (14234, 38)             | 66.00     (-0.40)
	Systolic_blood_pressure_4                                                  | 2033	 (14234, 38)             | 139.00    (-0.21)
	............................................................new week............................................................
	Calculated_LDL_cholesterol_level_103                                       | 2034	 (14242, 39)             | 2.50      (-0.42)
	GFR_calculated_abbreviated_MDRD_34                                         | 2034	 (14242, 39)             | 60.00     (-0.30)
	Haemoglobin_A1c_level___IFCC_standardised_6                                | 2034	 (14242, 39)             | 29.00     (-0.40)
	Haemoglobin_estimation_9                                                   | 2034	 (14242, 39)             | 143.00    (-0.04)
	Lymphocyte_count_20                                                        | 2034	 (14242, 39)             | 1.20      (-0.49)
	Mean_corpusc_Hb_conc__MCHC__14                                             | 2034	 (14242, 39)             | 335.00    (0.16)
	Mean_corpusc_haemoglobin_MCH__13                                           | 2034	 (14242, 39)             | 31.50     (-0.19)
	Mean_corpuscular_volume__MCV__11                                           | 2034	 (14242, 39)             | 93.90     (-0.15)
	Monocyte_count_23                                                          | 2034	 (14242, 39)             | 0.50      (-0.47)
	Neutrophil_count_19                                                        | 2034	 (14242, 39)             | 1.40      (-0.47)
	Non_HDL_cholesterol_level_108                                              | 2034	 (14242, 39)             | 3.00      (-0.03)
	Platelet_count_12                                                          | 2034	 (14242, 39)             | 262.86    (-0.50)
	Red_blood_cell__RBC__count_10                                              | 2034	 (14242, 39)             | 4.54      (-0.49)
	Red_blood_cell_distribution_width_17                                       | 2034	 (14242, 39)             | 12.30     (-0.48)
	Serum_HDL_cholesterol_level_100                                            | 2034	 (14242, 39)             | 3.08      (0.29)
	Serum_TSH_level_71                                                         | 2034	 (14242, 39)             | 1.15      (-0.50)
	Serum_alanine_aminotransferase_level_45                                    | 2034	 (14242, 39)             | 52.00     (-0.50)
	Serum_albumin_51                                                           | 2034	 (14242, 39)             | 43.00     (-0.27)
	Serum_alkaline_phosphatase_50                                              | 2034	 (14242, 39)             | 50.00     (-0.50)
	Serum_bilirubin_level_53                                                   | 2034	 (14242, 39)             | 17.00     (-0.48)
	Serum_cholesterol_97                                                       | 2034	 (14242, 39)             | 6.10      (-0.41)
	Serum_creatinine_31                                                        | 2034	 (14242, 39)             | 88.00     (-0.49)
	Serum_potassium_26                                                         | 2034	 (14242, 39)             | 4.40      (-0.07)
	Serum_sodium_24                                                            | 2034	 (14242, 39)             | 140.00    (-0.05)
	Serum_triglycerides_105                                                    | 2034	 (14242, 39)             | 1.10      (-0.49)
	Serum_urea_level_29                                                        | 2034	 (14242, 39)             | 5.10      (-0.01)
	Total_cholesterol_HDL_ratio_95                                             | 2034	 (14242, 39)             | 2.00      (-0.50)
	Total_white_cell_count_18                                                  | 2034	 (14242, 39)             | 3.10      (-0.50)
	............................................................new week............................................................
	SSRIs_Optimal                                                              | 2061	 (14430, 39)             | nan       (nan)
	DEPRESSION                                                                 | 2061	 (14430, 39)             | nan       (nan)
	............................................................new week............................................................
	Body_mass_index_3                                                          | 2067	 (14471, 39)             | 24.00     (-0.35)
	Diastolic_blood_pressure_5                                                 | 2067	 (14471, 39)             | 99.00     (-0.29)
	O_E___weight_2                                                             | 2067	 (14471, 39)             | 67.00     (-0.40)
	Systolic_blood_pressure_4                                                  | 2067	 (14471, 39)             | 169.00    (-0.12)
	Calculated_LDL_cholesterol_level_103                                       | 2067	 (14474, 39)             | 2.80      (-0.41)
	GFR_calculated_abbreviated_MDRD_34                                         | 2067	 (14474, 39)             | 60.00     (-0.30)
	Haemoglobin_A1c_level___IFCC_standardised_6                                | 2067	 (14474, 39)             | 32.00     (-0.39)
	Non_HDL_cholesterol_level_108                                              | 2067	 (14474, 39)             | 3.30      (0.02)
	Serum_HDL_cholesterol_level_100                                            | 2067	 (14474, 39)             | 3.07      (0.29)
	Serum_TSH_level_71                                                         | 2067	 (14474, 39)             | 1.23      (-0.50)
	Serum_alanine_aminotransferase_level_45                                    | 2067	 (14474, 39)             | 44.00     (-0.50)
	Serum_albumin_51                                                           | 2067	 (14474, 39)             | 45.00     (-0.26)
	Serum_alkaline_phosphatase_50                                              | 2067	 (14474, 39)             | 40.00     (-0.50)
	Serum_bilirubin_level_53                                                   | 2067	 (14474, 39)             | 10.00     (-0.49)
	Serum_cholesterol_97                                                       | 2067	 (14474, 39)             | 6.30      (-0.41)
	Serum_creatinine_31                                                        | 2067	 (14474, 39)             | 87.00     (-0.49)
	Serum_potassium_26                                                         | 2067	 (14474, 39)             | 5.10      (0.01)
	Serum_sodium_24                                                            | 2067	 (14474, 39)             | 141.00    (-0.04)
	Serum_triglycerides_105                                                    | 2067	 (14474, 39)             | 0.96      (-0.49)
	Serum_urea_level_29                                                        | 2067	 (14474, 39)             | 4.90      (-0.03)
	Total_cholesterol_HDL_ratio_95                                             | 2067	 (14474, 39)             | 2.10      (-0.50)
	............................................................new week............................................................
	Diastolic_blood_pressure_5                                                 | 2068	 (14478, 39)             | 95.00     (-0.30)
	Diastolic_blood_pressure_5                                                 | 2068	 (14478, 39)             | 96.00     (-0.30)
	Systolic_blood_pressure_4                                                  | 2068	 (14478, 39)             | 163.00    (-0.14)
	Systolic_blood_pressure_4                                                  | 2068	 (14478, 39)             | 174.00    (-0.11)
	............................................................new week............................................................
	Diastolic_blood_pressure_5                                                 | 2104	 (14733, 40)             | 98.00     (-0.29)
	Systolic_blood_pressure_4                                                  | 2104	 (14733, 40)             | 154.00    (-0.16)
	............................................................new week............................................................
	Diastolic_blood_pressure_5                                                 | 2105	 (14740, 40)             | 105.00    (-0.28)
	Systolic_blood_pressure_4                                                  | 2105	 (14740, 40)             | 168.00    (-0.13)
	............................................................new week............................................................
	Haematocrit_15                                                             | 2119	 (14835, 40)             | 0.42      (-0.08)
	Haemoglobin_estimation_9                                                   | 2119	 (14835, 40)             | 138.00    (-0.06)
	Lymphocyte_count_20                                                        | 2119	 (14835, 40)             | 1.00      (-0.50)
	Mean_corpusc_Hb_conc__MCHC__14                                             | 2119	 (14835, 40)             | 326.00    (0.14)
	Mean_corpusc_haemoglobin_MCH__13                                           | 2119	 (14835, 40)             | 31.00     (-0.20)
	Mean_corpuscular_volume__MCV__11                                           | 2119	 (14835, 40)             | 94.90     (-0.15)
	Monocyte_count_23                                                          | 2119	 (14835, 40)             | 0.40      (-0.48)
	Neutrophil_count_19                                                        | 2119	 (14835, 40)             | 1.60      (-0.47)
	Platelet_count_12                                                          | 2119	 (14835, 40)             | 225.01    (-0.50)
	Red_blood_cell__RBC__count_10                                              | 2119	 (14835, 40)             | 4.47      (-0.49)
	Red_blood_cell_distribution_width_17                                       | 2119	 (14835, 40)             | 12.50     (-0.48)
	Total_white_cell_count_18                                                  | 2119	 (14835, 40)             | 3.10      (-0.50)
	............................................................new week............................................................
	Body_mass_index_3                                                          | 2143	 (15007, 41)             | 23.59     (-0.35)
	Current_smoker_83                                                          | 2143	 (15007, 41)             | nan       (nan)
	Diastolic_blood_pressure_5                                                 | 2143	 (15007, 41)             | 92.00     (-0.31)
	O_E___height_1                                                             | 2143	 (15007, 41)             | 166.00    (0.08)
	O_E___weight_2                                                             | 2143	 (15007, 41)             | 65.00     (-0.40)
	Serum_HDL_cholesterol_level_100                                            | 2143	 (15007, 41)             | 2.15      (0.05)
	Serum_total_cholesterol_level_98                                           | 2143	 (15007, 41)             | 6.26      (-0.40)
	Systolic_blood_pressure_4                                                  | 2143	 (15007, 41)             | 134.00    (-0.22)
	Total_cholesterol_HDL_ratio_95                                             | 2143	 (15007, 41)             | 2.90      (-0.49)
	............................................................new week............................................................
	Nasal_steroids_optimal                                                     | 2170	 (15192, 41)             | nan       (nan)
	............................................................new week............................................................
	Nasal_steroids_optimal                                                     | 2229	 (15609, 42)             | nan       (nan)
	............................................................new week............................................................
	Mirtazapine                                                                | 2232	 (15626, 42)             | nan       (nan)
	............................................................new week............................................................
	Antihistamines_second_generation_H1_antagonists                            | 2233	 (15635, 42)             | nan       (nan)
	............................................................new week............................................................
	Mirtazapine                                                                | 2234	 (15644, 42)             | nan       (nan)
	............................................................new week............................................................
	Mirtazapine                                                                | 2235	 (15651, 42)             | nan       (nan)
	Nasal_steroids_optimal                                                     | 2235	 (15651, 42)             | nan       (nan)
	............................................................new week............................................................
	Mirtazapine                                                                | 2239	 (15674, 42)             | nan       (nan)
	............................................................new week............................................................
	Mirtazapine                                                                | 2243	 (15703, 43)             | nan       (nan)
	............................................................new week............................................................
	Mirtazapine                                                                | 2247	 (15733, 43)             | nan       (nan)
	............................................................new week............................................................
	Mirtazapine                                                                | 2253	 (15772, 43)             | nan       (nan)
	............................................................new week............................................................
	Mirtazapine                                                                | 2259	 (15815, 43)             | nan       (nan)
	............................................................new week............................................................
	Body_mass_index_3                                                          | 2263	 (15845, 43)             | 23.01     (-0.36)
	Diastolic_blood_pressure_5                                                 | 2263	 (15845, 43)             | 83.00     (-0.33)
	O_E___weight_2                                                             | 2263	 (15845, 43)             | 63.40     (-0.40)
	Systolic_blood_pressure_4                                                  | 2263	 (15845, 43)             | 142.00    (-0.20)
	............................................................new week............................................................
	Mirtazapine                                                                | 2266	 (15865, 43)             | nan       (nan)
	............................................................new week............................................................
	Nasal_steroids_optimal                                                     | 2273	 (15913, 43)             | nan       (nan)
	Mirtazapine                                                                | 2273	 (15914, 43)             | nan       (nan)

========================================================================================================================
DIAGNOSIS SUMMARY
['ALCOHOLMISUSE_V2', 'ALLERGICRHINITISCONJ', 'DEPRESSION']
========================================================================================================================


PREDICTED FUTURE EVENTS
========================================================================================================================
	EVENT                                                                     | AGE IN WEEKS (days, years)  | VALUE
	............................................................new week............................................................
	Mirtazapine                                                                | 2285	 (16000, 43)             | nan       (nan)
	............................................................new week............................................................
	Mirtazapine                                                                | 2287	 (16009, 43)             | nan       (nan)
	Diastolic_blood_pressure_5                                                 | 2287	 (16013, 43)             | 91.23     (-0.31)
	Systolic_blood_pressure_4                                                  | 2287	 (16013, 43)             | 140.08    (-0.20)
	............................................................new week............................................................
	Mirtazapine                                                                | 2297	 (16083, 44)             | nan       (nan)
	............................................................new week............................................................
	Mirtazapine                                                                | 2298	 (16090, 44)             | nan       (nan)
	............................................................new week............................................................
	Mirtazapine                                                                | 2304	 (16128, 44)             | nan       (nan)
	............................................................new week............................................................
	COCP_reg_contraception                                                     | 2307	 (16150, 44)             | nan       (nan)
	Mirtazapine                                                                | 2307	 (16150, 44)             | nan       (nan)
	Nasal_steroids_optimal                                                     | 2307	 (16152, 44)             | nan       (nan)
	............................................................new week............................................................
	Mirtazapine                                                                | 2309	 (16165, 44)             | nan       (nan)
	............................................................new week............................................................
	HYPERTENSION                                                               | 2310	 (16170, 44)             | nan       (nan)
	............................................................new week............................................................
	Body_mass_index_3                                                          | 2313	 (16196, 44)             | 28.63     (-0.31)
	Diastolic_blood_pressure_5                                                 | 2313	 (16196, 44)             | 93.89     (-0.31)
	Haemoglobin_A1c_level___IFCC_standardised_6                                | 2313	 (16196, 44)             | 36.62     (-0.37)
	............................................................new week............................................................
	O_E___weight_2                                                             | 2314	 (16198, 44)             | 83.00     (-0.37)
	Systolic_blood_pressure_4                                                  | 2314	 (16198, 44)             | 141.91    (-0.20)
	Nasal_steroids_optimal                                                     | 2314	 (16199, 44)             | nan       (nan)
	Mirtazapine                                                                | 2314	 (16199, 44)             | nan       (nan)
	............................................................new week............................................................
	Mirtazapine                                                                | 2317	 (16225, 44)             | nan       (nan)
	............................................................new week............................................................
	Mirtazapine                                                                | 2322	 (16258, 44)             | nan       (nan)
	AST_serum_level_47                                                         | 2322	 (16258, 44)             | 16.95     (-0.50)
	Serum_creatinine_31                                                        | 2322	 (16258, 44)             | 135.12    (-0.49)
	Serum_potassium_26                                                         | 2322	 (16258, 44)             | 3.97      (-0.11)
	Serum_sodium_24                                                            | 2322	 (16260, 44)             | 141.28    (-0.03)
	............................................................new week............................................................
	Body_mass_index_3                                                          | 2323	 (16267, 44)             | 23.97     (-0.35)
	............................................................new week............................................................
	O_E___height_1                                                             | 2324	 (16269, 44)             | 168.76    (0.09)
	O_E___weight_2                                                             | 2324	 (16269, 44)             | 71.39     (-0.39)
	............................................................new week............................................................
	Serum_alanine_aminotransferase_level_45                                    | 2325	 (16276, 44)             | 168.62    (-0.50)
	Serum_albumin_51                                                           | 2325	 (16276, 44)             | 41.17     (-0.28)
	Serum_alkaline_phosphatase_50                                              | 2325	 (16276, 44)             | 139.00    (-0.49)
	Serum_calcium_39                                                           | 2325	 (16276, 44)             | 2.46      (-0.26)
	............................................................new week............................................................
	Serum_creatinine_31                                                        | 2326	 (16282, 44)             | 105.78    (-0.49)
	Serum_potassium_26                                                         | 2326	 (16285, 44)             | 4.59      (-0.05)
	Serum_sodium_24                                                            | 2326	 (16285, 44)             | 145.12    (0.00)
	Serum_urea_level_29                                                        | 2326	 (16287, 44)             | 6.28      (0.11)
	............................................................new week............................................................
	Nasal_steroids_optimal                                                     | 2333	 (16337, 44)             | nan       (nan)
	............................................................new week............................................................
	ICS_PUSHAsthma                                                             | 2336	 (16358, 44)             | nan       (nan)
	............................................................new week............................................................
	Mirtazapine                                                                | 2338	 (16368, 44)             | nan       (nan)
	ALLERGICRHINITISCONJ                                                       | 2338	 (16369, 44)             | nan       (nan)
	Body_mass_index_3                                                          | 2338	 (16371, 44)             | 27.29     (-0.32)
	............................................................new week............................................................
	Diastolic_blood_pressure_5                                                 | 2339	 (16375, 44)             | 89.35     (-0.32)
	Systolic_blood_pressure_4                                                  | 2339	 (16379, 44)             | 118.80    (-0.26)
	............................................................new week............................................................
	Never_smoked_tobacco_85                                                    | 2343	 (16402, 44)             | 0.00      (1.32)
	O_E___weight_2                                                             | 2343	 (16404, 44)             | 73.17     (-0.39)
	............................................................new week............................................................
	ICS_PUSHAsthma                                                             | 2344	 (16410, 44)             | nan       (nan)
	............................................................new week............................................................
	Mirtazapine                                                                | 2348	 (16439, 45)             | nan       (nan)
	............................................................new week............................................................
	Body_mass_index_3                                                          | 2357	 (16501, 45)             | 26.79     (-0.33)
	AlphaBlocker                                                               | 2357	 (16505, 45)             | nan       (nan)
	............................................................new week............................................................
	Current_smoker_83                                                          | 2364	 (16548, 45)             | 17.51     (-0.28)
	............................................................new week............................................................
	ICS_PUSHAsthma                                                             | 2366	 (16563, 45)             | nan       (nan)
	Nasal_steroids_optimal                                                     | 2366	 (16563, 45)             | nan       (nan)
	SABA_PUSHAsthma                                                            | 2366	 (16563, 45)             | nan       (nan)
	............................................................new week............................................................
	Diastolic_blood_pressure_5                                                 | 2376	 (16634, 45)             | 77.92     (-0.35)
	Systolic_blood_pressure_4                                                  | 2376	 (16634, 45)             | 104.20    (-0.30)
	UricAcid_LoweringDrugs_optimal                                             | 2376	 (16634, 45)             | nan       (nan)
	Paracetamol_OPTIMAL                                                        | 2376	 (16636, 45)             | nan       (nan)
	............................................................new week............................................................
	ICS_PUSHAsthma                                                             | 2380	 (16665, 45)             | nan       (nan)
	SABA_PUSHAsthma                                                            | 2380	 (16665, 45)             | nan       (nan)
	phosphodiesterasetype5inhibitor_OPTIMAL                                    | 2380	 (16665, 45)             | nan       (nan)
	............................................................new week............................................................
	Pregabalin_Optimal                                                         | 2381	 (16667, 45)             | nan       (nan)
	............................................................new week............................................................
	Body_mass_index_3                                                          | 2385	 (16696, 45)             | 24.53     (-0.34)
	O_E___weight_2                                                             | 2385	 (16698, 45)             | 66.80     (-0.40)
	............................................................new week............................................................
	Body_mass_index_3                                                          | 2386	 (16702, 45)             | 25.14     (-0.34)
	Diastolic_blood_pressure_5                                                 | 2386	 (16704, 45)             | 86.87     (-0.32)
	Systolic_blood_pressure_4                                                  | 2386	 (16704, 45)             | 113.97    (-0.27)
	............................................................new week............................................................
	All_Diuretics_D2T                                                          | 2387	 (16709, 45)             | nan       (nan)
	All_Diuretics_ExclLactones_D2T                                             | 2387	 (16711, 45)             | nan       (nan)
	Thiazide_Diuretics_v2                                                      | 2387	 (16713, 45)             | nan       (nan)
	............................................................new week............................................................
	UricAcid_LoweringDrugs_optimal                                             | 2390	 (16735, 45)             | nan       (nan)
	............................................................new week............................................................
	phosphodiesterasetype5inhibitor_OPTIMAL                                    | 2393	 (16751, 45)             | nan       (nan)
	............................................................new week............................................................
	Basophil_count_22                                                          | 2395	 (16768, 45)             | 0.10      (-0.48)
	Eosinophil_count_21                                                        | 2395	 (16768, 45)             | 0.24      (-0.46)
	GFR_calculated_abbreviated_MDRD_34                                         | 2395	 (16768, 45)             | 67.96     (-0.27)
	Haematocrit_15                                                             | 2395	 (16768, 45)             | 0.44      (-0.06)
	Haemoglobin_A1c_level___IFCC_standardised_6                                | 2395	 (16768, 45)             | 33.40     (-0.38)
	............................................................new week............................................................
	Haemoglobin_estimation_9                                                   | 2396	 (16773, 45)             | 143.70    (-0.04)
	Lymphocyte_count_20                                                        | 2396	 (16773, 45)             | 2.83      (-0.49)
	Mean_corpusc_Hb_conc__MCHC__14                                             | 2396	 (16777, 45)             | 324.62    (0.14)
	Mean_corpusc_haemoglobin_MCH__13                                           | 2396	 (16777, 45)             | 29.90     (-0.21)
	............................................................new week............................................................
	Mean_corpuscular_volume__MCV__11                                           | 2397	 (16779, 45)             | 92.92     (-0.15)
	Monocyte_count_23                                                          | 2397	 (16779, 45)             | 0.39      (-0.48)
	Neutrophil_count_19                                                        | 2397	 (16779, 45)             | 1.92      (-0.46)
	Platelet_count_12                                                          | 2397	 (16779, 45)             | -3002.29  (-0.50)
	Red_blood_cell__RBC__count_10                                              | 2397	 (16779, 45)             | 4.45      (-0.49)
	Red_blood_cell_distribution_width_17                                       | 2397	 (16780, 45)             | 14.20     (-0.46)
	Serum_C_reactive_protein_level_59                                          | 2397	 (16780, 45)             | 0.16      (-0.18)
	Serum_alanine_aminotransferase_level_45                                    | 2397	 (16780, 45)             | -23.90    (-0.50)
	Serum_albumin_51                                                           | 2397	 (16782, 45)             | 40.56     (-0.28)
	Serum_alkaline_phosphatase_50                                              | 2397	 (16782, 45)             | 101.66    (-0.49)
	............................................................new week............................................................
	Serum_bilirubin_level_53                                                   | 2398	 (16788, 45)             | 16.56     (-0.48)
	............................................................new week............................................................
	Serum_cholesterol_97                                                       | 2399	 (16797, 46)             | 5.97      (-0.41)
	............................................................new week............................................................
	SSRIs_Optimal                                                              | 2405	 (16837, 46)             | nan       (nan)
	............................................................new week............................................................
	GFR_calculated_abbreviated_MDRD_34                                         | 2406	 (16844, 46)             | 84.35     (-0.22)
	Haemoglobin_A1c_level___IFCC_standardised_6                                | 2406	 (16844, 46)             | 32.29     (-0.39)
	Serum_HDL_cholesterol_level_100                                            | 2406	 (16848, 46)             | 1.95      (-0.00)
	Serum_albumin_51                                                           | 2406	 (16848, 46)             | 43.13     (-0.27)
	............................................................new week............................................................
	Serum_alkaline_phosphatase_50                                              | 2407	 (16854, 46)             | 89.05     (-0.50)
	............................................................new week............................................................
	Serum_bilirubin_level_53                                                   | 2408	 (16859, 46)             | -3.89     (-0.50)
	............................................................new week............................................................
	Serum_cholesterol_97                                                       | 2409	 (16863, 46)             | 5.59      (-0.42)
	Serum_creatinine_31                                                        | 2409	 (16863, 46)             | 107.63    (-0.49)
	Serum_potassium_26                                                         | 2409	 (16863, 46)             | 4.40      (-0.07)
	Serum_sodium_24                                                            | 2409	 (16864, 46)             | 141.48    (-0.03)
	Serum_urea_level_29                                                        | 2409	 (16864, 46)             | 6.09      (0.09)
	UricAcid_LoweringDrugs_optimal                                             | 2409	 (16866, 46)             | nan       (nan)
	............................................................new week............................................................
	Basophil_count_22                                                          | 2411	 (16883, 46)             | 0.11      (-0.48)
	............................................................new week............................................................
	Eosinophil_count_21                                                        | 2412	 (16886, 46)             | 0.23      (-0.46)
	GFR_calculated_abbreviated_MDRD_34                                         | 2412	 (16888, 46)             | 79.85     (-0.23)
	Serum_creatinine_31                                                        | 2412	 (16888, 46)             | 119.12    (-0.49)
	Serum_potassium_26                                                         | 2412	 (16888, 46)             | 3.69      (-0.14)
	Serum_sodium_24                                                            | 2412	 (16888, 46)             | 141.04    (-0.04)
	............................................................new week............................................................
	Serum_urea_level_29                                                        | 2413	 (16896, 46)             | 5.98      (0.08)
	phosphodiesterasetype5inhibitor_OPTIMAL                                    | 2413	 (16896, 46)             | nan       (nan)
	............................................................new week............................................................
	Basophil_count_22                                                          | 2416	 (16912, 46)             | 0.13      (-0.48)
	Eosinophil_count_21                                                        | 2416	 (16916, 46)             | 0.15      (-0.47)
	GFR_calculated_abbreviated_MDRD_34                                         | 2416	 (16917, 46)             | 85.83     (-0.21)
	Plasma_C_reactive_protein_60                                               | 2416	 (16917, 46)             | 0.91      (-0.15)
	............................................................new week............................................................
	Serum_alanine_aminotransferase_level_45                                    | 2417	 (16919, 46)             | -21.85    (-0.50)
	Serum_albumin_51                                                           | 2417	 (16919, 46)             | 43.97     (-0.26)
	Serum_alkaline_phosphatase_50                                              | 2417	 (16919, 46)             | 4.89      (-0.50)
	Serum_bilirubin_level_53                                                   | 2417	 (16921, 46)             | 0.47      (-0.50)
	Total_alkaline_phosphatase_48                                              | 2417	 (16923, 46)             | 108.45    (0.28)
	............................................................new week............................................................
	Corrected_serum_calcium_level_42                                           | 2422	 (16958, 46)             | 2.34      (-0.27)
	............................................................new week............................................................
	Serum_creatinine_31                                                        | 2423	 (16961, 46)             | 65.28     (-0.49)
	Serum_creatinine_31                                                        | 2423	 (16961, 46)             | 85.58     (-0.49)
	Serum_potassium_26                                                         | 2423	 (16961, 46)             | 4.22      (-0.08)
	Serum_sodium_24                                                            | 2423	 (16963, 46)             | 144.25    (-0.01)
	Serum_urea_level_29                                                        | 2423	 (16965, 46)             | 8.45      (0.32)
	............................................................new week............................................................
	Haemoglobin_A1c_level___IFCC_standardised_6                                | 2426	 (16983, 46)             | 45.01     (-0.34)
	Serum_C_reactive_protein_level_59                                          | 2426	 (16987, 46)             | 9.79      (0.20)
	............................................................new week............................................................
	Serum_creatinine_31                                                        | 2427	 (16991, 46)             | 154.81    (-0.48)
	Serum_potassium_26                                                         | 2427	 (16991, 46)             | 4.17      (-0.09)
	Serum_sodium_24                                                            | 2427	 (16991, 46)             | 141.15    (-0.04)
	Serum_urea_level_29                                                        | 2427	 (16991, 46)             | 7.77      (0.26)
	............................................................new week............................................................
	Nasal_steroids_optimal                                                     | 2430	 (17012, 46)             | nan       (nan)
	UricAcid_LoweringDrugs_optimal                                             | 2430	 (17012, 46)             | nan       (nan)
	............................................................new week............................................................
	Vitamin_D                                                                  | 2431	 (17022, 46)             | nan       (nan)
	............................................................new week............................................................
	phosphodiesterasetype5inhibitor_OPTIMAL                                    | 2434	 (17038, 46)             | nan       (nan)
	............................................................new week............................................................
	VALVULARDISEASES_V2                                                        | 2435	 (17047, 46)             | nan       (nan)
	............................................................new week............................................................
	ICS_PUSHAsthma                                                             | 2438	 (17071, 46)             | nan       (nan)
	SABA_PUSHAsthma                                                            | 2438	 (17071, 46)             | nan       (nan)
	UricAcid_LoweringDrugs_optimal                                             | 2438	 (17071, 46)             | nan       (nan)
	............................................................new week............................................................
	Weak_Opioids_Final                                                         | 2442	 (17095, 46)             | nan       (nan)
	............................................................new week............................................................
	Mirtazapine                                                                | 2443	 (17106, 46)             | nan       (nan)
	Body_mass_index_3                                                          | 2443	 (17107, 46)             | 30.01     (-0.30)
	O_E___weight_2                                                             | 2443	 (17107, 46)             | 71.14     (-0.39)
	............................................................new week............................................................
	AMD_DH_Memantine                                                           | 2448	 (17137, 46)             | nan       (nan)
	Mirtazapine                                                                | 2448	 (17137, 46)             | nan       (nan)
	............................................................new week............................................................
	UricAcid_LoweringDrugs_optimal                                             | 2449	 (17146, 46)             | nan       (nan)
	phosphodiesterasetype5inhibitor_OPTIMAL                                    | 2449	 (17146, 46)             | nan       (nan)
