STATIC INFORMATION
========================================================================================================================
	SEX:               M
	IMD:               5.0
	ETHNICITY:         BLACK
	birth_year:        1978.0


GIVEN PATIENT CONTEXT
========================================================================================================================
	EVENT                                                                     | AGE IN WEEKS (days, years)   | VALUE
	............................................................new week............................................................
	ALCOHOLMISUSE_V2                                                           | 1777	 (12445, 34)             | nan       (nan)
	............................................................new week............................................................
	Body_mass_index_3                                                          | 1778	 (12449, 34)             | 25.20     (-0.34)
	Diastolic_blood_pressure_5                                                 | 1778	 (12449, 34)             | 80.00     (-0.34)
	O_E___height_1                                                             | 1778	 (12449, 34)             | 167.00    (0.08)
	O_E___weight_2                                                             | 1778	 (12449, 34)             | 70.20     (-0.39)
	Systolic_blood_pressure_4                                                  | 1778	 (12449, 34)             | 142.00    (-0.20)
	............................................................new week............................................................
	Nasal_steroids_optimal                                                     | 1814	 (12701, 34)             | nan       (nan)
	............................................................new week............................................................
	Nasal_steroids_optimal                                                     | 1820	 (12745, 34)             | nan       (nan)
	............................................................new week............................................................
	GFR_calculated_abbreviated_MDRD_34                                         | 1830	 (12816, 35)             | nan       (nan)
	Haemoglobin_estimation_9                                                   | 1830	 (12816, 35)             | 143.00    (-0.04)
	Lymphocyte_count_20                                                        | 1830	 (12816, 35)             | 0.90      (-0.50)
	Mean_corpusc_Hb_conc__MCHC__14                                             | 1830	 (12816, 35)             | 322.00    (0.14)
	Mean_corpusc_haemoglobin_MCH__13                                           | 1830	 (12816, 35)             | 30.60     (-0.20)
	Mean_corpuscular_volume__MCV__11                                           | 1830	 (12816, 35)             | 95.20     (-0.14)
	Monocyte_count_23                                                          | 1830	 (12816, 35)             | 0.20      (-0.49)
	Neutrophil_count_19                                                        | 1830	 (12816, 35)             | 1.00      (-0.48)
	Platelet_count_12                                                          | 1830	 (12816, 35)             | 258.09    (-0.50)
	Red_blood_cell__RBC__count_10                                              | 1830	 (12816, 35)             | 4.69      (-0.49)
	Red_blood_cell_distribution_width_17                                       | 1830	 (12816, 35)             | 12.80     (-0.47)
	Serum_C_reactive_protein_level_59                                          | 1830	 (12816, 35)             | 4.00      (-0.03)
	Serum_alanine_aminotransferase_level_45                                    | 1830	 (12816, 35)             | 44.00     (-0.50)
	Serum_albumin_51                                                           | 1830	 (12816, 35)             | 42.00     (-0.28)
	Serum_alkaline_phosphatase_50                                              | 1830	 (12816, 35)             | 32.00     (-0.50)
	Serum_bilirubin_level_53                                                   | 1830	 (12816, 35)             | 13.00     (-0.48)
	Serum_creatinine_31                                                        | 1830	 (12816, 35)             | 85.00     (-0.49)
	Serum_gamma_glutamyl_transferase_level_57                                  | 1830	 (12816, 35)             | 38.00     (0.04)
	Serum_potassium_26                                                         | 1830	 (12816, 35)             | 4.10      (-0.10)
	Serum_sodium_24                                                            | 1830	 (12816, 35)             | 139.00    (-0.05)
	Serum_urea_level_29                                                        | 1830	 (12816, 35)             | 6.50      (0.13)
	Total_white_cell_count_18                                                  | 1830	 (12816, 35)             | 2.20      (-0.50)
	............................................................new week............................................................
	Haemoglobin_estimation_9                                                   | 1834	 (12842, 35)             | 148.00    (-0.02)
	Lymphocyte_count_20                                                        | 1834	 (12842, 35)             | 0.90      (-0.50)
	Mean_corpusc_Hb_conc__MCHC__14                                             | 1834	 (12842, 35)             | 317.00    (0.13)
	Mean_corpusc_haemoglobin_MCH__13                                           | 1834	 (12842, 35)             | 30.50     (-0.20)
	Mean_corpuscular_volume__MCV__11                                           | 1834	 (12842, 35)             | 96.30     (-0.14)
	Monocyte_count_23                                                          | 1834	 (12842, 35)             | 0.30      (-0.48)
	Neutrophil_count_19                                                        | 1834	 (12842, 35)             | 1.30      (-0.47)
	Platelet_count_12                                                          | 1834	 (12842, 35)             | 227.99    (-0.50)
	Red_blood_cell__RBC__count_10                                              | 1834	 (12842, 35)             | 4.86      (-0.49)
	Red_blood_cell_distribution_width_17                                       | 1834	 (12842, 35)             | 12.20     (-0.48)
	Total_white_cell_count_18                                                  | 1834	 (12842, 35)             | 2.60      (-0.50)
	............................................................new week............................................................
	Haemoglobin_estimation_9                                                   | 1845	 (12920, 35)             | 151.00    (-0.01)
	Lymphocyte_count_20                                                        | 1845	 (12920, 35)             | 1.20      (-0.49)
	Mean_corpusc_Hb_conc__MCHC__14                                             | 1845	 (12920, 35)             | 322.00    (0.14)
	Mean_corpusc_haemoglobin_MCH__13                                           | 1845	 (12920, 35)             | 30.60     (-0.20)
	Mean_corpuscular_volume__MCV__11                                           | 1845	 (12920, 35)             | 95.00     (-0.15)
	Monocyte_count_23                                                          | 1845	 (12920, 35)             | 0.30      (-0.48)
	Neutrophil_count_19                                                        | 1845	 (12920, 35)             | 1.10      (-0.48)
	Platelet_count_12                                                          | 1845	 (12920, 35)             | 275.08    (-0.50)
	Red_blood_cell__RBC__count_10                                              | 1845	 (12920, 35)             | 4.93      (-0.49)
	Red_blood_cell_distribution_width_17                                       | 1845	 (12920, 35)             | 11.30     (-0.49)
	Total_white_cell_count_18                                                  | 1845	 (12920, 35)             | 2.60      (-0.50)
	............................................................new week............................................................
	Nasal_steroids_optimal                                                     | 1862	 (13039, 35)             | nan       (nan)
	Nasal_steroids_optimal                                                     | 1862	 (13039, 35)             | nan       (nan)
	Nasal_steroids_optimal                                                     | 1862	 (13040, 35)             | nan       (nan)
	............................................................new week............................................................
	Nasal_steroids_optimal                                                     | 1872	 (13110, 35)             | nan       (nan)
	............................................................new week............................................................
	Haemoglobin_estimation_9                                                   | 1895	 (13271, 36)             | 148.00    (-0.02)
	Lymphocyte_count_20                                                        | 1895	 (13271, 36)             | 1.70      (-0.49)
	Mean_corpusc_Hb_conc__MCHC__14                                             | 1895	 (13271, 36)             | 331.00    (0.16)
	Mean_corpusc_haemoglobin_MCH__13                                           | 1895	 (13271, 36)             | 31.20     (-0.19)
	Mean_corpuscular_volume__MCV__11                                           | 1895	 (13271, 36)             | 94.10     (-0.15)
	Monocyte_count_23                                                          | 1895	 (13271, 36)             | 0.40      (-0.48)
	Neutrophil_count_19                                                        | 1895	 (13271, 36)             | 1.40      (-0.47)
	Platelet_count_12                                                          | 1895	 (13271, 36)             | 250.94    (-0.50)
	Red_blood_cell__RBC__count_10                                              | 1895	 (13271, 36)             | 4.74      (-0.49)
	Red_blood_cell_distribution_width_17                                       | 1895	 (13271, 36)             | 11.80     (-0.48)
	Total_white_cell_count_18                                                  | 1895	 (13271, 36)             | 3.50      (-0.50)
	............................................................new week............................................................
	Nasal_steroids_optimal                                                     | 1929	 (13505, 37)             | nan       (nan)
	ALLERGICRHINITISCONJ                                                       | 1929	 (13505, 37)             | nan       (nan)
	............................................................new week............................................................
	Diastolic_blood_pressure_5                                                 | 1982	 (13877, 38)             | 72.00     (-0.36)
	Systolic_blood_pressure_4                                                  | 1982	 (13877, 38)             | 130.00    (-0.23)
	............................................................new week............................................................
	Haemoglobin_estimation_9                                                   | 2003	 (14027, 38)             | 147.00    (-0.03)
	Lymphocyte_count_20                                                        | 2003	 (14027, 38)             | 1.30      (-0.49)
	Mean_corpusc_Hb_conc__MCHC__14                                             | 2003	 (14027, 38)             | 331.00    (0.16)
	Mean_corpusc_haemoglobin_MCH__13                                           | 2003	 (14027, 38)             | 31.10     (-0.20)
	Mean_corpuscular_volume__MCV__11                                           | 2003	 (14027, 38)             | 93.90     (-0.15)
	Monocyte_count_23                                                          | 2003	 (14027, 38)             | 0.50      (-0.47)
	Neutrophil_count_19                                                        | 2003	 (14027, 38)             | 1.20      (-0.48)
	Platelet_count_12                                                          | 2003	 (14027, 38)             | 239.01    (-0.50)
	Red_blood_cell__RBC__count_10                                              | 2003	 (14027, 38)             | 4.73      (-0.49)
	Red_blood_cell_distribution_width_17                                       | 2003	 (14027, 38)             | 12.50     (-0.48)
	Total_white_cell_count_18                                                  | 2003	 (14027, 38)             | 3.10      (-0.50)
	............................................................new week............................................................
	Nasal_steroids_optimal                                                     | 2020	 (14142, 38)             | nan       (nan)
	............................................................new week............................................................
	Body_mass_index_3                                                          | 2033	 (14234, 38)             | 23.60     (-0.35)
	Diastolic_blood_pressure_5                                                 | 2033	 (14234, 38)             | 93.00     (-0.31)
	O_E___height_1                                                             | 2033	 (14234, 38)             | 167.00    (0.08)
	O_E___weight_2                                                             | 2033	 (14234, 38)             | 66.00     (-0.40)
	Systolic_blood_pressure_4                                                  | 2033	 (14234, 38)             | 139.00    (-0.21)
	............................................................new week............................................................
	Calculated_LDL_cholesterol_level_103                                       | 2034	 (14242, 39)             | 2.50      (-0.42)
	GFR_calculated_abbreviated_MDRD_34                                         | 2034	 (14242, 39)             | 60.00     (-0.30)
	Haemoglobin_A1c_level___IFCC_standardised_6                                | 2034	 (14242, 39)             | 29.00     (-0.40)
	Haemoglobin_estimation_9                                                   | 2034	 (14242, 39)             | 143.00    (-0.04)
	Lymphocyte_count_20                                                        | 2034	 (14242, 39)             | 1.20      (-0.49)
	Mean_corpusc_Hb_conc__MCHC__14                                             | 2034	 (14242, 39)             | 335.00    (0.16)
	Mean_corpusc_haemoglobin_MCH__13                                           | 2034	 (14242, 39)             | 31.50     (-0.19)
	Mean_corpuscular_volume__MCV__11                                           | 2034	 (14242, 39)             | 93.90     (-0.15)
	Monocyte_count_23                                                          | 2034	 (14242, 39)             | 0.50      (-0.47)
	Neutrophil_count_19                                                        | 2034	 (14242, 39)             | 1.40      (-0.47)
	Non_HDL_cholesterol_level_108                                              | 2034	 (14242, 39)             | 3.00      (-0.03)
	Platelet_count_12                                                          | 2034	 (14242, 39)             | 262.86    (-0.50)
	Red_blood_cell__RBC__count_10                                              | 2034	 (14242, 39)             | 4.54      (-0.49)
	Red_blood_cell_distribution_width_17                                       | 2034	 (14242, 39)             | 12.30     (-0.48)
	Serum_HDL_cholesterol_level_100                                            | 2034	 (14242, 39)             | 3.08      (0.29)
	Serum_TSH_level_71                                                         | 2034	 (14242, 39)             | 1.15      (-0.50)
	Serum_alanine_aminotransferase_level_45                                    | 2034	 (14242, 39)             | 52.00     (-0.50)
	Serum_albumin_51                                                           | 2034	 (14242, 39)             | 43.00     (-0.27)
	Serum_alkaline_phosphatase_50                                              | 2034	 (14242, 39)             | 50.00     (-0.50)
	Serum_bilirubin_level_53                                                   | 2034	 (14242, 39)             | 17.00     (-0.48)
	Serum_cholesterol_97                                                       | 2034	 (14242, 39)             | 6.10      (-0.41)
	Serum_creatinine_31                                                        | 2034	 (14242, 39)             | 88.00     (-0.49)
	Serum_potassium_26                                                         | 2034	 (14242, 39)             | 4.40      (-0.07)
	Serum_sodium_24                                                            | 2034	 (14242, 39)             | 140.00    (-0.05)
	Serum_triglycerides_105                                                    | 2034	 (14242, 39)             | 1.10      (-0.49)
	Serum_urea_level_29                                                        | 2034	 (14242, 39)             | 5.10      (-0.01)
	Total_cholesterol_HDL_ratio_95                                             | 2034	 (14242, 39)             | 2.00      (-0.50)
	Total_white_cell_count_18                                                  | 2034	 (14242, 39)             | 3.10      (-0.50)
	............................................................new week............................................................
	SSRIs_Optimal                                                              | 2061	 (14430, 39)             | nan       (nan)
	DEPRESSION                                                                 | 2061	 (14430, 39)             | nan       (nan)
	............................................................new week............................................................
	Body_mass_index_3                                                          | 2067	 (14471, 39)             | 24.00     (-0.35)
	Diastolic_blood_pressure_5                                                 | 2067	 (14471, 39)             | 99.00     (-0.29)
	O_E___weight_2                                                             | 2067	 (14471, 39)             | 67.00     (-0.40)
	Systolic_blood_pressure_4                                                  | 2067	 (14471, 39)             | 169.00    (-0.12)
	Calculated_LDL_cholesterol_level_103                                       | 2067	 (14474, 39)             | 2.80      (-0.41)
	GFR_calculated_abbreviated_MDRD_34                                         | 2067	 (14474, 39)             | 60.00     (-0.30)
	Haemoglobin_A1c_level___IFCC_standardised_6                                | 2067	 (14474, 39)             | 32.00     (-0.39)
	Non_HDL_cholesterol_level_108                                              | 2067	 (14474, 39)             | 3.30      (0.02)
	Serum_HDL_cholesterol_level_100                                            | 2067	 (14474, 39)             | 3.07      (0.29)
	Serum_TSH_level_71                                                         | 2067	 (14474, 39)             | 1.23      (-0.50)
	Serum_alanine_aminotransferase_level_45                                    | 2067	 (14474, 39)             | 44.00     (-0.50)
	Serum_albumin_51                                                           | 2067	 (14474, 39)             | 45.00     (-0.26)
	Serum_alkaline_phosphatase_50                                              | 2067	 (14474, 39)             | 40.00     (-0.50)
	Serum_bilirubin_level_53                                                   | 2067	 (14474, 39)             | 10.00     (-0.49)
	Serum_cholesterol_97                                                       | 2067	 (14474, 39)             | 6.30      (-0.41)
	Serum_creatinine_31                                                        | 2067	 (14474, 39)             | 87.00     (-0.49)
	Serum_potassium_26                                                         | 2067	 (14474, 39)             | 5.10      (0.01)
	Serum_sodium_24                                                            | 2067	 (14474, 39)             | 141.00    (-0.04)
	Serum_triglycerides_105                                                    | 2067	 (14474, 39)             | 0.96      (-0.49)
	Serum_urea_level_29                                                        | 2067	 (14474, 39)             | 4.90      (-0.03)
	Total_cholesterol_HDL_ratio_95                                             | 2067	 (14474, 39)             | 2.10      (-0.50)
	............................................................new week............................................................
	Diastolic_blood_pressure_5                                                 | 2068	 (14478, 39)             | 95.00     (-0.30)
	Diastolic_blood_pressure_5                                                 | 2068	 (14478, 39)             | 96.00     (-0.30)
	Systolic_blood_pressure_4                                                  | 2068	 (14478, 39)             | 163.00    (-0.14)
	Systolic_blood_pressure_4                                                  | 2068	 (14478, 39)             | 174.00    (-0.11)
	............................................................new week............................................................
	Diastolic_blood_pressure_5                                                 | 2104	 (14733, 40)             | 98.00     (-0.29)
	Systolic_blood_pressure_4                                                  | 2104	 (14733, 40)             | 154.00    (-0.16)
	............................................................new week............................................................
	Diastolic_blood_pressure_5                                                 | 2105	 (14740, 40)             | 105.00    (-0.28)
	Systolic_blood_pressure_4                                                  | 2105	 (14740, 40)             | 168.00    (-0.13)
	............................................................new week............................................................
	Haematocrit_15                                                             | 2119	 (14835, 40)             | 0.42      (-0.08)
	Haemoglobin_estimation_9                                                   | 2119	 (14835, 40)             | 138.00    (-0.06)
	Lymphocyte_count_20                                                        | 2119	 (14835, 40)             | 1.00      (-0.50)
	Mean_corpusc_Hb_conc__MCHC__14                                             | 2119	 (14835, 40)             | 326.00    (0.14)
	Mean_corpusc_haemoglobin_MCH__13                                           | 2119	 (14835, 40)             | 31.00     (-0.20)
	Mean_corpuscular_volume__MCV__11                                           | 2119	 (14835, 40)             | 94.90     (-0.15)
	Monocyte_count_23                                                          | 2119	 (14835, 40)             | 0.40      (-0.48)
	Neutrophil_count_19                                                        | 2119	 (14835, 40)             | 1.60      (-0.47)
	Platelet_count_12                                                          | 2119	 (14835, 40)             | 225.01    (-0.50)
	Red_blood_cell__RBC__count_10                                              | 2119	 (14835, 40)             | 4.47      (-0.49)
	Red_blood_cell_distribution_width_17                                       | 2119	 (14835, 40)             | 12.50     (-0.48)
	Total_white_cell_count_18                                                  | 2119	 (14835, 40)             | 3.10      (-0.50)
	............................................................new week............................................................
	Body_mass_index_3                                                          | 2143	 (15007, 41)             | 23.59     (-0.35)
	Current_smoker_83                                                          | 2143	 (15007, 41)             | nan       (nan)
	Diastolic_blood_pressure_5                                                 | 2143	 (15007, 41)             | 92.00     (-0.31)
	O_E___height_1                                                             | 2143	 (15007, 41)             | 166.00    (0.08)
	O_E___weight_2                                                             | 2143	 (15007, 41)             | 65.00     (-0.40)
	Serum_HDL_cholesterol_level_100                                            | 2143	 (15007, 41)             | 2.15      (0.05)
	Serum_total_cholesterol_level_98                                           | 2143	 (15007, 41)             | 6.26      (-0.40)
	Systolic_blood_pressure_4                                                  | 2143	 (15007, 41)             | 134.00    (-0.22)
	Total_cholesterol_HDL_ratio_95                                             | 2143	 (15007, 41)             | 2.90      (-0.49)
	............................................................new week............................................................
	Nasal_steroids_optimal                                                     | 2170	 (15192, 41)             | nan       (nan)
	............................................................new week............................................................
	Nasal_steroids_optimal                                                     | 2229	 (15609, 42)             | nan       (nan)
	............................................................new week............................................................
	Mirtazapine                                                                | 2232	 (15626, 42)             | nan       (nan)
	............................................................new week............................................................
	Antihistamines_second_generation_H1_antagonists                            | 2233	 (15635, 42)             | nan       (nan)
	............................................................new week............................................................
	Mirtazapine                                                                | 2234	 (15644, 42)             | nan       (nan)
	............................................................new week............................................................
	Mirtazapine                                                                | 2235	 (15651, 42)             | nan       (nan)
	Nasal_steroids_optimal                                                     | 2235	 (15651, 42)             | nan       (nan)
	............................................................new week............................................................
	Mirtazapine                                                                | 2239	 (15674, 42)             | nan       (nan)
	............................................................new week............................................................
	Mirtazapine                                                                | 2243	 (15703, 43)             | nan       (nan)
	............................................................new week............................................................
	Mirtazapine                                                                | 2247	 (15733, 43)             | nan       (nan)
	............................................................new week............................................................
	Mirtazapine                                                                | 2253	 (15772, 43)             | nan       (nan)
	............................................................new week............................................................
	Mirtazapine                                                                | 2259	 (15815, 43)             | nan       (nan)
	............................................................new week............................................................
	Body_mass_index_3                                                          | 2263	 (15845, 43)             | 23.01     (-0.36)
	Diastolic_blood_pressure_5                                                 | 2263	 (15845, 43)             | 83.00     (-0.33)
	O_E___weight_2                                                             | 2263	 (15845, 43)             | 63.40     (-0.40)
	Systolic_blood_pressure_4                                                  | 2263	 (15845, 43)             | 142.00    (-0.20)
	............................................................new week............................................................
	Mirtazapine                                                                | 2266	 (15865, 43)             | nan       (nan)
	............................................................new week............................................................
	Nasal_steroids_optimal                                                     | 2273	 (15913, 43)             | nan       (nan)
	Mirtazapine                                                                | 2273	 (15914, 43)             | nan       (nan)

========================================================================================================================
DIAGNOSIS SUMMARY
['ALCOHOLMISUSE_V2', 'ALLERGICRHINITISCONJ', 'DEPRESSION']
========================================================================================================================


PREDICTED FUTURE EVENTS
========================================================================================================================
	EVENT                                                                     | AGE IN WEEKS (days, years)  | VALUE
	Antihistamines_second_generation_H1_antagonists                            | 2273	 (15916, 43)             | nan       (nan)
	............................................................new week............................................................
	Antihistamines_second_generation_H1_antagonists                            | 2276	 (15935, 43)             | nan       (nan)
	............................................................new week............................................................
	OCS_PUSHAsthma2                                                            | 2277	 (15940, 43)             | nan       (nan)
	Systemic_oral_corticosteroids_optimal                                      | 2277	 (15940, 43)             | nan       (nan)
	............................................................new week............................................................
	Diastolic_blood_pressure_5                                                 | 2282	 (15980, 43)             | 81.57     (-0.34)
	............................................................new week............................................................
	Systolic_blood_pressure_4                                                  | 2283	 (15986, 43)             | 109.23    (-0.29)
	............................................................new week............................................................
	Mirtazapine                                                                | 2285	 (15999, 43)             | nan       (nan)
	............................................................new week............................................................
	Mirtazapine                                                                | 2287	 (16009, 43)             | nan       (nan)
	............................................................new week............................................................
	Mirtazapine                                                                | 2293	 (16057, 43)             | nan       (nan)
	............................................................new week............................................................
	Mirtazapine                                                                | 2295	 (16066, 44)             | nan       (nan)
	............................................................new week............................................................
	Mirtazapine                                                                | 2297	 (16083, 44)             | nan       (nan)
	Mirtazapine                                                                | 2297	 (16084, 44)             | nan       (nan)
	Mirtazapine                                                                | 2297	 (16084, 44)             | nan       (nan)
	............................................................new week............................................................
	Nasal_steroids_optimal                                                     | 2305	 (16136, 44)             | nan       (nan)
	............................................................new week............................................................
	Mirtazapine                                                                | 2314	 (16199, 44)             | nan       (nan)
	............................................................new week............................................................
	Mirtazapine                                                                | 2319	 (16234, 44)             | nan       (nan)
	............................................................new week............................................................
	Mirtazapine                                                                | 2321	 (16249, 44)             | nan       (nan)
	............................................................new week............................................................
	Mirtazapine                                                                | 2322	 (16254, 44)             | nan       (nan)
	Mirtazapine                                                                | 2322	 (16258, 44)             | nan       (nan)
	............................................................new week............................................................
	Mirtazapine                                                                | 2323	 (16265, 44)             | nan       (nan)
	............................................................new week............................................................
	Mirtazapine                                                                | 2327	 (16289, 44)             | nan       (nan)
	............................................................new week............................................................
	Mirtazapine                                                                | 2332	 (16326, 44)             | nan       (nan)
	............................................................new week............................................................
	NSAIDS_oral_OPTIMAL_final                                                  | 2335	 (16349, 44)             | nan       (nan)
	............................................................new week............................................................
	Mirtazapine                                                                | 2337	 (16360, 44)             | nan       (nan)
	............................................................new week............................................................
	Basophil_count_22                                                          | 2348	 (16437, 45)             | -0.02     (-0.49)
	Calculated_LDL_cholesterol_level_103                                       | 2348	 (16439, 45)             | 2.63      (-0.41)
	GFR_calculated_abbreviated_MDRD_34                                         | 2348	 (16439, 45)             | 64.65     (-0.28)
	Haemoglobin_A1c_level___IFCC_standardised_6                                | 2348	 (16441, 45)             | 33.27     (-0.38)
	Serum_HDL_cholesterol_level_100                                            | 2348	 (16441, 45)             | 1.66      (-0.07)
	Serum_alanine_aminotransferase_level_45                                    | 2348	 (16441, 45)             | 56.61     (-0.50)
	Serum_albumin_51                                                           | 2348	 (16441, 45)             | 40.75     (-0.28)
	Serum_alkaline_phosphatase_50                                              | 2348	 (16442, 45)             | 37.91     (-0.50)
	Serum_bilirubin_level_53                                                   | 2348	 (16442, 45)             | 9.54      (-0.49)
	Serum_cholesterol_97                                                       | 2348	 (16442, 45)             | 5.83      (-0.42)
	Serum_creatinine_31                                                        | 2348	 (16442, 45)             | 93.05     (-0.49)
	Serum_potassium_26                                                         | 2348	 (16442, 45)             | 4.65      (-0.04)
	............................................................new week............................................................
	Serum_sodium_24                                                            | 2349	 (16444, 45)             | 138.14    (-0.06)
	Serum_triglycerides_105                                                    | 2349	 (16446, 45)             | 1.81      (-0.48)
	............................................................new week............................................................
	AllHIVdrugs_HIV                                                            | 2351	 (16461, 45)             | nan       (nan)
	SSRIs_Optimal                                                              | 2351	 (16463, 45)             | nan       (nan)
	............................................................new week............................................................
	SSRIs_Optimal                                                              | 2354	 (16481, 45)             | nan       (nan)
	ANXIETY                                                                    | 2354	 (16484, 45)             | nan       (nan)
	............................................................new week............................................................
	Mirtazapine                                                                | 2355	 (16488, 45)             | nan       (nan)
	............................................................new week............................................................
	Mirtazapine                                                                | 2357	 (16503, 45)             | nan       (nan)
	............................................................new week............................................................
	Mirtazapine                                                                | 2359	 (16516, 45)             | nan       (nan)
	............................................................new week............................................................
	Body_mass_index_3                                                          | 2363	 (16541, 45)             | 24.92     (-0.34)
	O_E___height_1                                                             | 2363	 (16543, 45)             | 164.69    (0.07)
	O_E___weight_2                                                             | 2363	 (16543, 45)             | 67.86     (-0.40)
	............................................................new week............................................................
	Mirtazapine                                                                | 2364	 (16550, 45)             | nan       (nan)
	............................................................new week............................................................
	Mirtazapine                                                                | 2368	 (16578, 45)             | nan       (nan)
	............................................................new week............................................................
	Mirtazapine                                                                | 2371	 (16598, 45)             | nan       (nan)
	............................................................new week............................................................
	Antihistamines_second_generation_H1_antagonists                            | 2381	 (16667, 45)             | nan       (nan)
	............................................................new week............................................................
	Mirtazapine                                                                | 2383	 (16684, 45)             | nan       (nan)
	Mirtazapine                                                                | 2383	 (16687, 45)             | nan       (nan)
	............................................................new week............................................................
	Mirtazapine                                                                | 2384	 (16689, 45)             | nan       (nan)
	............................................................new week............................................................
	Nasal_steroids_optimal                                                     | 2386	 (16707, 45)             | nan       (nan)
	Mirtazapine                                                                | 2386	 (16707, 45)             | nan       (nan)
	............................................................new week............................................................
	Diastolic_blood_pressure_5                                                 | 2390	 (16735, 45)             | 74.92     (-0.36)
	............................................................new week............................................................
	Systolic_blood_pressure_4                                                  | 2391	 (16738, 45)             | 108.90    (-0.29)
	............................................................new week............................................................
	Mirtazapine                                                                | 2393	 (16751, 45)             | nan       (nan)
	............................................................new week............................................................
	Current_smoker_83                                                          | 2395	 (16769, 45)             | 14.52     (-0.32)
	............................................................new week............................................................
	Paracetamol_OPTIMAL                                                        | 2398	 (16788, 45)             | nan       (nan)
	............................................................new week............................................................
	Mirtazapine                                                                | 2400	 (16806, 46)             | nan       (nan)
	............................................................new week............................................................
	Mirtazapine                                                                | 2404	 (16828, 46)             | nan       (nan)
	............................................................new week............................................................
	Mirtazapine                                                                | 2416	 (16912, 46)             | nan       (nan)
	............................................................new week............................................................
	Mirtazapine                                                                | 2417	 (16925, 46)             | nan       (nan)
	............................................................new week............................................................
	Mirtazapine                                                                | 2430	 (17016, 46)             | nan       (nan)
	............................................................new week............................................................
	Mirtazapine                                                                | 2441	 (17087, 46)             | nan       (nan)
	Mirtazapine                                                                | 2441	 (17093, 46)             | nan       (nan)
	............................................................new week............................................................
	Mirtazapine                                                                | 2442	 (17095, 46)             | nan       (nan)
	Mirtazapine                                                                | 2442	 (17096, 46)             | nan       (nan)
	Mirtazapine                                                                | 2442	 (17096, 46)             | nan       (nan)
	Mirtazapine                                                                | 2442	 (17098, 46)             | nan       (nan)
	............................................................new week............................................................
	Mirtazapine                                                                | 2447	 (17131, 46)             | nan       (nan)
	Mirtazapine                                                                | 2447	 (17133, 46)             | nan       (nan)
	phosphodiesterasetype5inhibitor_OPTIMAL                                    | 2447	 (17135, 46)             | nan       (nan)
	............................................................new week............................................................
	Mirtazapine                                                                | 2455	 (17190, 47)             | nan       (nan)
	Mirtazapine                                                                | 2455	 (17190, 47)             | nan       (nan)
	............................................................new week............................................................
	Anticonvulsants_OPTIMAL                                                    | 2464	 (17248, 47)             | nan       (nan)
	Mirtazapine                                                                | 2464	 (17248, 47)             | nan       (nan)
	Mirtazapine                                                                | 2464	 (17250, 47)             | nan       (nan)
	............................................................new week............................................................
	Anticonvulsants_OPTIMAL                                                    | 2468	 (17279, 47)             | nan       (nan)
	Mirtazapine                                                                | 2468	 (17281, 47)             | nan       (nan)
	............................................................new week............................................................
	Mirtazapine                                                                | 2474	 (17323, 47)             | nan       (nan)
	............................................................new week............................................................
	Mirtazapine                                                                | 2479	 (17354, 47)             | nan       (nan)
	............................................................new week............................................................
	Mirtazapine                                                                | 2484	 (17392, 47)             | nan       (nan)
	phosphodiesterasetype5inhibitor_OPTIMAL                                    | 2484	 (17394, 47)             | nan       (nan)
	............................................................new week............................................................
	Mirtazapine                                                                | 2485	 (17400, 47)             | nan       (nan)
	............................................................new week............................................................
	Mirtazapine                                                                | 2490	 (17431, 47)             | nan       (nan)
	............................................................new week............................................................
	Mirtazapine                                                                | 2495	 (17469, 47)             | nan       (nan)
	............................................................new week............................................................
	Mirtazapine                                                                | 2512	 (17588, 48)             | nan       (nan)
	............................................................new week............................................................
	Mirtazapine                                                                | 2514	 (17601, 48)             | nan       (nan)
	............................................................new week............................................................
	Mirtazapine                                                                | 2515	 (17610, 48)             | nan       (nan)
	............................................................new week............................................................
	Mirtazapine                                                                | 2520	 (17646, 48)             | nan       (nan)
	............................................................new week............................................................
	Mirtazapine                                                                | 2522	 (17655, 48)             | nan       (nan)
	............................................................new week............................................................
	Mirtazapine                                                                | 2532	 (17725, 48)             | nan       (nan)
	............................................................new week............................................................
	Mirtazapine                                                                | 2538	 (17772, 48)             | nan       (nan)
	............................................................new week............................................................
	Anticonvulsants_OPTIMAL                                                    | 2541	 (17789, 48)             | nan       (nan)
	............................................................new week............................................................
	Anticonvulsants_OPTIMAL                                                    | 2543	 (17807, 48)             | nan       (nan)
	............................................................new week............................................................
	PropranololAnxiety_mumpredict                                              | 2544	 (17814, 48)             | nan       (nan)
	Mirtazapine                                                                | 2544	 (17814, 48)             | nan       (nan)
	............................................................new week............................................................
	Strong_Opioids_2022_Final                                                  | 2547	 (17829, 48)             | nan       (nan)
	............................................................new week............................................................
	Mirtazapine                                                                | 2548	 (17842, 48)             | nan       (nan)
	............................................................new week............................................................
	Anticonvulsants_OPTIMAL                                                    | 2553	 (17873, 48)             | nan       (nan)
	Mirtazapine                                                                | 2553	 (17875, 48)             | nan       (nan)
	............................................................new week............................................................
	Mirtazapine                                                                | 2558	 (17906, 49)             | nan       (nan)
	Mirtazapine                                                                | 2558	 (17911, 49)             | nan       (nan)
	DEPRESSION                                                                 | 2558	 (17911, 49)             | nan       (nan)
	............................................................new week............................................................
	ANXIETY                                                                    | 2560	 (17924, 49)             | nan       (nan)
	Mirtazapine                                                                | 2560	 (17924, 49)             | nan       (nan)
	............................................................new week............................................................
	Anticonvulsants_OPTIMAL                                                    | 2561	 (17931, 49)             | nan       (nan)
	............................................................new week............................................................
	Mirtazapine                                                                | 2567	 (17973, 49)             | nan       (nan)
	............................................................new week............................................................
	Anticonvulsants_OPTIMAL                                                    | 2573	 (18017, 49)             | nan       (nan)
	............................................................new week............................................................
	Mirtazapine                                                                | 2574	 (18023, 49)             | nan       (nan)
	............................................................new week............................................................
	Mirtazapine                                                                | 2576	 (18034, 49)             | nan       (nan)
	............................................................new week............................................................
	Anticonvulsants_OPTIMAL                                                    | 2577	 (18043, 49)             | nan       (nan)
	Mirtazapine                                                                | 2577	 (18045, 49)             | nan       (nan)
	Pregabalin_Optimal                                                         | 2577	 (18045, 49)             | nan       (nan)
	............................................................new week............................................................
	Anticonvulsants_OPTIMAL                                                    | 2581	 (18067, 49)             | nan       (nan)
	Pregabalin_Optimal                                                         | 2581	 (18068, 49)             | nan       (nan)
	............................................................new week............................................................
	phosphodiesterasetype5inhibitor_OPTIMAL                                    | 2582	 (18076, 49)             | nan       (nan)
	............................................................new week............................................................
	Anticonvulsants_OPTIMAL                                                    | 2586	 (18105, 49)             | nan       (nan)
	Mirtazapine                                                                | 2586	 (18105, 49)             | nan       (nan)
	Pregabalin_Optimal                                                         | 2586	 (18105, 49)             | nan       (nan)
	Mirtazapine                                                                | 2586	 (18105, 49)             | nan       (nan)
	............................................................new week............................................................
	Paracetamol_OPTIMAL                                                        | 2587	 (18112, 49)             | nan       (nan)
	SulfasalazineAURUM_Zhaonan                                                 | 2587	 (18114, 49)             | nan       (nan)
	............................................................new week............................................................
	Anticonvulsants_OPTIMAL                                                    | 2594	 (18162, 49)             | nan       (nan)
	Mirtazapine                                                                | 2594	 (18162, 49)             | nan       (nan)
	Pregabalin_Optimal                                                         | 2594	 (18162, 49)             | nan       (nan)
	Pregabalin_Optimal                                                         | 2594	 (18162, 49)             | nan       (nan)
	............................................................new week............................................................
	Anticonvulsants_OPTIMAL                                                    | 2599	 (18196, 49)             | nan       (nan)
	Mirtazapine                                                                | 2599	 (18198, 49)             | nan       (nan)
	............................................................new week............................................................
	Anticonvulsants_OPTIMAL                                                    | 2600	 (18200, 49)             | nan       (nan)
	Mirtazapine                                                                | 2600	 (18200, 49)             | nan       (nan)
	Pregabalin_Optimal                                                         | 2600	 (18202, 49)             | nan       (nan)
	Mirtazapine                                                                | 2600	 (18202, 49)             | nan       (nan)
	............................................................new week............................................................
	Anticonvulsants_OPTIMAL                                                    | 2604	 (18229, 49)             | nan       (nan)
	Pregabalin_Optimal                                                         | 2604	 (18231, 49)             | nan       (nan)
	Anticonvulsants_OPTIMAL                                                    | 2604	 (18231, 49)             | nan       (nan)
	Mirtazapine                                                                | 2604	 (18231, 49)             | nan       (nan)
	............................................................new week............................................................
	Pregabalin_Optimal                                                         | 2605	 (18238, 49)             | nan       (nan)
	............................................................new week............................................................
	Anticonvulsants_OPTIMAL                                                    | 2606	 (18246, 49)             | nan       (nan)
	Mirtazapine                                                                | 2606	 (18246, 49)             | nan       (nan)
	Pregabalin_Optimal                                                         | 2606	 (18247, 49)             | nan       (nan)
	............................................................new week............................................................
	Anticonvulsants_OPTIMAL                                                    | 2613	 (18293, 50)             | nan       (nan)
	............................................................new week............................................................
	Mirtazapine                                                                | 2614	 (18300, 50)             | nan       (nan)
	............................................................new week............................................................
	Anticonvulsants_OPTIMAL                                                    | 2616	 (18313, 50)             | nan       (nan)
	Mirtazapine                                                                | 2616	 (18313, 50)             | nan       (nan)
	Pregabalin_Optimal                                                         | 2616	 (18313, 50)             | nan       (nan)
