STATIC INFORMATION
========================================================================================================================
	SEX:               F
	IMD:               5.0
	ETHNICITY:         WHITE
	birth_year:        1976.0


GIVEN PATIENT CONTEXT
========================================================================================================================
	EVENT                                                                     | AGE IN WEEKS (days, years)   | VALUE
	............................................................new week............................................................
	Body_mass_index_3                                                          | 1227	 (8594, 23)              | 27.00     (-0.32)
	Diastolic_blood_pressure_5                                                 | 1227	 (8594, 23)              | 70.00     (-0.37)
	O_E___height_1                                                             | 1227	 (8594, 23)              | 167.00    (0.08)
	O_E___weight_2                                                             | 1227	 (8594, 23)              | 75.50     (-0.38)
	Systolic_blood_pressure_4                                                  | 1227	 (8594, 23)              | 110.00    (-0.28)
	............................................................new week............................................................
	ATOPICECZEMA                                                               | 1230	 (8615, 23)              | nan       (nan)
	............................................................new week............................................................
	Basophil_count_22                                                          | 1234	 (8638, 23)              | 0.10      (-0.48)
	Eosinophil_count_21                                                        | 1234	 (8638, 23)              | 0.10      (-0.47)
	Erythrocyte_sedimentation_rate_61                                          | 1234	 (8638, 23)              | 5.00      (-0.40)
	Haematocrit___PCV_16                                                       | 1234	 (8638, 23)              | 0.39      (-0.18)
	Haemoglobin_estimation_9                                                   | 1234	 (8638, 23)              | 13.30     (-0.49)
	Lymphocyte_count_20                                                        | 1234	 (8638, 23)              | 2.60      (-0.49)
	Mean_corpusc_Hb_conc__MCHC__14                                             | 1234	 (8638, 23)              | 34.10     (-0.45)
	Mean_corpusc_haemoglobin_MCH__13                                           | 1234	 (8638, 23)              | 32.40     (-0.18)
	Mean_corpuscular_volume__MCV__11                                           | 1234	 (8638, 23)              | 94.80     (-0.15)
	Monocyte_count_23                                                          | 1234	 (8638, 23)              | 0.60      (-0.47)
	Neutrophil_count_19                                                        | 1234	 (8638, 23)              | 3.70      (-0.43)
	Platelet_count_12                                                          | 1234	 (8638, 23)              | 266.13    (-0.50)
	Red_blood_cell__RBC__count_10                                              | 1234	 (8638, 23)              | 4.09      (-0.49)
	Total_white_cell_count_18                                                  | 1234	 (8638, 23)              | 7.10      (-0.50)
	............................................................new week............................................................
	POP_reg_contraceptive                                                      | 1240	 (8680, 23)              | nan       (nan)
	all_contraceptive                                                          | 1240	 (8680, 23)              | nan       (nan)
	............................................................new week............................................................
	Diastolic_blood_pressure_5                                                 | 1250	 (8754, 23)              | 70.00     (-0.37)
	Systolic_blood_pressure_4                                                  | 1250	 (8754, 23)              | 110.00    (-0.28)
	POP_reg_contraceptive                                                      | 1250	 (8754, 23)              | nan       (nan)
	all_contraceptive                                                          | 1250	 (8754, 23)              | nan       (nan)
	............................................................new week............................................................
	Diastolic_blood_pressure_5                                                 | 1274	 (8922, 24)              | 60.00     (-0.39)
	Erythrocyte_sedimentation_rate_61                                          | 1274	 (8922, 24)              | 8.00      (-0.34)
	Mean_corpuscular_volume__MCV__11                                           | 1274	 (8922, 24)              | 96.00     (-0.14)
	Platelet_count_12                                                          | 1274	 (8922, 24)              | 284.91    (-0.50)
	Systolic_blood_pressure_4                                                  | 1274	 (8922, 24)              | 110.00    (-0.28)
	Total_white_cell_count_18                                                  | 1274	 (8922, 24)              | 5.10      (-0.50)
	............................................................new week............................................................
	POP_reg_contraceptive                                                      | 1275	 (8926, 24)              | nan       (nan)
	all_contraceptive                                                          | 1275	 (8926, 24)              | nan       (nan)
	............................................................new week............................................................
	POP_reg_contraceptive                                                      | 1278	 (8948, 24)              | nan       (nan)
	all_contraceptive                                                          | 1278	 (8948, 24)              | nan       (nan)
	............................................................new week............................................................
	Corrected_serum_calcium_level_42                                           | 1280	 (8961, 24)              | 2.23      (-0.28)
	Eosinophil_count_21                                                        | 1280	 (8961, 24)              | 0.10      (-0.47)
	Haematocrit___PCV_16                                                       | 1280	 (8961, 24)              | 0.41      (-0.16)
	Haemoglobin_estimation_9                                                   | 1280	 (8961, 24)              | 13.80     (-0.49)
	Lymphocyte_count_20                                                        | 1280	 (8961, 24)              | 2.50      (-0.49)
	Mean_corpusc_Hb_conc__MCHC__14                                             | 1280	 (8961, 24)              | 34.00     (-0.45)
	Mean_corpusc_haemoglobin_MCH__13                                           | 1280	 (8961, 24)              | 32.20     (-0.18)
	Mean_corpuscular_volume__MCV__11                                           | 1280	 (8961, 24)              | 94.60     (-0.15)
	Monocyte_count_23                                                          | 1280	 (8961, 24)              | 0.60      (-0.47)
	Neutrophil_count_19                                                        | 1280	 (8961, 24)              | 4.50      (-0.41)
	Platelet_count_12                                                          | 1280	 (8961, 24)              | 281.93    (-0.50)
	Red_blood_cell__RBC__count_10                                              | 1280	 (8961, 24)              | 4.28      (-0.49)
	Serum_albumin_51                                                           | 1280	 (8961, 24)              | 45.00     (-0.26)
	Serum_alkaline_phosphatase_50                                              | 1280	 (8961, 24)              | 46.00     (-0.50)
	Serum_calcium_39                                                           | 1280	 (8961, 24)              | 2.33      (-0.27)
	Serum_creatinine_31                                                        | 1280	 (8961, 24)              | 61.00     (-0.49)
	Serum_potassium_26                                                         | 1280	 (8961, 24)              | 4.30      (-0.08)
	Serum_sodium_24                                                            | 1280	 (8961, 24)              | 141.00    (-0.04)
	TSH___thyroid_stim_hormone_72                                              | 1280	 (8961, 24)              | 1.75      (-0.49)
	Total_white_cell_count_18                                                  | 1280	 (8961, 24)              | 7.70      (-0.50)
	............................................................new week............................................................
	Diastolic_blood_pressure_5                                                 | 1292	 (9045, 24)              | 80.00     (-0.34)
	Systolic_blood_pressure_4                                                  | 1292	 (9045, 24)              | 110.00    (-0.28)
	............................................................new week............................................................
	POP_reg_contraceptive                                                      | 1305	 (9141, 25)              | nan       (nan)
	all_contraceptive                                                          | 1305	 (9141, 25)              | nan       (nan)
	............................................................new week............................................................
	Body_mass_index_3                                                          | 1310	 (9175, 25)              | 25.00     (-0.34)
	Diastolic_blood_pressure_5                                                 | 1310	 (9175, 25)              | 70.00     (-0.37)
	O_E___weight_2                                                             | 1310	 (9175, 25)              | 70.00     (-0.39)
	Systolic_blood_pressure_4                                                  | 1310	 (9175, 25)              | 110.00    (-0.28)
	POP_reg_contraceptive                                                      | 1310	 (9175, 25)              | nan       (nan)
	all_contraceptive                                                          | 1310	 (9175, 25)              | nan       (nan)
	............................................................new week............................................................
	Weak_Opioids_Final                                                         | 1351	 (9462, 25)              | nan       (nan)
	............................................................new week............................................................
	Body_mass_index_3                                                          | 1374	 (9618, 26)              | 26.00     (-0.33)
	Diastolic_blood_pressure_5                                                 | 1374	 (9618, 26)              | 70.00     (-0.37)
	O_E___weight_2                                                             | 1374	 (9618, 26)              | 72.60     (-0.39)
	Systolic_blood_pressure_4                                                  | 1374	 (9618, 26)              | 114.00    (-0.27)
	............................................................new week............................................................
	Eosinophil_count_21                                                        | 1376	 (9638, 26)              | 0.10      (-0.47)
	Haematocrit_15                                                             | 1376	 (9638, 26)              | 0.37      (-0.13)
	Haemoglobin_estimation_9                                                   | 1376	 (9638, 26)              | 12.90     (-0.49)
	Lymphocyte_count_20                                                        | 1376	 (9638, 26)              | 2.20      (-0.49)
	Mean_corpusc_Hb_conc__MCHC__14                                             | 1376	 (9638, 26)              | 34.90     (-0.45)
	Mean_corpusc_haemoglobin_MCH__13                                           | 1376	 (9638, 26)              | 32.50     (-0.18)
	Mean_corpuscular_volume__MCV__11                                           | 1376	 (9638, 26)              | 92.80     (-0.16)
	Monocyte_count_23                                                          | 1376	 (9638, 26)              | 0.70      (-0.46)
	Neutrophil_count_19                                                        | 1376	 (9638, 26)              | 7.10      (-0.36)
	Platelet_count_12                                                          | 1376	 (9638, 26)              | 264.05    (-0.50)
	Red_blood_cell__RBC__count_10                                              | 1376	 (9638, 26)              | 3.97      (-0.49)
	Total_white_cell_count_18                                                  | 1376	 (9638, 26)              | 10.10     (-0.50)
	............................................................new week............................................................
	Diastolic_blood_pressure_5                                                 | 1385	 (9700, 26)              | 66.00     (-0.38)
	Systolic_blood_pressure_4                                                  | 1385	 (9700, 26)              | 108.00    (-0.29)
	............................................................new week............................................................
	Diastolic_blood_pressure_5                                                 | 1389	 (9724, 26)              | 66.00     (-0.38)
	Systolic_blood_pressure_4                                                  | 1389	 (9724, 26)              | 128.00    (-0.24)
	............................................................new week............................................................
	Diastolic_blood_pressure_5                                                 | 1391	 (9743, 26)              | 52.00     (-0.42)
	Systolic_blood_pressure_4                                                  | 1391	 (9743, 26)              | 79.00     (-0.37)
	............................................................new week............................................................
	Diastolic_blood_pressure_5                                                 | 1397	 (9779, 26)              | 79.00     (-0.34)
	Systolic_blood_pressure_4                                                  | 1397	 (9779, 26)              | 116.00    (-0.27)
	............................................................new week............................................................
	Diastolic_blood_pressure_5                                                 | 1401	 (9807, 26)              | 73.00     (-0.36)
	Systolic_blood_pressure_4                                                  | 1401	 (9807, 26)              | 117.00    (-0.26)
	............................................................new week............................................................
	Diastolic_blood_pressure_5                                                 | 1402	 (9820, 26)              | 80.00     (-0.34)
	Systolic_blood_pressure_4                                                  | 1402	 (9820, 26)              | 126.00    (-0.24)
	............................................................new week............................................................
	Diastolic_blood_pressure_5                                                 | 1403	 (9826, 26)              | 83.00     (-0.33)
	Systolic_blood_pressure_4                                                  | 1403	 (9826, 26)              | 132.00    (-0.22)
	............................................................new week............................................................
	Diastolic_blood_pressure_5                                                 | 1404	 (9834, 26)              | 79.00     (-0.34)
	Systolic_blood_pressure_4                                                  | 1404	 (9834, 26)              | 132.00    (-0.22)
	............................................................new week............................................................
	Eosinophil_count_21                                                        | 1406	 (9842, 26)              | 0.30      (-0.45)
	Haematocrit_15                                                             | 1406	 (9842, 26)              | 0.30      (-0.20)
	Haemoglobin_estimation_9                                                   | 1406	 (9842, 26)              | 10.20     (-0.50)
	Lymphocyte_count_20                                                        | 1406	 (9842, 26)              | 2.20      (-0.49)
	Mean_corpusc_Hb_conc__MCHC__14                                             | 1406	 (9842, 26)              | 34.50     (-0.45)
	Mean_corpusc_haemoglobin_MCH__13                                           | 1406	 (9842, 26)              | 33.60     (-0.17)
	Mean_corpuscular_volume__MCV__11                                           | 1406	 (9842, 26)              | 97.20     (-0.14)
	Monocyte_count_23                                                          | 1406	 (9842, 26)              | 0.40      (-0.48)
	Neutrophil_count_19                                                        | 1406	 (9842, 26)              | 4.00      (-0.42)
	Platelet_count_12                                                          | 1406	 (9842, 26)              | 295.04    (-0.50)
	Red_blood_cell__RBC__count_10                                              | 1406	 (9842, 26)              | 3.04      (-0.49)
	Total_white_cell_count_18                                                  | 1406	 (9842, 26)              | 6.90      (-0.50)
	............................................................new week............................................................
	Diastolic_blood_pressure_5                                                 | 1413	 (9896, 27)              | 70.00     (-0.37)
	Systolic_blood_pressure_4                                                  | 1413	 (9896, 27)              | 110.00    (-0.28)
	POP_reg_contraceptive                                                      | 1413	 (9896, 27)              | nan       (nan)
	all_contraceptive                                                          | 1413	 (9896, 27)              | nan       (nan)
	............................................................new week............................................................
	Weak_Opioids_Final                                                         | 1415	 (9906, 27)              | nan       (nan)
	............................................................new week............................................................
	NSAIDS_oral_OPTIMAL_final                                                  | 1424	 (9974, 27)              | nan       (nan)
	............................................................new week............................................................
	NSAIDS_oral_OPTIMAL_final                                                  | 1426	 (9982, 27)              | nan       (nan)
	............................................................new week............................................................
	POP_reg_contraceptive                                                      | 1433	 (10035, 27)             | nan       (nan)
	all_contraceptive                                                          | 1433	 (10035, 27)             | nan       (nan)
	............................................................new week............................................................
	POP_reg_contraceptive                                                      | 1450	 (10150, 27)             | nan       (nan)
	all_contraceptive                                                          | 1450	 (10150, 27)             | nan       (nan)
	............................................................new week............................................................
	Paracetamol_OPTIMAL                                                        | 1455	 (10189, 27)             | nan       (nan)
	............................................................new week............................................................
	Body_mass_index_3                                                          | 1462	 (10235, 28)             | 25.40     (-0.34)
	Diastolic_blood_pressure_5                                                 | 1462	 (10235, 28)             | 48.00     (-0.43)
	O_E___weight_2                                                             | 1462	 (10235, 28)             | 71.00     (-0.39)
	Systolic_blood_pressure_4                                                  | 1462	 (10235, 28)             | 111.00    (-0.28)
	POP_reg_contraceptive                                                      | 1462	 (10235, 28)             | nan       (nan)
	all_contraceptive                                                          | 1462	 (10235, 28)             | nan       (nan)
	............................................................new week............................................................
	NSAIDS_oral_OPTIMAL_final                                                  | 1469	 (10283, 28)             | nan       (nan)
	Weak_Opioids_Final                                                         | 1469	 (10283, 28)             | nan       (nan)
	............................................................new week............................................................
	Weak_Opioids_Final                                                         | 1475	 (10325, 28)             | nan       (nan)
	............................................................new week............................................................
	POP_reg_contraceptive                                                      | 1479	 (10357, 28)             | nan       (nan)
	Weak_Opioids_Final                                                         | 1479	 (10357, 28)             | nan       (nan)
	all_contraceptive                                                          | 1479	 (10357, 28)             | nan       (nan)
	............................................................new week............................................................
	Body_mass_index_3                                                          | 1487	 (10415, 28)             | 26.40     (-0.33)
	Diastolic_blood_pressure_5                                                 | 1487	 (10415, 28)             | 74.00     (-0.36)
	O_E___weight_2                                                             | 1487	 (10415, 28)             | 73.80     (-0.39)
	Systolic_blood_pressure_4                                                  | 1487	 (10415, 28)             | 112.00    (-0.28)
	............................................................new week............................................................
	Basophil_count_22                                                          | 1491	 (10441, 28)             | 0.00      (-0.49)
	Eosinophil_count_21                                                        | 1491	 (10441, 28)             | 0.10      (-0.47)
	Haematocrit_15                                                             | 1491	 (10441, 28)             | 0.37      (-0.14)
	Haemoglobin_estimation_9                                                   | 1491	 (10441, 28)             | 12.50     (-0.49)
	Lymphocyte_count_20                                                        | 1491	 (10441, 28)             | 2.50      (-0.49)
	Mean_corpusc_Hb_conc__MCHC__14                                             | 1491	 (10441, 28)             | 34.20     (-0.45)
	Mean_corpusc_haemoglobin_MCH__13                                           | 1491	 (10441, 28)             | 32.20     (-0.18)
	Mean_corpuscular_volume__MCV__11                                           | 1491	 (10441, 28)             | 94.00     (-0.15)
	Monocyte_count_23                                                          | 1491	 (10441, 28)             | 0.60      (-0.47)
	Neutrophil_count_19                                                        | 1491	 (10441, 28)             | 6.70      (-0.37)
	Platelet_count_12                                                          | 1491	 (10441, 28)             | 287.00    (-0.50)
	Red_blood_cell__RBC__count_10                                              | 1491	 (10441, 28)             | 3.88      (-0.49)
	Total_white_cell_count_18                                                  | 1491	 (10441, 28)             | 9.80      (-0.50)
	............................................................new week............................................................
	Diastolic_blood_pressure_5                                                 | 1500	 (10501, 28)             | 81.00     (-0.34)
	Systolic_blood_pressure_4                                                  | 1500	 (10501, 28)             | 123.00    (-0.25)
	Weak_Opioids_Final                                                         | 1500	 (10501, 28)             | nan       (nan)
	............................................................new week............................................................
	Diastolic_blood_pressure_5                                                 | 1501	 (10507, 28)             | 70.00     (-0.37)
	Systolic_blood_pressure_4                                                  | 1501	 (10507, 28)             | 116.00    (-0.27)
	............................................................new week............................................................
	Basophil_count_22                                                          | 1506	 (10548, 28)             | 0.10      (-0.48)
	Diastolic_blood_pressure_5                                                 | 1506	 (10548, 28)             | 60.00     (-0.39)
	Eosinophil_count_21                                                        | 1506	 (10548, 28)             | 0.10      (-0.47)
	Haematocrit_15                                                             | 1506	 (10548, 28)             | 0.34      (-0.16)
	Haemoglobin_estimation_9                                                   | 1506	 (10548, 28)             | 11.90     (-0.49)
	Lymphocyte_count_20                                                        | 1506	 (10548, 28)             | 1.70      (-0.49)
	Mean_corpusc_Hb_conc__MCHC__14                                             | 1506	 (10548, 28)             | 35.10     (-0.45)
	Mean_corpusc_haemoglobin_MCH__13                                           | 1506	 (10548, 28)             | 33.60     (-0.17)
	Mean_corpuscular_volume__MCV__11                                           | 1506	 (10548, 28)             | 95.60     (-0.14)
	Monocyte_count_23                                                          | 1506	 (10548, 28)             | 0.50      (-0.47)
	Neutrophil_count_19                                                        | 1506	 (10548, 28)             | 5.70      (-0.39)
	Platelet_count_12                                                          | 1506	 (10548, 28)             | 249.15    (-0.50)
	Red_blood_cell__RBC__count_10                                              | 1506	 (10548, 28)             | 3.53      (-0.49)
	Systolic_blood_pressure_4                                                  | 1506	 (10548, 28)             | 120.00    (-0.26)
	Total_white_cell_count_18                                                  | 1506	 (10548, 28)             | 8.00      (-0.50)
	............................................................new week............................................................
	Body_mass_index_3                                                          | 1511	 (10581, 28)             | 32.20     (-0.28)
	Diastolic_blood_pressure_5                                                 | 1511	 (10581, 28)             | 69.00     (-0.37)
	O_E___weight_2                                                             | 1511	 (10581, 28)             | 90.00     (-0.36)
	Systolic_blood_pressure_4                                                  | 1511	 (10581, 28)             | 111.00    (-0.28)
	............................................................new week............................................................
	Body_mass_index_3                                                          | 1576	 (11036, 30)             | 31.10     (-0.29)
	Diastolic_blood_pressure_5                                                 | 1576	 (11036, 30)             | 80.00     (-0.34)
	Never_smoked_tobacco_85                                                    | 1576	 (11036, 30)             | nan       (nan)
	O_E___weight_2                                                             | 1576	 (11036, 30)             | 87.00     (-0.37)
	Systolic_blood_pressure_4                                                  | 1576	 (11036, 30)             | 116.00    (-0.27)
	POP_reg_contraceptive                                                      | 1576	 (11036, 30)             | nan       (nan)
	all_contraceptive                                                          | 1576	 (11036, 30)             | nan       (nan)
	............................................................new week............................................................
	Body_mass_index_3                                                          | 1635	 (11450, 31)             | 29.40     (-0.30)
	Diastolic_blood_pressure_5                                                 | 1635	 (11450, 31)             | 67.00     (-0.38)
	Never_smoked_tobacco_85                                                    | 1635	 (11450, 31)             | nan       (nan)
	O_E___weight_2                                                             | 1635	 (11450, 31)             | 82.00     (-0.37)
	Systolic_blood_pressure_4                                                  | 1635	 (11450, 31)             | 105.00    (-0.30)
	NSAIDS_oral_OPTIMAL_final                                                  | 1635	 (11450, 31)             | nan       (nan)
	POP_reg_contraceptive                                                      | 1635	 (11450, 31)             | nan       (nan)
	all_contraceptive                                                          | 1635	 (11450, 31)             | nan       (nan)
	............................................................new week............................................................
	Body_mass_index_3                                                          | 1651	 (11562, 31)             | 31.50     (-0.29)
	Diastolic_blood_pressure_5                                                 | 1651	 (11562, 31)             | 73.00     (-0.36)
	Never_smoked_tobacco_85                                                    | 1651	 (11562, 31)             | nan       (nan)
	O_E___weight_2                                                             | 1651	 (11562, 31)             | 88.00     (-0.36)
	Systolic_blood_pressure_4                                                  | 1651	 (11562, 31)             | 130.00    (-0.23)
	POP_reg_contraceptive                                                      | 1651	 (11562, 31)             | nan       (nan)
	all_contraceptive                                                          | 1651	 (11562, 31)             | nan       (nan)
	............................................................new week............................................................
	AST_serum_level_47                                                         | 1662	 (11634, 31)             | 18.00     (-0.50)
	Basophil_count_22                                                          | 1662	 (11634, 31)             | 0.10      (-0.48)
	Eosinophil_count_21                                                        | 1662	 (11634, 31)             | 0.10      (-0.47)
	Erythrocyte_sedimentation_rate_61                                          | 1662	 (11634, 31)             | 23.00     (-0.04)
	GFR_calculated_abbreviated_MDRD_34                                         | 1662	 (11634, 31)             | 60.00     (-0.30)
	Haematocrit_15                                                             | 1662	 (11634, 31)             | 0.38      (-0.12)
	Haemoglobin_estimation_9                                                   | 1662	 (11634, 31)             | 13.50     (-0.49)
	Lymphocyte_count_20                                                        | 1662	 (11634, 31)             | 2.20      (-0.49)
	Mean_corpusc_Hb_conc__MCHC__14                                             | 1662	 (11634, 31)             | 35.50     (-0.45)
	Mean_corpusc_haemoglobin_MCH__13                                           | 1662	 (11634, 31)             | 32.30     (-0.18)
	Mean_corpuscular_volume__MCV__11                                           | 1662	 (11634, 31)             | 91.00     (-0.16)
	Monocyte_count_23                                                          | 1662	 (11634, 31)             | 0.60      (-0.47)
	Neutrophil_count_19                                                        | 1662	 (11634, 31)             | 3.70      (-0.43)
	Platelet_count_12                                                          | 1662	 (11634, 31)             | 307.86    (-0.50)
	Red_blood_cell__RBC__count_10                                              | 1662	 (11634, 31)             | 4.19      (-0.49)
	Serum_TSH_level_71                                                         | 1662	 (11634, 31)             | 0.74      (-0.50)
	Serum_albumin_51                                                           | 1662	 (11634, 31)             | 46.00     (-0.25)
	Serum_alkaline_phosphatase_50                                              | 1662	 (11634, 31)             | 63.00     (-0.50)
	Serum_creatinine_31                                                        | 1662	 (11634, 31)             | 64.00     (-0.49)
	Serum_potassium_26                                                         | 1662	 (11634, 31)             | 5.20      (0.02)
	Serum_sodium_24                                                            | 1662	 (11634, 31)             | 142.00    (-0.03)
	Serum_total_bilirubin_level_56                                             | 1662	 (11634, 31)             | 20.00     (-0.48)
	Serum_urea_level_29                                                        | 1662	 (11634, 31)             | 4.60      (-0.06)
	Total_white_cell_count_18                                                  | 1662	 (11634, 31)             | 6.80      (-0.50)
	............................................................new week............................................................
	PERIPHERAL_NEUROPATHY                                                      | 1665	 (11655, 31)             | nan       (nan)
	............................................................new week............................................................
	POP_reg_contraceptive                                                      | 1668	 (11681, 32)             | nan       (nan)
	all_contraceptive                                                          | 1668	 (11681, 32)             | nan       (nan)
	............................................................new week............................................................
	Basophil_count_22                                                          | 1701	 (11912, 32)             | 0.10      (-0.48)
	Eosinophil_count_21                                                        | 1701	 (11912, 32)             | 0.10      (-0.47)
	Haematocrit_15                                                             | 1701	 (11912, 32)             | 0.36      (-0.14)
	Haemoglobin_estimation_9                                                   | 1701	 (11912, 32)             | 12.90     (-0.49)
	Lymphocyte_count_20                                                        | 1701	 (11912, 32)             | 1.90      (-0.49)
	Mean_corpusc_Hb_conc__MCHC__14                                             | 1701	 (11912, 32)             | 35.70     (-0.45)
	Mean_corpusc_haemoglobin_MCH__13                                           | 1701	 (11912, 32)             | 32.60     (-0.18)
	Mean_corpuscular_volume__MCV__11                                           | 1701	 (11912, 32)             | 91.40     (-0.16)
	Monocyte_count_23                                                          | 1701	 (11912, 32)             | 0.50      (-0.47)
	Neutrophil_count_19                                                        | 1701	 (11912, 32)             | 6.30      (-0.37)
	Platelet_count_12                                                          | 1701	 (11912, 32)             | 230.97    (-0.50)
	Red_blood_cell__RBC__count_10                                              | 1701	 (11912, 32)             | 3.96      (-0.49)
	Red_blood_cell_distribution_width_17                                       | 1701	 (11912, 32)             | nan       (nan)
	Total_white_cell_count_18                                                  | 1701	 (11912, 32)             | 8.90      (-0.50)

========================================================================================================================
DIAGNOSIS SUMMARY
['ATOPICECZEMA', 'PERIPHERAL_NEUROPATHY']
========================================================================================================================


PREDICTED FUTURE EVENTS
========================================================================================================================
	EVENT                                                                     | AGE IN WEEKS (days, years)  | VALUE
	............................................................new week............................................................
	Nasal_steroids_optimal                                                     | 1703	 (11921, 32)             | nan       (nan)
	............................................................new week............................................................
	Amitriptyline_optimal                                                      | 1707	 (11954, 32)             | nan       (nan)
	............................................................new week............................................................
	AST_serum_level_47                                                         | 1709	 (11964, 32)             | 114.29    (-0.50)
	............................................................new week............................................................
	Diastolic_blood_pressure_5                                                 | 1729	 (12107, 33)             | 74.40     (-0.36)
	............................................................new week............................................................
	Diastolic_blood_pressure_5                                                 | 1777	 (12445, 34)             | 76.06     (-0.35)
	............................................................new week............................................................
	Paracetamol_OPTIMAL                                                        | 1783	 (12481, 34)             | nan       (nan)
	............................................................new week............................................................
	Diastolic_blood_pressure_5                                                 | 1793	 (12553, 34)             | 82.56     (-0.34)
	Nasal_steroids_optimal                                                     | 1793	 (12555, 34)             | nan       (nan)
	............................................................new week............................................................
	O_E___weight_2                                                             | 1826	 (12787, 35)             | 83.95     (-0.37)
	............................................................new week............................................................
	Serum_C_reactive_protein_level_59                                          | 1839	 (12878, 35)             | 8.40      (0.15)
	............................................................new week............................................................
	Body_mass_index_3                                                          | 1846	 (12924, 35)             | 32.00     (-0.28)
	............................................................new week............................................................
	Paracetamol_OPTIMAL                                                        | 1847	 (12931, 35)             | nan       (nan)
	............................................................new week............................................................
	Basophil_count_22                                                          | 1852	 (12967, 35)             | 0.04      (-0.49)
	............................................................new week............................................................
	Basophil_count_22                                                          | 1934	 (13543, 37)             | 0.05      (-0.49)
	............................................................new week............................................................
	Body_mass_index_3                                                          | 1948	 (13642, 37)             | 31.68     (-0.29)
	............................................................new week............................................................
	Diastolic_blood_pressure_5                                                 | 1973	 (13817, 37)             | 69.29     (-0.37)
	............................................................new week............................................................
	Body_mass_index_3                                                          | 1980	 (13861, 37)             | 32.48     (-0.28)
	Diastolic_blood_pressure_5                                                 | 1980	 (13861, 37)             | 76.41     (-0.35)
	Never_smoked_tobacco_85                                                    | 1980	 (13864, 37)             | 0.00      (1.32)
	O_E___weight_2                                                             | 1980	 (13866, 37)             | 85.15     (-0.37)
	NSAIDS_oral_OPTIMAL_final                                                  | 1980	 (13866, 37)             | nan       (nan)
	............................................................new week............................................................
	Diastolic_blood_pressure_5                                                 | 2024	 (14171, 38)             | 77.87     (-0.35)
	............................................................new week............................................................
	Systolic_blood_pressure_4                                                  | 2025	 (14175, 38)             | 126.41    (-0.24)
	............................................................new week............................................................
	Body_mass_index_3                                                          | 2076	 (14533, 39)             | 31.45     (-0.29)
	O_E___height_1                                                             | 2076	 (14533, 39)             | 149.05    (0.01)
	O_E___weight_2                                                             | 2076	 (14535, 39)             | 69.80     (-0.39)
	POP_reg_contraceptive                                                      | 2076	 (14537, 39)             | nan       (nan)
	all_contraceptive                                                          | 2076	 (14538, 39)             | nan       (nan)
	............................................................new week............................................................
	Weak_Opioids_Final                                                         | 2160	 (15121, 41)             | nan       (nan)
	............................................................new week............................................................
	SSRIs_Optimal                                                              | 2166	 (15165, 41)             | nan       (nan)
	............................................................new week............................................................
	SSRIs_Optimal                                                              | 2167	 (15172, 41)             | nan       (nan)
	ICS_PUSHAsthma                                                             | 2167	 (15174, 41)             | nan       (nan)
	............................................................new week............................................................
	Weak_Opioids_Final                                                         | 2168	 (15178, 41)             | nan       (nan)
	............................................................new week............................................................
	SSRIs_Optimal                                                              | 2169	 (15189, 41)             | nan       (nan)
	............................................................new week............................................................
	Weak_Opioids_Final                                                         | 2172	 (15207, 41)             | nan       (nan)
	............................................................new week............................................................
	Weak_Opioids_Final                                                         | 2185	 (15300, 41)             | nan       (nan)
	............................................................new week............................................................
	Weak_Opioids_Final                                                         | 2187	 (15313, 41)             | nan       (nan)
	............................................................new week............................................................
	Weak_Opioids_Final                                                         | 2201	 (15412, 42)             | nan       (nan)
	............................................................new week............................................................
	Amitriptyline_optimal                                                      | 2209	 (15463, 42)             | nan       (nan)
	NSAIDS_oral_OPTIMAL_final                                                  | 2209	 (15463, 42)             | nan       (nan)
	Tricyclic_Antidepressants_final                                            | 2209	 (15463, 42)             | nan       (nan)
	............................................................new week............................................................
	NSAIDS_oral_OPTIMAL_final                                                  | 2217	 (15523, 42)             | nan       (nan)
	Amitriptyline_optimal                                                      | 2217	 (15523, 42)             | nan       (nan)
	Tricyclic_Antidepressants_final                                            | 2217	 (15523, 42)             | nan       (nan)
	............................................................new week............................................................
	Weak_Opioids_Final                                                         | 2218	 (15530, 42)             | nan       (nan)
	............................................................new week............................................................
	Body_mass_index_3                                                          | 2220	 (15543, 42)             | 29.43     (-0.30)
	O_E___height_1                                                             | 2220	 (15543, 42)             | 142.14    (-0.02)
	O_E___weight_2                                                             | 2220	 (15543, 42)             | 69.69     (-0.39)
	............................................................new week............................................................
	ALCOHOLMISUSE_V2                                                           | 2221	 (15552, 42)             | nan       (nan)
	............................................................new week............................................................
	Strong_Opioids_2022_Final                                                  | 2226	 (15587, 42)             | nan       (nan)
