STATIC INFORMATION
========================================================================================================================
	SEX:               M
	IMD:               5.0
	ETHNICITY:         WHITE
	birth_year:        1948.0


GIVEN PATIENT CONTEXT
========================================================================================================================
	EVENT                                                                     | AGE IN WEEKS (days, years)   | VALUE
	............................................................new week............................................................
	Neutrophil_count_19                                                        | 2887	 (20209, 55)             | 3.70      (-0.43)
	Platelet_count_12                                                          | 2887	 (20209, 55)             | 235.14    (-0.50)
	Red_blood_cell__RBC__count_10                                              | 2887	 (20209, 55)             | 4.77      (-0.49)
	Serum_HDL_cholesterol_level_100                                            | 2887	 (20209, 55)             | 0.90      (-0.27)
	Serum_LDL_cholesterol_level_102                                            | 2887	 (20209, 55)             | nan       (nan)
	Serum_TSH_level_71                                                         | 2887	 (20209, 55)             | 4.43      (-0.49)
	Serum_albumin_51                                                           | 2887	 (20209, 55)             | 46.00     (-0.25)
	Serum_alkaline_phosphatase_50                                              | 2887	 (20209, 55)             | 96.00     (-0.50)
	Serum_cholesterol_97                                                       | 2887	 (20209, 55)             | 6.10      (-0.41)
	Serum_creatinine_31                                                        | 2887	 (20209, 55)             | 88.00     (-0.49)
	Serum_free_T4_level_75                                                     | 2887	 (20209, 55)             | 12.90     (-0.50)
	Serum_potassium_26                                                         | 2887	 (20209, 55)             | 4.80      (-0.03)
	Serum_sodium_24                                                            | 2887	 (20209, 55)             | 146.00    (0.01)
	Serum_total_bilirubin_level_56                                             | 2887	 (20209, 55)             | 7.00      (-0.49)
	Serum_triglycerides_105                                                    | 2887	 (20209, 55)             | 4.80      (-0.45)
	Serum_urea_level_29                                                        | 2887	 (20209, 55)             | 4.30      (-0.09)
	Total_cholesterol_HDL_ratio_95                                             | 2887	 (20209, 55)             | 6.80      (-0.48)
	Total_white_cell_count_18                                                  | 2887	 (20209, 55)             | 6.60      (-0.50)
	............................................................new week............................................................
	TSH_level_74                                                               | 2889	 (20227, 55)             | nan       (nan)
	............................................................new week............................................................
	Body_mass_index_3                                                          | 2891	 (20241, 55)             | 32.40     (-0.28)
	Diastolic_blood_pressure_5                                                 | 2891	 (20241, 55)             | 85.00     (-0.33)
	Never_smoked_tobacco_85                                                    | 2891	 (20241, 55)             | nan       (nan)
	O_E___height_1                                                             | 2891	 (20241, 55)             | 180.00    (0.13)
	O_E___weight_2                                                             | 2891	 (20241, 55)             | 105.00    (-0.34)
	Systolic_blood_pressure_4                                                  | 2891	 (20241, 55)             | 131.00    (-0.23)
	............................................................new week............................................................
	AST_serum_level_47                                                         | 2900	 (20304, 55)             | 21.00     (-0.50)
	Body_mass_index_3                                                          | 2900	 (20304, 55)             | 30.70     (-0.29)
	Eosinophil_count_21                                                        | 2900	 (20304, 55)             | 0.10      (-0.47)
	Haematocrit_15                                                             | 2900	 (20304, 55)             | 0.46      (-0.04)
	Haemoglobin_A1c_level_8                                                    | 2900	 (20304, 55)             | 5.00      (-0.50)
	Haemoglobin_estimation_9                                                   | 2900	 (20304, 55)             | 15.70     (-0.48)
	Lymphocyte_count_20                                                        | 2900	 (20304, 55)             | 1.80      (-0.49)
	Mean_corpusc_Hb_conc__MCHC__14                                             | 2900	 (20304, 55)             | 34.40     (-0.45)
	Mean_corpusc_haemoglobin_MCH__13                                           | 2900	 (20304, 55)             | 31.80     (-0.19)
	Mean_corpuscular_volume__MCV__11                                           | 2900	 (20304, 55)             | 92.40     (-0.16)
	Monocyte_count_23                                                          | 2900	 (20304, 55)             | 0.20      (-0.49)
	Neutrophil_count_19                                                        | 2900	 (20304, 55)             | 4.20      (-0.42)
	O_E___weight_2                                                             | 2900	 (20304, 55)             | 99.50     (-0.35)
	Platelet_count_12                                                          | 2900	 (20304, 55)             | 239.91    (-0.50)
	Red_blood_cell__RBC__count_10                                              | 2900	 (20304, 55)             | 4.95      (-0.49)
	Serum_HDL_cholesterol_level_100                                            | 2900	 (20304, 55)             | 1.00      (-0.24)
	Serum_LDL_cholesterol_level_102                                            | 2900	 (20304, 55)             | 3.80      (-0.37)
	Serum_TSH_level_71                                                         | 2900	 (20304, 55)             | 4.57      (-0.49)
	Serum_albumin_51                                                           | 2900	 (20304, 55)             | 49.00     (-0.24)
	Serum_alkaline_phosphatase_50                                              | 2900	 (20304, 55)             | 95.00     (-0.50)
	Serum_cholesterol_97                                                       | 2900	 (20304, 55)             | 6.30      (-0.41)
	Serum_creatinine_31                                                        | 2900	 (20304, 55)             | 98.00     (-0.49)
	Serum_free_T4_level_75                                                     | 2900	 (20304, 55)             | 14.70     (-0.50)
	Serum_potassium_26                                                         | 2900	 (20304, 55)             | 4.40      (-0.07)
	Serum_sodium_24                                                            | 2900	 (20304, 55)             | 146.00    (0.01)
	Serum_total_bilirubin_level_56                                             | 2900	 (20304, 55)             | 10.00     (-0.49)
	Serum_triglycerides_105                                                    | 2900	 (20304, 55)             | 3.30      (-0.47)
	Serum_urea_level_29                                                        | 2900	 (20304, 55)             | 4.90      (-0.03)
	Total_cholesterol_HDL_ratio_95                                             | 2900	 (20304, 55)             | 6.30      (-0.48)
	Total_white_cell_count_18                                                  | 2900	 (20304, 55)             | 6.30      (-0.50)
	............................................................new week............................................................
	Diastolic_blood_pressure_5                                                 | 2903	 (20327, 55)             | 74.00     (-0.36)
	Haemoglobin_A1c_level_8                                                    | 2903	 (20327, 55)             | nan       (nan)
	Serum_HDL_cholesterol_level_100                                            | 2903	 (20327, 55)             | 1.00      (-0.24)
	Serum_LDL_cholesterol_level_102                                            | 2903	 (20327, 55)             | 4.20      (-0.36)
	Serum_cholesterol_97                                                       | 2903	 (20327, 55)             | 2.70      (-0.48)
	Systolic_blood_pressure_4                                                  | 2903	 (20327, 55)             | 110.00    (-0.28)
	TYPE2DIABETES                                                              | 2903	 (20327, 55)             | nan       (nan)
	............................................................new week............................................................
	Body_mass_index_3                                                          | 2904	 (20332, 55)             | 30.80     (-0.29)
	Diastolic_blood_pressure_5                                                 | 2904	 (20332, 55)             | 88.00     (-0.32)
	O_E___weight_2                                                             | 2904	 (20332, 55)             | 100.00    (-0.35)
	Systolic_blood_pressure_4                                                  | 2904	 (20332, 55)             | 155.00    (-0.16)
	Lipid_lowering_drugs_Optimal                                               | 2904	 (20332, 55)             | nan       (nan)
	NSAIDS_oral_OPTIMAL_final                                                  | 2904	 (20332, 55)             | nan       (nan)
	Statins                                                                    | 2904	 (20332, 55)             | nan       (nan)
	............................................................new week............................................................
	Lipid_lowering_drugs_Optimal                                               | 2906	 (20346, 55)             | nan       (nan)
	NSAIDS_oral_OPTIMAL_final                                                  | 2906	 (20346, 55)             | nan       (nan)
	Statins                                                                    | 2906	 (20346, 55)             | nan       (nan)
	............................................................new week............................................................
	Body_mass_index_3                                                          | 2908	 (20361, 55)             | 30.00     (-0.30)
	Diastolic_blood_pressure_5                                                 | 2908	 (20361, 55)             | 77.00     (-0.35)
	O_E___weight_2                                                             | 2908	 (20361, 55)             | 97.50     (-0.35)
	Systolic_blood_pressure_4                                                  | 2908	 (20361, 55)             | 122.00    (-0.25)
	............................................................new week............................................................
	NSAIDS_oral_OPTIMAL_final                                                  | 2910	 (20371, 55)             | nan       (nan)
	............................................................new week............................................................
	Lipid_lowering_drugs_Optimal                                               | 2911	 (20382, 55)             | nan       (nan)
	Statins                                                                    | 2911	 (20382, 55)             | nan       (nan)
	............................................................new week............................................................
	NSAIDS_oral_OPTIMAL_final                                                  | 2913	 (20395, 55)             | nan       (nan)
	............................................................new week............................................................
	Serum_TSH_level_71                                                         | 2914	 (20402, 55)             | 4.60      (-0.49)
	Serum_free_T4_level_75                                                     | 2914	 (20402, 55)             | 15.00     (-0.50)
	............................................................new week............................................................
	NSAIDS_oral_OPTIMAL_final                                                  | 2915	 (20410, 55)             | nan       (nan)
	............................................................new week............................................................
	NSAIDS_oral_OPTIMAL_final                                                  | 2919	 (20437, 55)             | nan       (nan)
	............................................................new week............................................................
	NSAIDS_oral_OPTIMAL_final                                                  | 2923	 (20466, 56)             | nan       (nan)
	............................................................new week............................................................
	NSAIDS_oral_OPTIMAL_final                                                  | 2927	 (20490, 56)             | nan       (nan)
	............................................................new week............................................................
	NSAIDS_oral_OPTIMAL_final                                                  | 2929	 (20507, 56)             | nan       (nan)
	............................................................new week............................................................
	NSAIDS_oral_OPTIMAL_final                                                  | 2931	 (20522, 56)             | nan       (nan)
	............................................................new week............................................................
	NSAIDS_oral_OPTIMAL_final                                                  | 2936	 (20556, 56)             | nan       (nan)
	............................................................new week............................................................
	Diastolic_blood_pressure_5                                                 | 2938	 (20572, 56)             | 99.00     (-0.29)
	Never_smoked_tobacco_85                                                    | 2938	 (20572, 56)             | nan       (nan)
	Systolic_blood_pressure_4                                                  | 2938	 (20572, 56)             | 150.00    (-0.18)
	............................................................new week............................................................
	NSAIDS_oral_OPTIMAL_final                                                  | 2945	 (20621, 56)             | nan       (nan)
	............................................................new week............................................................
	NSAIDS_oral_OPTIMAL_final                                                  | 2950	 (20654, 56)             | nan       (nan)
	............................................................new week............................................................
	NSAIDS_oral_OPTIMAL_final                                                  | 2956	 (20693, 56)             | nan       (nan)
	............................................................new week............................................................
	NSAIDS_oral_OPTIMAL_final                                                  | 2958	 (20712, 56)             | nan       (nan)
	............................................................new week............................................................
	NSAIDS_oral_OPTIMAL_final                                                  | 2963	 (20747, 56)             | nan       (nan)
	............................................................new week............................................................
	NSAIDS_oral_OPTIMAL_final                                                  | 2967	 (20775, 56)             | nan       (nan)
	NSAIDS_oral_OPTIMAL_final                                                  | 2967	 (20775, 56)             | nan       (nan)
	............................................................new week............................................................
	NSAIDS_oral_OPTIMAL_final                                                  | 2971	 (20801, 56)             | nan       (nan)
	............................................................new week............................................................
	NSAIDS_oral_OPTIMAL_final                                                  | 2975	 (20830, 57)             | nan       (nan)
	............................................................new week............................................................
	NSAIDS_oral_OPTIMAL_final                                                  | 2979	 (20858, 57)             | nan       (nan)
	............................................................new week............................................................
	NSAIDS_oral_OPTIMAL_final                                                  | 2983	 (20887, 57)             | nan       (nan)
	............................................................new week............................................................
	Diastolic_blood_pressure_5                                                 | 2985	 (20899, 57)             | 77.00     (-0.35)
	Systolic_blood_pressure_4                                                  | 2985	 (20899, 57)             | 137.00    (-0.21)
	NSAIDS_oral_OPTIMAL_final                                                  | 2985	 (20899, 57)             | nan       (nan)
	............................................................new week............................................................
	AST_serum_level_47                                                         | 2989	 (20923, 57)             | 23.00     (-0.50)
	Basophil_count_22                                                          | 2989	 (20923, 57)             | 0.10      (-0.48)
	Eosinophil_count_21                                                        | 2989	 (20923, 57)             | 0.20      (-0.46)
	Haematocrit_15                                                             | 2989	 (20923, 57)             | 0.44      (-0.06)
	Haemoglobin_estimation_9                                                   | 2989	 (20923, 57)             | 15.60     (-0.48)
	Lymphocyte_count_20                                                        | 2989	 (20923, 57)             | 2.60      (-0.49)
	Mean_corpusc_Hb_conc__MCHC__14                                             | 2989	 (20923, 57)             | 35.20     (-0.45)
	Mean_corpusc_haemoglobin_MCH__13                                           | 2989	 (20923, 57)             | 33.30     (-0.17)
	Mean_corpuscular_volume__MCV__11                                           | 2989	 (20923, 57)             | 94.50     (-0.15)
	Monocyte_count_23                                                          | 2989	 (20923, 57)             | 0.40      (-0.48)
	Neutrophil_count_19                                                        | 2989	 (20923, 57)             | 3.90      (-0.42)
	Platelet_count_12                                                          | 2989	 (20923, 57)             | 231.86    (-0.50)
	Red_blood_cell__RBC__count_10                                              | 2989	 (20923, 57)             | 4.68      (-0.49)
	Serum_HDL_cholesterol_level_100                                            | 2989	 (20923, 57)             | 1.10      (-0.22)
	Serum_LDL_cholesterol_level_102                                            | 2989	 (20923, 57)             | 3.50      (-0.38)
	Serum_TSH_level_71                                                         | 2989	 (20923, 57)             | 4.31      (-0.49)
	Serum_albumin_51                                                           | 2989	 (20923, 57)             | 46.00     (-0.25)
	Serum_alkaline_phosphatase_50                                              | 2989	 (20923, 57)             | 79.00     (-0.50)
	Serum_cholesterol_97                                                       | 2989	 (20923, 57)             | 6.10      (-0.41)
	Serum_creatinine_31                                                        | 2989	 (20923, 57)             | 93.00     (-0.49)
	Serum_free_T4_level_75                                                     | 2989	 (20923, 57)             | 13.90     (-0.50)
	Serum_potassium_26                                                         | 2989	 (20923, 57)             | 4.80      (-0.03)
	Serum_sodium_24                                                            | 2989	 (20923, 57)             | 141.00    (-0.04)
	Serum_total_bilirubin_level_56                                             | 2989	 (20923, 57)             | 9.00      (-0.49)
	Serum_triglycerides_105                                                    | 2989	 (20923, 57)             | 3.40      (-0.47)
	Serum_urea_level_29                                                        | 2989	 (20923, 57)             | 5.60      (0.04)
	Total_cholesterol_HDL_ratio_95                                             | 2989	 (20923, 57)             | 5.50      (-0.48)
	Total_white_cell_count_18                                                  | 2989	 (20923, 57)             | 7.30      (-0.50)
	NSAIDS_oral_OPTIMAL_final                                                  | 2989	 (20927, 57)             | nan       (nan)
	............................................................new week............................................................
	NSAIDS_oral_OPTIMAL_final                                                  | 2992	 (20945, 57)             | nan       (nan)
	UricAcid_LoweringDrugs_optimal                                             | 2992	 (20945, 57)             | nan       (nan)
	GOUT                                                                       | 2992	 (20945, 57)             | nan       (nan)
	Diastolic_blood_pressure_5                                                 | 2992	 (20950, 57)             | 85.00     (-0.33)
	Never_smoked_tobacco_85                                                    | 2992	 (20950, 57)             | nan       (nan)
	Systolic_blood_pressure_4                                                  | 2992	 (20950, 57)             | 135.00    (-0.22)
	............................................................new week............................................................
	NSAIDS_oral_OPTIMAL_final                                                  | 2995	 (20970, 57)             | nan       (nan)
	............................................................new week............................................................
	NSAIDS_oral_OPTIMAL_final                                                  | 2999	 (20994, 57)             | nan       (nan)
	UricAcid_LoweringDrugs_optimal                                             | 2999	 (20994, 57)             | nan       (nan)
	............................................................new week............................................................
	NSAIDS_oral_OPTIMAL_final                                                  | 3004	 (21029, 57)             | nan       (nan)
	............................................................new week............................................................
	UricAcid_LoweringDrugs_optimal                                             | 3007	 (21049, 57)             | nan       (nan)
	............................................................new week............................................................
	NSAIDS_oral_OPTIMAL_final                                                  | 3008	 (21056, 57)             | nan       (nan)
	............................................................new week............................................................
	NSAIDS_oral_OPTIMAL_final                                                  | 3012	 (21089, 57)             | nan       (nan)
	Body_mass_index_3                                                          | 3012	 (21090, 57)             | 33.00     (-0.28)
	Never_smoked_tobacco_85                                                    | 3012	 (21090, 57)             | nan       (nan)
	O_E___weight_2                                                             | 3012	 (21090, 57)             | 107.00    (-0.34)
	............................................................new week............................................................
	UricAcid_LoweringDrugs_optimal                                             | 3014	 (21102, 57)             | nan       (nan)
	............................................................new week............................................................
	AST_serum_level_47                                                         | 3016	 (21112, 57)             | 25.00     (-0.50)
	Basophil_count_22                                                          | 3016	 (21112, 57)             | 0.10      (-0.48)
	Eosinophil_count_21                                                        | 3016	 (21112, 57)             | 0.20      (-0.46)
	GFR_calculated_abbreviated_MDRD_34                                         | 3016	 (21112, 57)             | 60.00     (-0.30)
	Haematocrit_15                                                             | 3016	 (21112, 57)             | 0.45      (-0.05)
	Haemoglobin_A1c_level_8                                                    | 3016	 (21112, 57)             | 6.10      (-0.50)
	Haemoglobin_estimation_9                                                   | 3016	 (21112, 57)             | 15.60     (-0.48)
	Lymphocyte_count_20                                                        | 3016	 (21112, 57)             | 2.10      (-0.49)
	Mean_corpusc_Hb_conc__MCHC__14                                             | 3016	 (21112, 57)             | 34.60     (-0.45)
	Mean_corpusc_haemoglobin_MCH__13                                           | 3016	 (21112, 57)             | 32.20     (-0.18)
	Mean_corpuscular_volume__MCV__11                                           | 3016	 (21112, 57)             | 93.00     (-0.15)
	Monocyte_count_23                                                          | 3016	 (21112, 57)             | 0.50      (-0.47)
	Neutrophil_count_19                                                        | 3016	 (21112, 57)             | 5.10      (-0.40)
	Platelet_count_12                                                          | 3016	 (21112, 57)             | 256.90    (-0.50)
	Red_blood_cell__RBC__count_10                                              | 3016	 (21112, 57)             | 4.87      (-0.49)
	Red_blood_cell_distribution_width_17                                       | 3016	 (21112, 57)             | nan       (nan)
	Serum_HDL_cholesterol_level_100                                            | 3016	 (21112, 57)             | 1.00      (-0.24)
	Serum_LDL_cholesterol_level_102                                            | 3016	 (21112, 57)             | 3.40      (-0.39)
	Serum_TSH_level_71                                                         | 3016	 (21112, 57)             | 5.37      (-0.49)
	Serum_albumin_51                                                           | 3016	 (21112, 57)             | 46.00     (-0.25)
	Serum_alkaline_phosphatase_50                                              | 3016	 (21112, 57)             | 88.00     (-0.50)
	Serum_cholesterol_97                                                       | 3016	 (21112, 57)             | 5.60      (-0.42)
	Serum_creatinine_31                                                        | 3016	 (21112, 57)             | 108.00    (-0.49)
	Serum_free_T4_level_75                                                     | 3016	 (21112, 57)             | 12.90     (-0.50)
	Serum_potassium_26                                                         | 3016	 (21112, 57)             | 4.60      (-0.05)
	Serum_sodium_24                                                            | 3016	 (21112, 57)             | 139.00    (-0.05)
	Serum_total_bilirubin_level_56                                             | 3016	 (21112, 57)             | 12.00     (-0.49)
	Serum_triglycerides_105                                                    | 3016	 (21112, 57)             | 2.70      (-0.47)
	Serum_urea_level_29                                                        | 3016	 (21112, 57)             | 6.40      (0.12)
	Total_cholesterol_HDL_ratio_95                                             | 3016	 (21112, 57)             | 5.60      (-0.48)
	Total_white_cell_count_18                                                  | 3016	 (21112, 57)             | 7.90      (-0.50)
	............................................................new week............................................................
	NSAIDS_oral_OPTIMAL_final                                                  | 3017	 (21125, 57)             | nan       (nan)
	............................................................new week............................................................
	NSAIDS_oral_OPTIMAL_final                                                  | 3022	 (21158, 57)             | nan       (nan)
	UricAcid_LoweringDrugs_optimal                                             | 3022	 (21158, 57)             | nan       (nan)
	............................................................new week............................................................
	NSAIDS_oral_OPTIMAL_final                                                  | 3027	 (21194, 58)             | nan       (nan)
	............................................................new week............................................................
	UricAcid_LoweringDrugs_optimal                                             | 3030	 (21216, 58)             | nan       (nan)
	............................................................new week............................................................
	NSAIDS_oral_OPTIMAL_final                                                  | 3033	 (21231, 58)             | nan       (nan)
	............................................................new week............................................................
	NSAIDS_oral_OPTIMAL_final                                                  | 3037	 (21264, 58)             | nan       (nan)
	............................................................new week............................................................
	UricAcid_LoweringDrugs_optimal                                             | 3039	 (21279, 58)             | nan       (nan)
	............................................................new week............................................................
	GFR_calculated_abbreviated_MDRD_34                                         | 3041	 (21288, 58)             | 60.00     (-0.30)
	Haemoglobin_A1c_level_8                                                    | 3041	 (21288, 58)             | 5.90      (-0.50)
	Serum_TSH_level_71                                                         | 3041	 (21288, 58)             | 5.58      (-0.49)
	Serum_creatinine_31                                                        | 3041	 (21288, 58)             | 104.00    (-0.49)
	Serum_free_T4_level_75                                                     | 3041	 (21288, 58)             | 13.70     (-0.50)
	Serum_potassium_26                                                         | 3041	 (21288, 58)             | 4.80      (-0.03)
	Serum_sodium_24                                                            | 3041	 (21288, 58)             | 144.00    (-0.01)
	Serum_urea_level_29                                                        | 3041	 (21288, 58)             | 5.70      (0.05)
	............................................................new week............................................................
	Diastolic_blood_pressure_5                                                 | 3042	 (21294, 58)             | 87.00     (-0.32)
	Systolic_blood_pressure_4                                                  | 3042	 (21294, 58)             | 166.00    (-0.13)
	Levothyroxine_                                                             | 3042	 (21294, 58)             | nan       (nan)
	NSAIDS_oral_OPTIMAL_final                                                  | 3042	 (21294, 58)             | nan       (nan)
	HYPOTHYROIDISM_DRAFT_V1                                                    | 3042	 (21294, 58)             | nan       (nan)
	............................................................new week............................................................
	UricAcid_LoweringDrugs_optimal                                             | 3047	 (21330, 58)             | nan       (nan)
	............................................................new week............................................................
	Levothyroxine_                                                             | 3049	 (21344, 58)             | nan       (nan)
	............................................................new week............................................................
	NSAIDS_oral_OPTIMAL_final                                                  | 3052	 (21368, 58)             | nan       (nan)
	............................................................new week............................................................
	UricAcid_LoweringDrugs_optimal                                             | 3055	 (21386, 58)             | nan       (nan)
	............................................................new week............................................................
	Levothyroxine_                                                             | 3058	 (21410, 58)             | nan       (nan)
	............................................................new week............................................................
	NSAIDS_oral_OPTIMAL_final                                                  | 3059	 (21419, 58)             | nan       (nan)
	............................................................new week............................................................
	NSAIDS_oral_OPTIMAL_final                                                  | 3061	 (21431, 58)             | nan       (nan)
	............................................................new week............................................................
	UricAcid_LoweringDrugs_optimal                                             | 3063	 (21445, 58)             | nan       (nan)
	............................................................new week............................................................
	Levothyroxine_                                                             | 3066	 (21466, 58)             | nan       (nan)
	............................................................new week............................................................
	NSAIDS_oral_OPTIMAL_final                                                  | 3067	 (21470, 58)             | nan       (nan)
	............................................................new week............................................................
	Levothyroxine_                                                             | 3068	 (21481, 58)             | nan       (nan)
	............................................................new week............................................................
	NSAIDS_oral_OPTIMAL_final                                                  | 3070	 (21494, 58)             | nan       (nan)
	UricAcid_LoweringDrugs_optimal                                             | 3070	 (21494, 58)             | nan       (nan)
	Weak_Opioids_Final                                                         | 3070	 (21494, 58)             | nan       (nan)
	............................................................new week............................................................
	NSAIDS_oral_OPTIMAL_final                                                  | 3075	 (21529, 58)             | nan       (nan)
	............................................................new week............................................................
	AST_serum_level_47                                                         | 3076	 (21533, 58)             | 25.00     (-0.50)
	Basophil_count_22                                                          | 3076	 (21533, 58)             | 0.10      (-0.48)
	Eosinophil_count_21                                                        | 3076	 (21533, 58)             | 0.10      (-0.47)
	GFR_calculated_abbreviated_MDRD_34                                         | 3076	 (21533, 58)             | 60.00     (-0.30)
	Haematocrit_15                                                             | 3076	 (21533, 58)             | 0.45      (-0.05)
	Haemoglobin_A1c_level_8                                                    | 3076	 (21533, 58)             | 7.00      (-0.49)
	Haemoglobin_estimation_9                                                   | 3076	 (21533, 58)             | 16.10     (-0.48)
	Lymphocyte_count_20                                                        | 3076	 (21533, 58)             | 2.30      (-0.49)
	Mean_corpusc_Hb_conc__MCHC__14                                             | 3076	 (21533, 58)             | 35.70     (-0.45)
	Mean_corpusc_haemoglobin_MCH__13                                           | 3076	 (21533, 58)             | 33.20     (-0.17)
	Mean_corpuscular_volume__MCV__11                                           | 3076	 (21533, 58)             | 93.20     (-0.15)
	Monocyte_count_23                                                          | 3076	 (21533, 58)             | 0.30      (-0.48)
	Neutrophil_count_19                                                        | 3076	 (21533, 58)             | 3.90      (-0.42)
	Platelet_count_12                                                          | 3076	 (21533, 58)             | 258.98    (-0.50)
	Red_blood_cell__RBC__count_10                                              | 3076	 (21533, 58)             | 4.84      (-0.49)
	Red_blood_cell_distribution_width_17                                       | 3076	 (21533, 58)             | nan       (nan)
	Serum_HDL_cholesterol_level_100                                            | 3076	 (21533, 58)             | 1.10      (-0.22)
	Serum_LDL_cholesterol_level_102                                            | 3076	 (21533, 58)             | nan       (nan)
	Serum_TSH_level_71                                                         | 3076	 (21533, 58)             | 4.01      (-0.49)
	Serum_albumin_51                                                           | 3076	 (21533, 58)             | 47.00     (-0.25)
	Serum_alkaline_phosphatase_50                                              | 3076	 (21533, 58)             | 86.00     (-0.50)
	Serum_cholesterol_97                                                       | 3076	 (21533, 58)             | 6.00      (-0.41)
	Serum_creatinine_31                                                        | 3076	 (21533, 58)             | 103.00    (-0.49)
	Serum_potassium_26                                                         | 3076	 (21533, 58)             | 4.90      (-0.02)
	Serum_sodium_24                                                            | 3076	 (21533, 58)             | 143.00    (-0.02)
	Serum_total_bilirubin_level_56                                             | 3076	 (21533, 58)             | 9.00      (-0.49)
	Serum_triglycerides_105                                                    | 3076	 (21533, 58)             | 4.70      (-0.45)
	Serum_urea_level_29                                                        | 3076	 (21533, 58)             | 6.80      (0.16)
	Total_cholesterol_HDL_ratio_95                                             | 3076	 (21533, 58)             | 5.50      (-0.48)
	Total_white_cell_count_18                                                  | 3076	 (21533, 58)             | 6.80      (-0.50)
	............................................................new week............................................................
	UricAcid_LoweringDrugs_optimal                                             | 3079	 (21558, 59)             | nan       (nan)
	............................................................new week............................................................
	Levothyroxine_                                                             | 3083	 (21582, 59)             | nan       (nan)
	NSAIDS_oral_OPTIMAL_final                                                  | 3083	 (21582, 59)             | nan       (nan)
	............................................................new week............................................................
	Levothyroxine_                                                             | 3085	 (21600, 59)             | nan       (nan)
	NSAIDS_oral_OPTIMAL_final                                                  | 3085	 (21600, 59)             | nan       (nan)
	UricAcid_LoweringDrugs_optimal                                             | 3085	 (21600, 59)             | nan       (nan)
	Weak_Opioids_Final                                                         | 3085	 (21600, 59)             | nan       (nan)

========================================================================================================================
DIAGNOSIS SUMMARY
['TYPE2DIABETES', 'GOUT', 'HYPOTHYROIDISM_DRAFT_V1']
========================================================================================================================


PREDICTED FUTURE EVENTS
========================================================================================================================
	EVENT                                                                     | AGE IN WEEKS (days, years)  | VALUE
	............................................................new week............................................................
	Weak_Opioids_Final                                                         | 3092	 (21645, 59)             | nan       (nan)
	NSAIDS_oral_OPTIMAL_final                                                  | 3092	 (21649, 59)             | nan       (nan)
	............................................................new week............................................................
	UricAcid_LoweringDrugs_optimal                                             | 3093	 (21651, 59)             | nan       (nan)
	............................................................new week............................................................
	NSAIDS_oral_OPTIMAL_final                                                  | 3095	 (21669, 59)             | nan       (nan)
	............................................................new week............................................................
	Weak_Opioids_Final                                                         | 3096	 (21673, 59)             | nan       (nan)
	NSAIDS_oral_OPTIMAL_final                                                  | 3096	 (21674, 59)             | nan       (nan)
	............................................................new week............................................................
	Levothyroxine_                                                             | 3113	 (21791, 59)             | nan       (nan)
	UricAcid_LoweringDrugs_optimal                                             | 3113	 (21791, 59)             | nan       (nan)
	............................................................new week............................................................
	Body_mass_index_3                                                          | 3117	 (21824, 59)             | 32.05     (-0.28)
	............................................................new week............................................................
	Diastolic_blood_pressure_5                                                 | 3118	 (21828, 59)             | 78.00     (-0.35)
	Never_smoked_tobacco_85                                                    | 3118	 (21828, 59)             | 0.00      (-2.00)
	Warfarin_                                                                  | 3118	 (21828, 59)             | nan       (nan)
	Diastolic_blood_pressure_5                                                 | 3118	 (21828, 59)             | 61.59     (-0.39)
	Systolic_blood_pressure_4                                                  | 3118	 (21828, 59)             | 114.76    (-0.27)
	Systolic_blood_pressure_4                                                  | 3118	 (21828, 59)             | 126.61    (-0.24)
	............................................................new week............................................................
	Levothyroxine_                                                             | 3120	 (21844, 59)             | nan       (nan)
	............................................................new week............................................................
	UricAcid_LoweringDrugs_optimal                                             | 3121	 (21853, 59)             | nan       (nan)
	............................................................new week............................................................
	Levothyroxine_                                                             | 3130	 (21912, 60)             | nan       (nan)
	............................................................new week............................................................
	UricAcid_LoweringDrugs_optimal                                             | 3131	 (21921, 60)             | nan       (nan)
	............................................................new week............................................................
	UricAcid_LoweringDrugs_optimal                                             | 3136	 (21954, 60)             | nan       (nan)
	............................................................new week............................................................
	Never_smoked_tobacco_85                                                    | 3137	 (21961, 60)             | 0.00      (1.87)
	............................................................new week............................................................
	All_Diuretics_D2T                                                          | 3139	 (21978, 60)             | nan       (nan)
	All_Diuretics_ExclLactones_D2T                                             | 3139	 (21979, 60)             | nan       (nan)
	............................................................new week............................................................
	Levothyroxine_                                                             | 3140	 (21983, 60)             | nan       (nan)
	............................................................new week............................................................
	UricAcid_LoweringDrugs_optimal                                             | 3144	 (22009, 60)             | nan       (nan)
	Levothyroxine_                                                             | 3144	 (22012, 60)             | nan       (nan)
	............................................................new week............................................................
	UricAcid_LoweringDrugs_optimal                                             | 3145	 (22020, 60)             | nan       (nan)
	............................................................new week............................................................
	Levothyroxine_                                                             | 3149	 (22049, 60)             | nan       (nan)
	............................................................new week............................................................
	Levothyroxine_                                                             | 3150	 (22056, 60)             | nan       (nan)
	............................................................new week............................................................
	Levothyroxine_                                                             | 3151	 (22058, 60)             | nan       (nan)
	............................................................new week............................................................
	Levothyroxine_                                                             | 3158	 (22107, 60)             | nan       (nan)
	Weak_Opioids_Final                                                         | 3158	 (22109, 60)             | nan       (nan)
	............................................................new week............................................................
	UricAcid_LoweringDrugs_optimal                                             | 3162	 (22138, 60)             | nan       (nan)
	............................................................new week............................................................
	Levothyroxine_                                                             | 3165	 (22160, 60)             | nan       (nan)
	............................................................new week............................................................
	Levothyroxine_                                                             | 3177	 (22243, 60)             | nan       (nan)
	............................................................new week............................................................
	UricAcid_LoweringDrugs_optimal                                             | 3178	 (22250, 60)             | nan       (nan)
	............................................................new week............................................................
	AF                                                                         | 3179	 (22255, 60)             | nan       (nan)
	............................................................new week............................................................
	Basophil_count_22                                                          | 3186	 (22306, 61)             | 0.08      (-0.48)
	Eosinophil_count_21                                                        | 3186	 (22308, 61)             | 0.29      (-0.45)
	Haematocrit_15                                                             | 3186	 (22308, 61)             | 0.44      (-0.06)
	............................................................new week............................................................
	Haemoglobin_estimation_9                                                   | 3187	 (22312, 61)             | 47.37     (-0.37)
	Serum_alkaline_phosphatase_50                                              | 3187	 (22312, 61)             | 7.24      (-0.50)
	Serum_total_bilirubin_level_56                                             | 3187	 (22312, 61)             | -24.43    (-0.53)
	HYPOTHYROIDISM_DRAFT_V1                                                    | 3187	 (22312, 61)             | nan       (nan)
	Levothyroxine_                                                             | 3187	 (22314, 61)             | nan       (nan)
	............................................................new week............................................................
	NSAIDS_oral_OPTIMAL_final                                                  | 3188	 (22316, 61)             | nan       (nan)
	Levothyroxine_                                                             | 3188	 (22317, 61)             | nan       (nan)
	............................................................new week............................................................
	All_Diuretics_D2T                                                          | 3189	 (22323, 61)             | nan       (nan)
	All_Diuretics_ExclLactones_D2T                                             | 3189	 (22323, 61)             | nan       (nan)
	Vitamin_D                                                                  | 3189	 (22325, 61)             | nan       (nan)
