STATIC INFORMATION
========================================================================================================================
	SEX:               M
	IMD:               5.0
	ETHNICITY:         BLACK
	birth_year:        1978.0


GIVEN PATIENT CONTEXT
========================================================================================================================
	EVENT                                                                     | AGE IN WEEKS (days, years)   | VALUE
	............................................................new week............................................................
	ALCOHOLMISUSE_V2                                                           | 1777	 (12445, 34)             | nan       (nan)
	............................................................new week............................................................
	Body_mass_index_3                                                          | 1778	 (12449, 34)             | 25.20     (-0.34)
	Diastolic_blood_pressure_5                                                 | 1778	 (12449, 34)             | 80.00     (-0.34)
	O_E___height_1                                                             | 1778	 (12449, 34)             | 167.00    (0.08)
	O_E___weight_2                                                             | 1778	 (12449, 34)             | 70.20     (-0.39)
	Systolic_blood_pressure_4                                                  | 1778	 (12449, 34)             | 142.00    (-0.20)
	............................................................new week............................................................
	Nasal_steroids_optimal                                                     | 1814	 (12701, 34)             | nan       (nan)
	............................................................new week............................................................
	Nasal_steroids_optimal                                                     | 1820	 (12745, 34)             | nan       (nan)
	............................................................new week............................................................
	GFR_calculated_abbreviated_MDRD_34                                         | 1830	 (12816, 35)             | nan       (nan)
	Haemoglobin_estimation_9                                                   | 1830	 (12816, 35)             | 143.00    (-0.04)
	Lymphocyte_count_20                                                        | 1830	 (12816, 35)             | 0.90      (-0.50)
	Mean_corpusc_Hb_conc__MCHC__14                                             | 1830	 (12816, 35)             | 322.00    (0.14)
	Mean_corpusc_haemoglobin_MCH__13                                           | 1830	 (12816, 35)             | 30.60     (-0.20)
	Mean_corpuscular_volume__MCV__11                                           | 1830	 (12816, 35)             | 95.20     (-0.14)
	Monocyte_count_23                                                          | 1830	 (12816, 35)             | 0.20      (-0.49)
	Neutrophil_count_19                                                        | 1830	 (12816, 35)             | 1.00      (-0.48)
	Platelet_count_12                                                          | 1830	 (12816, 35)             | 258.09    (-0.50)
	Red_blood_cell__RBC__count_10                                              | 1830	 (12816, 35)             | 4.69      (-0.49)
	Red_blood_cell_distribution_width_17                                       | 1830	 (12816, 35)             | 12.80     (-0.47)
	Serum_C_reactive_protein_level_59                                          | 1830	 (12816, 35)             | 4.00      (-0.03)
	Serum_alanine_aminotransferase_level_45                                    | 1830	 (12816, 35)             | 44.00     (-0.50)
	Serum_albumin_51                                                           | 1830	 (12816, 35)             | 42.00     (-0.28)
	Serum_alkaline_phosphatase_50                                              | 1830	 (12816, 35)             | 32.00     (-0.50)
	Serum_bilirubin_level_53                                                   | 1830	 (12816, 35)             | 13.00     (-0.48)
	Serum_creatinine_31                                                        | 1830	 (12816, 35)             | 85.00     (-0.49)
	Serum_gamma_glutamyl_transferase_level_57                                  | 1830	 (12816, 35)             | 38.00     (0.04)
	Serum_potassium_26                                                         | 1830	 (12816, 35)             | 4.10      (-0.10)
	Serum_sodium_24                                                            | 1830	 (12816, 35)             | 139.00    (-0.05)
	Serum_urea_level_29                                                        | 1830	 (12816, 35)             | 6.50      (0.13)
	Total_white_cell_count_18                                                  | 1830	 (12816, 35)             | 2.20      (-0.50)
	............................................................new week............................................................
	Haemoglobin_estimation_9                                                   | 1834	 (12842, 35)             | 148.00    (-0.02)
	Lymphocyte_count_20                                                        | 1834	 (12842, 35)             | 0.90      (-0.50)
	Mean_corpusc_Hb_conc__MCHC__14                                             | 1834	 (12842, 35)             | 317.00    (0.13)
	Mean_corpusc_haemoglobin_MCH__13                                           | 1834	 (12842, 35)             | 30.50     (-0.20)
	Mean_corpuscular_volume__MCV__11                                           | 1834	 (12842, 35)             | 96.30     (-0.14)
	Monocyte_count_23                                                          | 1834	 (12842, 35)             | 0.30      (-0.48)
	Neutrophil_count_19                                                        | 1834	 (12842, 35)             | 1.30      (-0.47)
	Platelet_count_12                                                          | 1834	 (12842, 35)             | 227.99    (-0.50)
	Red_blood_cell__RBC__count_10                                              | 1834	 (12842, 35)             | 4.86      (-0.49)
	Red_blood_cell_distribution_width_17                                       | 1834	 (12842, 35)             | 12.20     (-0.48)
	Total_white_cell_count_18                                                  | 1834	 (12842, 35)             | 2.60      (-0.50)
	............................................................new week............................................................
	Haemoglobin_estimation_9                                                   | 1845	 (12920, 35)             | 151.00    (-0.01)
	Lymphocyte_count_20                                                        | 1845	 (12920, 35)             | 1.20      (-0.49)
	Mean_corpusc_Hb_conc__MCHC__14                                             | 1845	 (12920, 35)             | 322.00    (0.14)
	Mean_corpusc_haemoglobin_MCH__13                                           | 1845	 (12920, 35)             | 30.60     (-0.20)
	Mean_corpuscular_volume__MCV__11                                           | 1845	 (12920, 35)             | 95.00     (-0.15)
	Monocyte_count_23                                                          | 1845	 (12920, 35)             | 0.30      (-0.48)
	Neutrophil_count_19                                                        | 1845	 (12920, 35)             | 1.10      (-0.48)
	Platelet_count_12                                                          | 1845	 (12920, 35)             | 275.08    (-0.50)
	Red_blood_cell__RBC__count_10                                              | 1845	 (12920, 35)             | 4.93      (-0.49)
	Red_blood_cell_distribution_width_17                                       | 1845	 (12920, 35)             | 11.30     (-0.49)
	Total_white_cell_count_18                                                  | 1845	 (12920, 35)             | 2.60      (-0.50)
	............................................................new week............................................................
	Nasal_steroids_optimal                                                     | 1862	 (13039, 35)             | nan       (nan)
	Nasal_steroids_optimal                                                     | 1862	 (13039, 35)             | nan       (nan)
	Nasal_steroids_optimal                                                     | 1862	 (13040, 35)             | nan       (nan)
	............................................................new week............................................................
	Nasal_steroids_optimal                                                     | 1872	 (13110, 35)             | nan       (nan)
	............................................................new week............................................................
	Haemoglobin_estimation_9                                                   | 1895	 (13271, 36)             | 148.00    (-0.02)
	Lymphocyte_count_20                                                        | 1895	 (13271, 36)             | 1.70      (-0.49)
	Mean_corpusc_Hb_conc__MCHC__14                                             | 1895	 (13271, 36)             | 331.00    (0.16)
	Mean_corpusc_haemoglobin_MCH__13                                           | 1895	 (13271, 36)             | 31.20     (-0.19)
	Mean_corpuscular_volume__MCV__11                                           | 1895	 (13271, 36)             | 94.10     (-0.15)
	Monocyte_count_23                                                          | 1895	 (13271, 36)             | 0.40      (-0.48)
	Neutrophil_count_19                                                        | 1895	 (13271, 36)             | 1.40      (-0.47)
	Platelet_count_12                                                          | 1895	 (13271, 36)             | 250.94    (-0.50)
	Red_blood_cell__RBC__count_10                                              | 1895	 (13271, 36)             | 4.74      (-0.49)
	Red_blood_cell_distribution_width_17                                       | 1895	 (13271, 36)             | 11.80     (-0.48)
	Total_white_cell_count_18                                                  | 1895	 (13271, 36)             | 3.50      (-0.50)
	............................................................new week............................................................
	Nasal_steroids_optimal                                                     | 1929	 (13505, 37)             | nan       (nan)
	ALLERGICRHINITISCONJ                                                       | 1929	 (13505, 37)             | nan       (nan)
	............................................................new week............................................................
	Diastolic_blood_pressure_5                                                 | 1982	 (13877, 38)             | 72.00     (-0.36)
	Systolic_blood_pressure_4                                                  | 1982	 (13877, 38)             | 130.00    (-0.23)
	............................................................new week............................................................
	Haemoglobin_estimation_9                                                   | 2003	 (14027, 38)             | 147.00    (-0.03)
	Lymphocyte_count_20                                                        | 2003	 (14027, 38)             | 1.30      (-0.49)
	Mean_corpusc_Hb_conc__MCHC__14                                             | 2003	 (14027, 38)             | 331.00    (0.16)
	Mean_corpusc_haemoglobin_MCH__13                                           | 2003	 (14027, 38)             | 31.10     (-0.20)
	Mean_corpuscular_volume__MCV__11                                           | 2003	 (14027, 38)             | 93.90     (-0.15)
	Monocyte_count_23                                                          | 2003	 (14027, 38)             | 0.50      (-0.47)
	Neutrophil_count_19                                                        | 2003	 (14027, 38)             | 1.20      (-0.48)
	Platelet_count_12                                                          | 2003	 (14027, 38)             | 239.01    (-0.50)
	Red_blood_cell__RBC__count_10                                              | 2003	 (14027, 38)             | 4.73      (-0.49)
	Red_blood_cell_distribution_width_17                                       | 2003	 (14027, 38)             | 12.50     (-0.48)
	Total_white_cell_count_18                                                  | 2003	 (14027, 38)             | 3.10      (-0.50)
	............................................................new week............................................................
	Nasal_steroids_optimal                                                     | 2020	 (14142, 38)             | nan       (nan)
	............................................................new week............................................................
	Body_mass_index_3                                                          | 2033	 (14234, 38)             | 23.60     (-0.35)
	Diastolic_blood_pressure_5                                                 | 2033	 (14234, 38)             | 93.00     (-0.31)
	O_E___height_1                                                             | 2033	 (14234, 38)             | 167.00    (0.08)
	O_E___weight_2                                                             | 2033	 (14234, 38)             | 66.00     (-0.40)
	Systolic_blood_pressure_4                                                  | 2033	 (14234, 38)             | 139.00    (-0.21)
	............................................................new week............................................................
	Calculated_LDL_cholesterol_level_103                                       | 2034	 (14242, 39)             | 2.50      (-0.42)
	GFR_calculated_abbreviated_MDRD_34                                         | 2034	 (14242, 39)             | 60.00     (-0.30)
	Haemoglobin_A1c_level___IFCC_standardised_6                                | 2034	 (14242, 39)             | 29.00     (-0.40)
	Haemoglobin_estimation_9                                                   | 2034	 (14242, 39)             | 143.00    (-0.04)
	Lymphocyte_count_20                                                        | 2034	 (14242, 39)             | 1.20      (-0.49)
	Mean_corpusc_Hb_conc__MCHC__14                                             | 2034	 (14242, 39)             | 335.00    (0.16)
	Mean_corpusc_haemoglobin_MCH__13                                           | 2034	 (14242, 39)             | 31.50     (-0.19)
	Mean_corpuscular_volume__MCV__11                                           | 2034	 (14242, 39)             | 93.90     (-0.15)
	Monocyte_count_23                                                          | 2034	 (14242, 39)             | 0.50      (-0.47)
	Neutrophil_count_19                                                        | 2034	 (14242, 39)             | 1.40      (-0.47)
	Non_HDL_cholesterol_level_108                                              | 2034	 (14242, 39)             | 3.00      (-0.03)
	Platelet_count_12                                                          | 2034	 (14242, 39)             | 262.86    (-0.50)
	Red_blood_cell__RBC__count_10                                              | 2034	 (14242, 39)             | 4.54      (-0.49)
	Red_blood_cell_distribution_width_17                                       | 2034	 (14242, 39)             | 12.30     (-0.48)
	Serum_HDL_cholesterol_level_100                                            | 2034	 (14242, 39)             | 3.08      (0.29)
	Serum_TSH_level_71                                                         | 2034	 (14242, 39)             | 1.15      (-0.50)
	Serum_alanine_aminotransferase_level_45                                    | 2034	 (14242, 39)             | 52.00     (-0.50)
	Serum_albumin_51                                                           | 2034	 (14242, 39)             | 43.00     (-0.27)
	Serum_alkaline_phosphatase_50                                              | 2034	 (14242, 39)             | 50.00     (-0.50)
	Serum_bilirubin_level_53                                                   | 2034	 (14242, 39)             | 17.00     (-0.48)
	Serum_cholesterol_97                                                       | 2034	 (14242, 39)             | 6.10      (-0.41)
	Serum_creatinine_31                                                        | 2034	 (14242, 39)             | 88.00     (-0.49)
	Serum_potassium_26                                                         | 2034	 (14242, 39)             | 4.40      (-0.07)
	Serum_sodium_24                                                            | 2034	 (14242, 39)             | 140.00    (-0.05)
	Serum_triglycerides_105                                                    | 2034	 (14242, 39)             | 1.10      (-0.49)
	Serum_urea_level_29                                                        | 2034	 (14242, 39)             | 5.10      (-0.01)
	Total_cholesterol_HDL_ratio_95                                             | 2034	 (14242, 39)             | 2.00      (-0.50)
	Total_white_cell_count_18                                                  | 2034	 (14242, 39)             | 3.10      (-0.50)
	............................................................new week............................................................
	SSRIs_Optimal                                                              | 2061	 (14430, 39)             | nan       (nan)
	DEPRESSION                                                                 | 2061	 (14430, 39)             | nan       (nan)
	............................................................new week............................................................
	Body_mass_index_3                                                          | 2067	 (14471, 39)             | 24.00     (-0.35)
	Diastolic_blood_pressure_5                                                 | 2067	 (14471, 39)             | 99.00     (-0.29)
	O_E___weight_2                                                             | 2067	 (14471, 39)             | 67.00     (-0.40)
	Systolic_blood_pressure_4                                                  | 2067	 (14471, 39)             | 169.00    (-0.12)
	Calculated_LDL_cholesterol_level_103                                       | 2067	 (14474, 39)             | 2.80      (-0.41)
	GFR_calculated_abbreviated_MDRD_34                                         | 2067	 (14474, 39)             | 60.00     (-0.30)
	Haemoglobin_A1c_level___IFCC_standardised_6                                | 2067	 (14474, 39)             | 32.00     (-0.39)
	Non_HDL_cholesterol_level_108                                              | 2067	 (14474, 39)             | 3.30      (0.02)
	Serum_HDL_cholesterol_level_100                                            | 2067	 (14474, 39)             | 3.07      (0.29)
	Serum_TSH_level_71                                                         | 2067	 (14474, 39)             | 1.23      (-0.50)
	Serum_alanine_aminotransferase_level_45                                    | 2067	 (14474, 39)             | 44.00     (-0.50)
	Serum_albumin_51                                                           | 2067	 (14474, 39)             | 45.00     (-0.26)
	Serum_alkaline_phosphatase_50                                              | 2067	 (14474, 39)             | 40.00     (-0.50)
	Serum_bilirubin_level_53                                                   | 2067	 (14474, 39)             | 10.00     (-0.49)
	Serum_cholesterol_97                                                       | 2067	 (14474, 39)             | 6.30      (-0.41)
	Serum_creatinine_31                                                        | 2067	 (14474, 39)             | 87.00     (-0.49)
	Serum_potassium_26                                                         | 2067	 (14474, 39)             | 5.10      (0.01)
	Serum_sodium_24                                                            | 2067	 (14474, 39)             | 141.00    (-0.04)
	Serum_triglycerides_105                                                    | 2067	 (14474, 39)             | 0.96      (-0.49)
	Serum_urea_level_29                                                        | 2067	 (14474, 39)             | 4.90      (-0.03)
	Total_cholesterol_HDL_ratio_95                                             | 2067	 (14474, 39)             | 2.10      (-0.50)
	............................................................new week............................................................
	Diastolic_blood_pressure_5                                                 | 2068	 (14478, 39)             | 95.00     (-0.30)
	Diastolic_blood_pressure_5                                                 | 2068	 (14478, 39)             | 96.00     (-0.30)
	Systolic_blood_pressure_4                                                  | 2068	 (14478, 39)             | 163.00    (-0.14)
	Systolic_blood_pressure_4                                                  | 2068	 (14478, 39)             | 174.00    (-0.11)
	............................................................new week............................................................
	Diastolic_blood_pressure_5                                                 | 2104	 (14733, 40)             | 98.00     (-0.29)
	Systolic_blood_pressure_4                                                  | 2104	 (14733, 40)             | 154.00    (-0.16)
	............................................................new week............................................................
	Diastolic_blood_pressure_5                                                 | 2105	 (14740, 40)             | 105.00    (-0.28)
	Systolic_blood_pressure_4                                                  | 2105	 (14740, 40)             | 168.00    (-0.13)
	............................................................new week............................................................
	Haematocrit_15                                                             | 2119	 (14835, 40)             | 0.42      (-0.08)
	Haemoglobin_estimation_9                                                   | 2119	 (14835, 40)             | 138.00    (-0.06)
	Lymphocyte_count_20                                                        | 2119	 (14835, 40)             | 1.00      (-0.50)
	Mean_corpusc_Hb_conc__MCHC__14                                             | 2119	 (14835, 40)             | 326.00    (0.14)
	Mean_corpusc_haemoglobin_MCH__13                                           | 2119	 (14835, 40)             | 31.00     (-0.20)
	Mean_corpuscular_volume__MCV__11                                           | 2119	 (14835, 40)             | 94.90     (-0.15)
	Monocyte_count_23                                                          | 2119	 (14835, 40)             | 0.40      (-0.48)
	Neutrophil_count_19                                                        | 2119	 (14835, 40)             | 1.60      (-0.47)
	Platelet_count_12                                                          | 2119	 (14835, 40)             | 225.01    (-0.50)
	Red_blood_cell__RBC__count_10                                              | 2119	 (14835, 40)             | 4.47      (-0.49)
	Red_blood_cell_distribution_width_17                                       | 2119	 (14835, 40)             | 12.50     (-0.48)
	Total_white_cell_count_18                                                  | 2119	 (14835, 40)             | 3.10      (-0.50)
	............................................................new week............................................................
	Body_mass_index_3                                                          | 2143	 (15007, 41)             | 23.59     (-0.35)
	Current_smoker_83                                                          | 2143	 (15007, 41)             | nan       (nan)
	Diastolic_blood_pressure_5                                                 | 2143	 (15007, 41)             | 92.00     (-0.31)
	O_E___height_1                                                             | 2143	 (15007, 41)             | 166.00    (0.08)
	O_E___weight_2                                                             | 2143	 (15007, 41)             | 65.00     (-0.40)
	Serum_HDL_cholesterol_level_100                                            | 2143	 (15007, 41)             | 2.15      (0.05)
	Serum_total_cholesterol_level_98                                           | 2143	 (15007, 41)             | 6.26      (-0.40)
	Systolic_blood_pressure_4                                                  | 2143	 (15007, 41)             | 134.00    (-0.22)
	Total_cholesterol_HDL_ratio_95                                             | 2143	 (15007, 41)             | 2.90      (-0.49)
	............................................................new week............................................................
	Nasal_steroids_optimal                                                     | 2170	 (15192, 41)             | nan       (nan)
	............................................................new week............................................................
	Nasal_steroids_optimal                                                     | 2229	 (15609, 42)             | nan       (nan)
	............................................................new week............................................................
	Mirtazapine                                                                | 2232	 (15626, 42)             | nan       (nan)
	............................................................new week............................................................
	Antihistamines_second_generation_H1_antagonists                            | 2233	 (15635, 42)             | nan       (nan)
	............................................................new week............................................................
	Mirtazapine                                                                | 2234	 (15644, 42)             | nan       (nan)
	............................................................new week............................................................
	Mirtazapine                                                                | 2235	 (15651, 42)             | nan       (nan)
	Nasal_steroids_optimal                                                     | 2235	 (15651, 42)             | nan       (nan)
	............................................................new week............................................................
	Mirtazapine                                                                | 2239	 (15674, 42)             | nan       (nan)
	............................................................new week............................................................
	Mirtazapine                                                                | 2243	 (15703, 43)             | nan       (nan)
	............................................................new week............................................................
	Mirtazapine                                                                | 2247	 (15733, 43)             | nan       (nan)
	............................................................new week............................................................
	Mirtazapine                                                                | 2253	 (15772, 43)             | nan       (nan)
	............................................................new week............................................................
	Mirtazapine                                                                | 2259	 (15815, 43)             | nan       (nan)
	............................................................new week............................................................
	Body_mass_index_3                                                          | 2263	 (15845, 43)             | 23.01     (-0.36)
	Diastolic_blood_pressure_5                                                 | 2263	 (15845, 43)             | 83.00     (-0.33)
	O_E___weight_2                                                             | 2263	 (15845, 43)             | 63.40     (-0.40)
	Systolic_blood_pressure_4                                                  | 2263	 (15845, 43)             | 142.00    (-0.20)
	............................................................new week............................................................
	Mirtazapine                                                                | 2266	 (15865, 43)             | nan       (nan)
	............................................................new week............................................................
	Nasal_steroids_optimal                                                     | 2273	 (15913, 43)             | nan       (nan)
	Mirtazapine                                                                | 2273	 (15914, 43)             | nan       (nan)

========================================================================================================================
DIAGNOSIS SUMMARY
['ALCOHOLMISUSE_V2', 'ALLERGICRHINITISCONJ', 'DEPRESSION']
========================================================================================================================


PREDICTED FUTURE EVENTS
========================================================================================================================
	EVENT                                                                     | AGE IN WEEKS (days, years)  | VALUE
	LKA_PUSHAsthma                                                             | 2273	 (15914, 43)             | nan       (nan)
	............................................................new week............................................................
	LKA_PUSHAsthma                                                             | 2275	 (15927, 43)             | nan       (nan)
	............................................................new week............................................................
	Mirtazapine                                                                | 2278	 (15946, 43)             | nan       (nan)
	............................................................new week............................................................
	Nasal_steroids_optimal                                                     | 2281	 (15969, 43)             | nan       (nan)
	............................................................new week............................................................
	Mirtazapine                                                                | 2285	 (15997, 43)             | nan       (nan)
	............................................................new week............................................................
	Lipid_lowering_drugs_Optimal                                               | 2298	 (16092, 44)             | nan       (nan)
	Statins                                                                    | 2298	 (16092, 44)             | nan       (nan)
	............................................................new week............................................................
	Antihistamines_second_generation_H1_antagonists                            | 2302	 (16115, 44)             | nan       (nan)
	............................................................new week............................................................
	Lipid_lowering_drugs_Optimal                                               | 2303	 (16126, 44)             | nan       (nan)
	Statins                                                                    | 2303	 (16126, 44)             | nan       (nan)
	............................................................new week............................................................
	Diastolic_blood_pressure_5                                                 | 2308	 (16157, 44)             | 81.08     (-0.34)
	Systolic_blood_pressure_4                                                  | 2308	 (16157, 44)             | 159.52    (-0.15)
	Lipid_lowering_drugs_Optimal                                               | 2308	 (16157, 44)             | nan       (nan)
	Statins                                                                    | 2308	 (16161, 44)             | nan       (nan)
	............................................................new week............................................................
	Diastolic_blood_pressure_5                                                 | 2324	 (16271, 44)             | 82.01     (-0.34)
	Systolic_blood_pressure_4                                                  | 2324	 (16273, 44)             | 151.67    (-0.17)
	............................................................new week............................................................
	Lipid_lowering_drugs_Optimal                                               | 2325	 (16280, 44)             | nan       (nan)
	Statins                                                                    | 2325	 (16280, 44)             | nan       (nan)
	............................................................new week............................................................
	Diastolic_blood_pressure_5                                                 | 2327	 (16291, 44)             | 93.74     (-0.31)
	Systolic_blood_pressure_4                                                  | 2327	 (16291, 44)             | 149.80    (-0.18)
	............................................................new week............................................................
	Mirtazapine                                                                | 2329	 (16304, 44)             | nan       (nan)
	............................................................new week............................................................
	Diastolic_blood_pressure_5                                                 | 2336	 (16358, 44)             | 94.19     (-0.30)
	............................................................new week............................................................
	Systolic_blood_pressure_4                                                  | 2337	 (16360, 44)             | 178.89    (-0.10)
	Mirtazapine                                                                | 2337	 (16364, 44)             | nan       (nan)
	............................................................new week............................................................
	Lipid_lowering_drugs_Optimal                                               | 2345	 (16421, 44)             | nan       (nan)
	............................................................new week............................................................
	Statins                                                                    | 2346	 (16422, 44)             | nan       (nan)
	............................................................new week............................................................
	Lipid_lowering_drugs_Optimal                                               | 2350	 (16452, 45)             | nan       (nan)
	SNRIs_OPTIMAL                                                              | 2350	 (16453, 45)             | nan       (nan)
	Statins                                                                    | 2350	 (16453, 45)             | nan       (nan)
	............................................................new week............................................................
	Antipsychotics_OPTIMAL                                                     | 2352	 (16464, 45)             | nan       (nan)
	Mirtazapine                                                                | 2352	 (16466, 45)             | nan       (nan)
	............................................................new week............................................................
	Diastolic_blood_pressure_5                                                 | 2361	 (16530, 45)             | 97.18     (-0.30)
	GFR_calculated_abbreviated_MDRD_34                                         | 2361	 (16530, 45)             | 86.12     (-0.21)
	Serum_HDL_cholesterol_level_100                                            | 2361	 (16530, 45)             | 1.53      (-0.11)
	Serum_TSH_level_71                                                         | 2361	 (16530, 45)             | -5.00     (-0.51)
	Serum_albumin_51                                                           | 2361	 (16530, 45)             | 44.22     (-0.26)
	Serum_alkaline_phosphatase_50                                              | 2361	 (16532, 45)             | 83.00     (-0.50)
	............................................................new week............................................................
	Serum_bilirubin_level_53                                                   | 2362	 (16534, 45)             | 17.30     (-0.48)
	Serum_cholesterol_97                                                       | 2362	 (16534, 45)             | 5.07      (-0.43)
	Serum_creatinine_31                                                        | 2362	 (16534, 45)             | 40.44     (-0.50)
	Serum_potassium_26                                                         | 2362	 (16534, 45)             | 3.35      (-0.17)
	Serum_sodium_24                                                            | 2362	 (16534, 45)             | 139.72    (-0.05)
	Serum_vitamin_B12_79                                                       | 2362	 (16534, 45)             | 982.20    (-0.45)
	Systolic_blood_pressure_4                                                  | 2362	 (16534, 45)             | 141.04    (-0.20)
	Metformin_612_A10BD2                                                       | 2362	 (16539, 45)             | nan       (nan)
	............................................................new week............................................................
	Mirtazapine                                                                | 2365	 (16556, 45)             | nan       (nan)
	............................................................new week............................................................
	Antipsychotics_OPTIMAL                                                     | 2368	 (16581, 45)             | nan       (nan)
	Calcium_supplements_Optimal                                                | 2368	 (16581, 45)             | nan       (nan)
	Lipid_lowering_drugs_Optimal                                               | 2368	 (16581, 45)             | nan       (nan)
	Statins                                                                    | 2368	 (16581, 45)             | nan       (nan)
	............................................................new week............................................................
	Direct_Acting_Oral_Anticoagulants_DOAC                                     | 2369	 (16589, 45)             | nan       (nan)
	............................................................new week............................................................
	Metformin_612_A10BD2                                                       | 2370	 (16594, 45)             | nan       (nan)
	............................................................new week............................................................
	Mirtazapine                                                                | 2372	 (16607, 45)             | nan       (nan)
	Lipid_lowering_drugs_Optimal                                               | 2372	 (16609, 45)             | nan       (nan)
	Statins                                                                    | 2372	 (16609, 45)             | nan       (nan)
	............................................................new week............................................................
	Nasal_steroids_optimal                                                     | 2375	 (16625, 45)             | nan       (nan)
	Tricyclic_Antidepressants_final                                            | 2375	 (16625, 45)             | nan       (nan)
	............................................................new week............................................................
	Anxiolytics_mumpredict                                                     | 2377	 (16645, 45)             | nan       (nan)
	............................................................new week............................................................
	Benzodiazepines                                                            | 2378	 (16649, 45)             | nan       (nan)
	............................................................new week............................................................
	Lipid_lowering_drugs_Optimal                                               | 2379	 (16653, 45)             | nan       (nan)
	Statins                                                                    | 2379	 (16653, 45)             | nan       (nan)
	............................................................new week............................................................
	NSAIDS_oral_OPTIMAL_final                                                  | 2382	 (16676, 45)             | nan       (nan)
	............................................................new week............................................................
	Mirtazapine                                                                | 2383	 (16687, 45)             | nan       (nan)
	............................................................new week............................................................
	Lipid_lowering_drugs_Optimal                                               | 2385	 (16700, 45)             | nan       (nan)
	............................................................new week............................................................
	Statins                                                                    | 2386	 (16704, 45)             | nan       (nan)
	............................................................new week............................................................
	Mirtazapine                                                                | 2387	 (16715, 45)             | nan       (nan)
	............................................................new week............................................................
	Nasal_steroids_optimal                                                     | 2394	 (16762, 45)             | nan       (nan)
	............................................................new week............................................................
	Haemoglobin_A1c_level___IFCC_standardised_6                                | 2399	 (16797, 46)             | 43.20     (-0.34)
	Body_mass_index_3                                                          | 2399	 (16797, 46)             | 18.52     (-0.39)
	O_E___weight_2                                                             | 2399	 (16797, 46)             | 62.56     (-0.40)
	Mirtazapine                                                                | 2399	 (16797, 46)             | nan       (nan)
	Nasal_steroids_optimal                                                     | 2399	 (16797, 46)             | nan       (nan)
	Statins                                                                    | 2399	 (16797, 46)             | nan       (nan)
	............................................................new week............................................................
	Serum_TSH_level_71                                                         | 2402	 (16819, 46)             | 10.59     (-0.48)
	Serum_cholesterol_HDL_ratio_94                                             | 2402	 (16819, 46)             | 13.53     (-0.45)
	Serum_creatinine_31                                                        | 2402	 (16819, 46)             | 82.96     (-0.49)
	............................................................new week............................................................
	Serum_folate_80                                                            | 2403	 (16821, 46)             | 5.25      (-0.11)
	Serum_vitamin_B12_79                                                       | 2403	 (16821, 46)             | 335.70    (-0.48)
	............................................................new week............................................................
	Body_mass_index_3                                                          | 2408	 (16861, 46)             | 24.75     (-0.34)
	Diastolic_blood_pressure_5                                                 | 2408	 (16861, 46)             | 86.20     (-0.33)
	Systolic_blood_pressure_4                                                  | 2408	 (16861, 46)             | 124.72    (-0.24)
	............................................................new week............................................................
	Anxiolytics_mumpredict                                                     | 2411	 (16879, 46)             | nan       (nan)
	Benzodiazepines                                                            | 2411	 (16881, 46)             | nan       (nan)
	............................................................new week............................................................
	Mirtazapine                                                                | 2413	 (16897, 46)             | nan       (nan)
	............................................................new week............................................................
	Body_mass_index_3                                                          | 2421	 (16947, 46)             | 25.91     (-0.33)
	Diastolic_blood_pressure_5                                                 | 2421	 (16950, 46)             | 79.30     (-0.34)
	Haemoglobin_A1c_level___IFCC_standardised_6                                | 2421	 (16950, 46)             | 34.64     (-0.38)
	HbA1c_level__DCCT_aligned__7                                               | 2421	 (16950, 46)             | -9.55     (-0.56)
	Never_smoked_tobacco_85                                                    | 2421	 (16952, 46)             | 0.00      (0.11)
	............................................................new week............................................................
	Systolic_blood_pressure_4                                                  | 2422	 (16954, 46)             | 158.65    (-0.15)
	............................................................new week............................................................
	Diastolic_blood_pressure_5                                                 | 2435	 (17047, 46)             | 77.57     (-0.35)
	Systolic_blood_pressure_4                                                  | 2435	 (17047, 46)             | 125.07    (-0.24)
	............................................................new week............................................................
	Diastolic_blood_pressure_5                                                 | 2436	 (17056, 46)             | 79.79     (-0.34)
	Systolic_blood_pressure_4                                                  | 2436	 (17058, 46)             | 144.38    (-0.19)
	............................................................new week............................................................
	Anticonvulsants_OPTIMAL                                                    | 2438	 (17067, 46)             | nan       (nan)
	Serum_non_high_density_lipoprotein_cholesterol_level_107                   | 2438	 (17071, 46)             | 3.70      (0.45)
	............................................................new week............................................................
	Systolic_blood_pressure_4                                                  | 2439	 (17073, 46)             | 150.83    (-0.17)
	NSAIDS_oral_OPTIMAL_final                                                  | 2439	 (17078, 46)             | nan       (nan)
	............................................................new week............................................................
	Mirtazapine                                                                | 2443	 (17104, 46)             | nan       (nan)
	............................................................new week............................................................
	NSAIDS_oral_OPTIMAL_final                                                  | 2446	 (17122, 46)             | nan       (nan)
	OSTEOPOROSIS                                                               | 2446	 (17126, 46)             | nan       (nan)
	............................................................new week............................................................
	Anticonvulsants_OPTIMAL                                                    | 2455	 (17186, 47)             | nan       (nan)
	Anxiolytics_mumpredict                                                     | 2455	 (17188, 47)             | nan       (nan)
	Benzodiazepines                                                            | 2455	 (17190, 47)             | nan       (nan)
	SSRIs_Optimal                                                              | 2455	 (17191, 47)             | nan       (nan)
	............................................................new week............................................................
	Diastolic_blood_pressure_5                                                 | 2468	 (17281, 47)             | 90.86     (-0.31)
	Systolic_blood_pressure_4                                                  | 2468	 (17281, 47)             | 132.39    (-0.22)
	SSRIs_Optimal                                                              | 2468	 (17281, 47)             | nan       (nan)
	............................................................new week............................................................
	BetaBlockers_OPTIMAL                                                       | 2476	 (17336, 47)             | nan       (nan)
	Lipid_lowering_drugs_Optimal                                               | 2476	 (17336, 47)             | nan       (nan)
	Statins                                                                    | 2476	 (17336, 47)             | nan       (nan)
	............................................................new week............................................................
	NSAIDS_oral_OPTIMAL_final                                                  | 2490	 (17433, 47)             | nan       (nan)
	............................................................new week............................................................
	Weak_Opioids_Final                                                         | 2496	 (17476, 47)             | nan       (nan)
	............................................................new week............................................................
	Anticonvulsants_OPTIMAL                                                    | 2501	 (17511, 47)             | nan       (nan)
	Antipsychotics_OPTIMAL                                                     | 2501	 (17513, 47)             | nan       (nan)
	SSRIs_Optimal                                                              | 2501	 (17513, 47)             | nan       (nan)
	............................................................new week............................................................
	Anticonvulsants_OPTIMAL                                                    | 2503	 (17524, 48)             | nan       (nan)
	Antipsychotics_OPTIMAL                                                     | 2503	 (17524, 48)             | nan       (nan)
	............................................................new week............................................................
	Direct_Acting_Oral_Anticoagulants_DOAC                                     | 2504	 (17528, 48)             | nan       (nan)
	NSAIDS_oral_OPTIMAL_final                                                  | 2504	 (17531, 48)             | nan       (nan)
	............................................................new week............................................................
	Lipid_lowering_drugs_Optimal                                               | 2507	 (17551, 48)             | nan       (nan)
	Statins                                                                    | 2507	 (17553, 48)             | nan       (nan)
	............................................................new week............................................................
	Anticonvulsants_OPTIMAL                                                    | 2508	 (17557, 48)             | nan       (nan)
	Antipsychotics_OPTIMAL                                                     | 2508	 (17559, 48)             | nan       (nan)
	eGFR_using_creatinine_CKD_EPI_per_1_73_square_metres_33                    | 2508	 (17559, 48)             | 79.51     (-0.30)
	............................................................new week............................................................
	Lipid_lowering_drugs_Optimal                                               | 2509	 (17568, 48)             | nan       (nan)
	Statins                                                                    | 2509	 (17568, 48)             | nan       (nan)
	............................................................new week............................................................
	Anticonvulsants_OPTIMAL                                                    | 2521	 (17650, 48)             | nan       (nan)
	Antipsychotics_OPTIMAL                                                     | 2521	 (17650, 48)             | nan       (nan)
	Direct_Acting_Oral_Anticoagulants_DOAC                                     | 2521	 (17650, 48)             | nan       (nan)
	Lipid_lowering_drugs_Optimal                                               | 2521	 (17650, 48)             | nan       (nan)
	Statins                                                                    | 2521	 (17652, 48)             | nan       (nan)
	............................................................new week............................................................
	Anticonvulsants_OPTIMAL                                                    | 2526	 (17685, 48)             | nan       (nan)
	Antipsychotics_OPTIMAL                                                     | 2526	 (17685, 48)             | nan       (nan)
	Benzodiazepines                                                            | 2526	 (17685, 48)             | nan       (nan)
	Direct_Acting_Oral_Anticoagulants_DOAC                                     | 2526	 (17688, 48)             | nan       (nan)
	Lipid_lowering_drugs_Optimal                                               | 2526	 (17688, 48)             | nan       (nan)
	............................................................new week............................................................
	Statins                                                                    | 2527	 (17690, 48)             | nan       (nan)
	............................................................new week............................................................
	POP_reg_contraceptive                                                      | 2530	 (17716, 48)             | nan       (nan)
	Levothyroxine_                                                             | 2530	 (17716, 48)             | nan       (nan)
	Lipid_lowering_drugs_Optimal                                               | 2530	 (17716, 48)             | nan       (nan)
	............................................................new week............................................................
	Statins                                                                    | 2531	 (17723, 48)             | nan       (nan)
	............................................................new week............................................................
	LKA_PUSHAsthma                                                             | 2532	 (17730, 48)             | nan       (nan)
	............................................................new week............................................................
	SSRIs_Optimal                                                              | 2533	 (17732, 48)             | nan       (nan)
	............................................................new week............................................................
	Antipsychotics_OPTIMAL                                                     | 2540	 (17782, 48)             | nan       (nan)
	............................................................new week............................................................
	Anxiolytics_mumpredict                                                     | 2542	 (17798, 48)             | nan       (nan)
	............................................................new week............................................................
	Benzodiazepines                                                            | 2543	 (17805, 48)             | nan       (nan)
	............................................................new week............................................................
	Haemoglobin_A1c_level___IFCC_standardised_6                                | 2544	 (17811, 48)             | 46.50     (-0.33)
	Haemoglobin_A1c_level___IFCC_standardised_6                                | 2544	 (17811, 48)             | 44.31     (-0.34)
	Haemoglobin_A1c_level___IFCC_standardised_6                                | 2544	 (17811, 48)             | 14.07     (-0.46)
