STATIC INFORMATION
========================================================================================================================
	SEX:               M
	IMD:               5.0
	ETHNICITY:         BLACK
	birth_year:        1978.0


GIVEN PATIENT CONTEXT
========================================================================================================================
	EVENT                                                                     | AGE IN WEEKS (days, years)   | VALUE
	............................................................new week............................................................
	ALCOHOLMISUSE_V2                                                           | 1777	 (12445, 34)             | nan       (nan)
	............................................................new week............................................................
	Body_mass_index_3                                                          | 1778	 (12449, 34)             | 25.20     (-0.34)
	Diastolic_blood_pressure_5                                                 | 1778	 (12449, 34)             | 80.00     (-0.34)
	O_E___height_1                                                             | 1778	 (12449, 34)             | 167.00    (0.08)
	O_E___weight_2                                                             | 1778	 (12449, 34)             | 70.20     (-0.39)
	Systolic_blood_pressure_4                                                  | 1778	 (12449, 34)             | 142.00    (-0.20)
	............................................................new week............................................................
	Nasal_steroids_optimal                                                     | 1814	 (12701, 34)             | nan       (nan)
	............................................................new week............................................................
	Nasal_steroids_optimal                                                     | 1820	 (12745, 34)             | nan       (nan)
	............................................................new week............................................................
	GFR_calculated_abbreviated_MDRD_34                                         | 1830	 (12816, 35)             | nan       (nan)
	Haemoglobin_estimation_9                                                   | 1830	 (12816, 35)             | 143.00    (-0.04)
	Lymphocyte_count_20                                                        | 1830	 (12816, 35)             | 0.90      (-0.50)
	Mean_corpusc_Hb_conc__MCHC__14                                             | 1830	 (12816, 35)             | 322.00    (0.14)
	Mean_corpusc_haemoglobin_MCH__13                                           | 1830	 (12816, 35)             | 30.60     (-0.20)
	Mean_corpuscular_volume__MCV__11                                           | 1830	 (12816, 35)             | 95.20     (-0.14)
	Monocyte_count_23                                                          | 1830	 (12816, 35)             | 0.20      (-0.49)
	Neutrophil_count_19                                                        | 1830	 (12816, 35)             | 1.00      (-0.48)
	Platelet_count_12                                                          | 1830	 (12816, 35)             | 258.09    (-0.50)
	Red_blood_cell__RBC__count_10                                              | 1830	 (12816, 35)             | 4.69      (-0.49)
	Red_blood_cell_distribution_width_17                                       | 1830	 (12816, 35)             | 12.80     (-0.47)
	Serum_C_reactive_protein_level_59                                          | 1830	 (12816, 35)             | 4.00      (-0.03)
	Serum_alanine_aminotransferase_level_45                                    | 1830	 (12816, 35)             | 44.00     (-0.50)
	Serum_albumin_51                                                           | 1830	 (12816, 35)             | 42.00     (-0.28)
	Serum_alkaline_phosphatase_50                                              | 1830	 (12816, 35)             | 32.00     (-0.50)
	Serum_bilirubin_level_53                                                   | 1830	 (12816, 35)             | 13.00     (-0.48)
	Serum_creatinine_31                                                        | 1830	 (12816, 35)             | 85.00     (-0.49)
	Serum_gamma_glutamyl_transferase_level_57                                  | 1830	 (12816, 35)             | 38.00     (0.04)
	Serum_potassium_26                                                         | 1830	 (12816, 35)             | 4.10      (-0.10)
	Serum_sodium_24                                                            | 1830	 (12816, 35)             | 139.00    (-0.05)
	Serum_urea_level_29                                                        | 1830	 (12816, 35)             | 6.50      (0.13)
	Total_white_cell_count_18                                                  | 1830	 (12816, 35)             | 2.20      (-0.50)
	............................................................new week............................................................
	Haemoglobin_estimation_9                                                   | 1834	 (12842, 35)             | 148.00    (-0.02)
	Lymphocyte_count_20                                                        | 1834	 (12842, 35)             | 0.90      (-0.50)
	Mean_corpusc_Hb_conc__MCHC__14                                             | 1834	 (12842, 35)             | 317.00    (0.13)
	Mean_corpusc_haemoglobin_MCH__13                                           | 1834	 (12842, 35)             | 30.50     (-0.20)
	Mean_corpuscular_volume__MCV__11                                           | 1834	 (12842, 35)             | 96.30     (-0.14)
	Monocyte_count_23                                                          | 1834	 (12842, 35)             | 0.30      (-0.48)
	Neutrophil_count_19                                                        | 1834	 (12842, 35)             | 1.30      (-0.47)
	Platelet_count_12                                                          | 1834	 (12842, 35)             | 227.99    (-0.50)
	Red_blood_cell__RBC__count_10                                              | 1834	 (12842, 35)             | 4.86      (-0.49)
	Red_blood_cell_distribution_width_17                                       | 1834	 (12842, 35)             | 12.20     (-0.48)
	Total_white_cell_count_18                                                  | 1834	 (12842, 35)             | 2.60      (-0.50)
	............................................................new week............................................................
	Haemoglobin_estimation_9                                                   | 1845	 (12920, 35)             | 151.00    (-0.01)
	Lymphocyte_count_20                                                        | 1845	 (12920, 35)             | 1.20      (-0.49)
	Mean_corpusc_Hb_conc__MCHC__14                                             | 1845	 (12920, 35)             | 322.00    (0.14)
	Mean_corpusc_haemoglobin_MCH__13                                           | 1845	 (12920, 35)             | 30.60     (-0.20)
	Mean_corpuscular_volume__MCV__11                                           | 1845	 (12920, 35)             | 95.00     (-0.15)
	Monocyte_count_23                                                          | 1845	 (12920, 35)             | 0.30      (-0.48)
	Neutrophil_count_19                                                        | 1845	 (12920, 35)             | 1.10      (-0.48)
	Platelet_count_12                                                          | 1845	 (12920, 35)             | 275.08    (-0.50)
	Red_blood_cell__RBC__count_10                                              | 1845	 (12920, 35)             | 4.93      (-0.49)
	Red_blood_cell_distribution_width_17                                       | 1845	 (12920, 35)             | 11.30     (-0.49)
	Total_white_cell_count_18                                                  | 1845	 (12920, 35)             | 2.60      (-0.50)
	............................................................new week............................................................
	Nasal_steroids_optimal                                                     | 1862	 (13039, 35)             | nan       (nan)
	Nasal_steroids_optimal                                                     | 1862	 (13039, 35)             | nan       (nan)
	Nasal_steroids_optimal                                                     | 1862	 (13040, 35)             | nan       (nan)
	............................................................new week............................................................
	Nasal_steroids_optimal                                                     | 1872	 (13110, 35)             | nan       (nan)
	............................................................new week............................................................
	Haemoglobin_estimation_9                                                   | 1895	 (13271, 36)             | 148.00    (-0.02)
	Lymphocyte_count_20                                                        | 1895	 (13271, 36)             | 1.70      (-0.49)
	Mean_corpusc_Hb_conc__MCHC__14                                             | 1895	 (13271, 36)             | 331.00    (0.16)
	Mean_corpusc_haemoglobin_MCH__13                                           | 1895	 (13271, 36)             | 31.20     (-0.19)
	Mean_corpuscular_volume__MCV__11                                           | 1895	 (13271, 36)             | 94.10     (-0.15)
	Monocyte_count_23                                                          | 1895	 (13271, 36)             | 0.40      (-0.48)
	Neutrophil_count_19                                                        | 1895	 (13271, 36)             | 1.40      (-0.47)
	Platelet_count_12                                                          | 1895	 (13271, 36)             | 250.94    (-0.50)
	Red_blood_cell__RBC__count_10                                              | 1895	 (13271, 36)             | 4.74      (-0.49)
	Red_blood_cell_distribution_width_17                                       | 1895	 (13271, 36)             | 11.80     (-0.48)
	Total_white_cell_count_18                                                  | 1895	 (13271, 36)             | 3.50      (-0.50)
	............................................................new week............................................................
	Nasal_steroids_optimal                                                     | 1929	 (13505, 37)             | nan       (nan)
	ALLERGICRHINITISCONJ                                                       | 1929	 (13505, 37)             | nan       (nan)
	............................................................new week............................................................
	Diastolic_blood_pressure_5                                                 | 1982	 (13877, 38)             | 72.00     (-0.36)
	Systolic_blood_pressure_4                                                  | 1982	 (13877, 38)             | 130.00    (-0.23)
	............................................................new week............................................................
	Haemoglobin_estimation_9                                                   | 2003	 (14027, 38)             | 147.00    (-0.03)
	Lymphocyte_count_20                                                        | 2003	 (14027, 38)             | 1.30      (-0.49)
	Mean_corpusc_Hb_conc__MCHC__14                                             | 2003	 (14027, 38)             | 331.00    (0.16)
	Mean_corpusc_haemoglobin_MCH__13                                           | 2003	 (14027, 38)             | 31.10     (-0.20)
	Mean_corpuscular_volume__MCV__11                                           | 2003	 (14027, 38)             | 93.90     (-0.15)
	Monocyte_count_23                                                          | 2003	 (14027, 38)             | 0.50      (-0.47)
	Neutrophil_count_19                                                        | 2003	 (14027, 38)             | 1.20      (-0.48)
	Platelet_count_12                                                          | 2003	 (14027, 38)             | 239.01    (-0.50)
	Red_blood_cell__RBC__count_10                                              | 2003	 (14027, 38)             | 4.73      (-0.49)
	Red_blood_cell_distribution_width_17                                       | 2003	 (14027, 38)             | 12.50     (-0.48)
	Total_white_cell_count_18                                                  | 2003	 (14027, 38)             | 3.10      (-0.50)
	............................................................new week............................................................
	Nasal_steroids_optimal                                                     | 2020	 (14142, 38)             | nan       (nan)
	............................................................new week............................................................
	Body_mass_index_3                                                          | 2033	 (14234, 38)             | 23.60     (-0.35)
	Diastolic_blood_pressure_5                                                 | 2033	 (14234, 38)             | 93.00     (-0.31)
	O_E___height_1                                                             | 2033	 (14234, 38)             | 167.00    (0.08)
	O_E___weight_2                                                             | 2033	 (14234, 38)             | 66.00     (-0.40)
	Systolic_blood_pressure_4                                                  | 2033	 (14234, 38)             | 139.00    (-0.21)
	............................................................new week............................................................
	Calculated_LDL_cholesterol_level_103                                       | 2034	 (14242, 39)             | 2.50      (-0.42)
	GFR_calculated_abbreviated_MDRD_34                                         | 2034	 (14242, 39)             | 60.00     (-0.30)
	Haemoglobin_A1c_level___IFCC_standardised_6                                | 2034	 (14242, 39)             | 29.00     (-0.40)
	Haemoglobin_estimation_9                                                   | 2034	 (14242, 39)             | 143.00    (-0.04)
	Lymphocyte_count_20                                                        | 2034	 (14242, 39)             | 1.20      (-0.49)
	Mean_corpusc_Hb_conc__MCHC__14                                             | 2034	 (14242, 39)             | 335.00    (0.16)
	Mean_corpusc_haemoglobin_MCH__13                                           | 2034	 (14242, 39)             | 31.50     (-0.19)
	Mean_corpuscular_volume__MCV__11                                           | 2034	 (14242, 39)             | 93.90     (-0.15)
	Monocyte_count_23                                                          | 2034	 (14242, 39)             | 0.50      (-0.47)
	Neutrophil_count_19                                                        | 2034	 (14242, 39)             | 1.40      (-0.47)
	Non_HDL_cholesterol_level_108                                              | 2034	 (14242, 39)             | 3.00      (-0.03)
	Platelet_count_12                                                          | 2034	 (14242, 39)             | 262.86    (-0.50)
	Red_blood_cell__RBC__count_10                                              | 2034	 (14242, 39)             | 4.54      (-0.49)
	Red_blood_cell_distribution_width_17                                       | 2034	 (14242, 39)             | 12.30     (-0.48)
	Serum_HDL_cholesterol_level_100                                            | 2034	 (14242, 39)             | 3.08      (0.29)
	Serum_TSH_level_71                                                         | 2034	 (14242, 39)             | 1.15      (-0.50)
	Serum_alanine_aminotransferase_level_45                                    | 2034	 (14242, 39)             | 52.00     (-0.50)
	Serum_albumin_51                                                           | 2034	 (14242, 39)             | 43.00     (-0.27)
	Serum_alkaline_phosphatase_50                                              | 2034	 (14242, 39)             | 50.00     (-0.50)
	Serum_bilirubin_level_53                                                   | 2034	 (14242, 39)             | 17.00     (-0.48)
	Serum_cholesterol_97                                                       | 2034	 (14242, 39)             | 6.10      (-0.41)
	Serum_creatinine_31                                                        | 2034	 (14242, 39)             | 88.00     (-0.49)
	Serum_potassium_26                                                         | 2034	 (14242, 39)             | 4.40      (-0.07)
	Serum_sodium_24                                                            | 2034	 (14242, 39)             | 140.00    (-0.05)
	Serum_triglycerides_105                                                    | 2034	 (14242, 39)             | 1.10      (-0.49)
	Serum_urea_level_29                                                        | 2034	 (14242, 39)             | 5.10      (-0.01)
	Total_cholesterol_HDL_ratio_95                                             | 2034	 (14242, 39)             | 2.00      (-0.50)
	Total_white_cell_count_18                                                  | 2034	 (14242, 39)             | 3.10      (-0.50)
	............................................................new week............................................................
	SSRIs_Optimal                                                              | 2061	 (14430, 39)             | nan       (nan)
	DEPRESSION                                                                 | 2061	 (14430, 39)             | nan       (nan)
	............................................................new week............................................................
	Body_mass_index_3                                                          | 2067	 (14471, 39)             | 24.00     (-0.35)
	Diastolic_blood_pressure_5                                                 | 2067	 (14471, 39)             | 99.00     (-0.29)
	O_E___weight_2                                                             | 2067	 (14471, 39)             | 67.00     (-0.40)
	Systolic_blood_pressure_4                                                  | 2067	 (14471, 39)             | 169.00    (-0.12)
	Calculated_LDL_cholesterol_level_103                                       | 2067	 (14474, 39)             | 2.80      (-0.41)
	GFR_calculated_abbreviated_MDRD_34                                         | 2067	 (14474, 39)             | 60.00     (-0.30)
	Haemoglobin_A1c_level___IFCC_standardised_6                                | 2067	 (14474, 39)             | 32.00     (-0.39)
	Non_HDL_cholesterol_level_108                                              | 2067	 (14474, 39)             | 3.30      (0.02)
	Serum_HDL_cholesterol_level_100                                            | 2067	 (14474, 39)             | 3.07      (0.29)
	Serum_TSH_level_71                                                         | 2067	 (14474, 39)             | 1.23      (-0.50)
	Serum_alanine_aminotransferase_level_45                                    | 2067	 (14474, 39)             | 44.00     (-0.50)
	Serum_albumin_51                                                           | 2067	 (14474, 39)             | 45.00     (-0.26)
	Serum_alkaline_phosphatase_50                                              | 2067	 (14474, 39)             | 40.00     (-0.50)
	Serum_bilirubin_level_53                                                   | 2067	 (14474, 39)             | 10.00     (-0.49)
	Serum_cholesterol_97                                                       | 2067	 (14474, 39)             | 6.30      (-0.41)
	Serum_creatinine_31                                                        | 2067	 (14474, 39)             | 87.00     (-0.49)
	Serum_potassium_26                                                         | 2067	 (14474, 39)             | 5.10      (0.01)
	Serum_sodium_24                                                            | 2067	 (14474, 39)             | 141.00    (-0.04)
	Serum_triglycerides_105                                                    | 2067	 (14474, 39)             | 0.96      (-0.49)
	Serum_urea_level_29                                                        | 2067	 (14474, 39)             | 4.90      (-0.03)
	Total_cholesterol_HDL_ratio_95                                             | 2067	 (14474, 39)             | 2.10      (-0.50)
	............................................................new week............................................................
	Diastolic_blood_pressure_5                                                 | 2068	 (14478, 39)             | 95.00     (-0.30)
	Diastolic_blood_pressure_5                                                 | 2068	 (14478, 39)             | 96.00     (-0.30)
	Systolic_blood_pressure_4                                                  | 2068	 (14478, 39)             | 163.00    (-0.14)
	Systolic_blood_pressure_4                                                  | 2068	 (14478, 39)             | 174.00    (-0.11)
	............................................................new week............................................................
	Diastolic_blood_pressure_5                                                 | 2104	 (14733, 40)             | 98.00     (-0.29)
	Systolic_blood_pressure_4                                                  | 2104	 (14733, 40)             | 154.00    (-0.16)
	............................................................new week............................................................
	Diastolic_blood_pressure_5                                                 | 2105	 (14740, 40)             | 105.00    (-0.28)
	Systolic_blood_pressure_4                                                  | 2105	 (14740, 40)             | 168.00    (-0.13)
	............................................................new week............................................................
	Haematocrit_15                                                             | 2119	 (14835, 40)             | 0.42      (-0.08)
	Haemoglobin_estimation_9                                                   | 2119	 (14835, 40)             | 138.00    (-0.06)
	Lymphocyte_count_20                                                        | 2119	 (14835, 40)             | 1.00      (-0.50)
	Mean_corpusc_Hb_conc__MCHC__14                                             | 2119	 (14835, 40)             | 326.00    (0.14)
	Mean_corpusc_haemoglobin_MCH__13                                           | 2119	 (14835, 40)             | 31.00     (-0.20)
	Mean_corpuscular_volume__MCV__11                                           | 2119	 (14835, 40)             | 94.90     (-0.15)
	Monocyte_count_23                                                          | 2119	 (14835, 40)             | 0.40      (-0.48)
	Neutrophil_count_19                                                        | 2119	 (14835, 40)             | 1.60      (-0.47)
	Platelet_count_12                                                          | 2119	 (14835, 40)             | 225.01    (-0.50)
	Red_blood_cell__RBC__count_10                                              | 2119	 (14835, 40)             | 4.47      (-0.49)
	Red_blood_cell_distribution_width_17                                       | 2119	 (14835, 40)             | 12.50     (-0.48)
	Total_white_cell_count_18                                                  | 2119	 (14835, 40)             | 3.10      (-0.50)
	............................................................new week............................................................
	Body_mass_index_3                                                          | 2143	 (15007, 41)             | 23.59     (-0.35)
	Current_smoker_83                                                          | 2143	 (15007, 41)             | nan       (nan)
	Diastolic_blood_pressure_5                                                 | 2143	 (15007, 41)             | 92.00     (-0.31)
	O_E___height_1                                                             | 2143	 (15007, 41)             | 166.00    (0.08)
	O_E___weight_2                                                             | 2143	 (15007, 41)             | 65.00     (-0.40)
	Serum_HDL_cholesterol_level_100                                            | 2143	 (15007, 41)             | 2.15      (0.05)
	Serum_total_cholesterol_level_98                                           | 2143	 (15007, 41)             | 6.26      (-0.40)
	Systolic_blood_pressure_4                                                  | 2143	 (15007, 41)             | 134.00    (-0.22)
	Total_cholesterol_HDL_ratio_95                                             | 2143	 (15007, 41)             | 2.90      (-0.49)
	............................................................new week............................................................
	Nasal_steroids_optimal                                                     | 2170	 (15192, 41)             | nan       (nan)
	............................................................new week............................................................
	Nasal_steroids_optimal                                                     | 2229	 (15609, 42)             | nan       (nan)
	............................................................new week............................................................
	Mirtazapine                                                                | 2232	 (15626, 42)             | nan       (nan)
	............................................................new week............................................................
	Antihistamines_second_generation_H1_antagonists                            | 2233	 (15635, 42)             | nan       (nan)
	............................................................new week............................................................
	Mirtazapine                                                                | 2234	 (15644, 42)             | nan       (nan)
	............................................................new week............................................................
	Mirtazapine                                                                | 2235	 (15651, 42)             | nan       (nan)
	Nasal_steroids_optimal                                                     | 2235	 (15651, 42)             | nan       (nan)
	............................................................new week............................................................
	Mirtazapine                                                                | 2239	 (15674, 42)             | nan       (nan)
	............................................................new week............................................................
	Mirtazapine                                                                | 2243	 (15703, 43)             | nan       (nan)
	............................................................new week............................................................
	Mirtazapine                                                                | 2247	 (15733, 43)             | nan       (nan)
	............................................................new week............................................................
	Mirtazapine                                                                | 2253	 (15772, 43)             | nan       (nan)
	............................................................new week............................................................
	Mirtazapine                                                                | 2259	 (15815, 43)             | nan       (nan)
	............................................................new week............................................................
	Body_mass_index_3                                                          | 2263	 (15845, 43)             | 23.01     (-0.36)
	Diastolic_blood_pressure_5                                                 | 2263	 (15845, 43)             | 83.00     (-0.33)
	O_E___weight_2                                                             | 2263	 (15845, 43)             | 63.40     (-0.40)
	Systolic_blood_pressure_4                                                  | 2263	 (15845, 43)             | 142.00    (-0.20)
	............................................................new week............................................................
	Mirtazapine                                                                | 2266	 (15865, 43)             | nan       (nan)
	............................................................new week............................................................
	Nasal_steroids_optimal                                                     | 2273	 (15913, 43)             | nan       (nan)
	Mirtazapine                                                                | 2273	 (15914, 43)             | nan       (nan)

========================================================================================================================
DIAGNOSIS SUMMARY
['ALCOHOLMISUSE_V2', 'ALLERGICRHINITISCONJ', 'DEPRESSION']
========================================================================================================================


PREDICTED FUTURE EVENTS
========================================================================================================================
	EVENT                                                                     | AGE IN WEEKS (days, years)  | VALUE
	............................................................new week............................................................
	Diastolic_blood_pressure_5                                                 | 2275	 (15925, 43)             | 88.97     (-0.32)
	Never_smoked_tobacco_85                                                    | 2275	 (15925, 43)             | 0.00      (0.30)
	O_E___weight_2                                                             | 2275	 (15925, 43)             | 80.85     (-0.38)
	Systolic_blood_pressure_4                                                  | 2275	 (15925, 43)             | 149.81    (-0.18)
	SSRIs_Optimal                                                              | 2275	 (15927, 43)             | nan       (nan)
	............................................................new week............................................................
	Antihistamines_second_generation_H1_antagonists                            | 2279	 (15957, 43)             | nan       (nan)
	Mirtazapine                                                                | 2279	 (15958, 43)             | nan       (nan)
	............................................................new week............................................................
	Mirtazapine                                                                | 2281	 (15967, 43)             | nan       (nan)
	............................................................new week............................................................
	Mirtazapine                                                                | 2283	 (15982, 43)             | nan       (nan)
	............................................................new week............................................................
	Mirtazapine                                                                | 2286	 (16004, 43)             | nan       (nan)
	Mirtazapine                                                                | 2286	 (16004, 43)             | nan       (nan)
	............................................................new week............................................................
	Mirtazapine                                                                | 2290	 (16035, 43)             | nan       (nan)
	............................................................new week............................................................
	Mirtazapine                                                                | 2294	 (16059, 43)             | nan       (nan)
	Mirtazapine                                                                | 2294	 (16061, 44)             | nan       (nan)
	............................................................new week............................................................
	Diastolic_blood_pressure_5                                                 | 2307	 (16152, 44)             | 83.72     (-0.33)
	............................................................new week............................................................
	IHDINCLUDINGMI_OPTIMALV2                                                   | 2308	 (16157, 44)             | nan       (nan)
	Mirtazapine                                                                | 2308	 (16157, 44)             | nan       (nan)
	............................................................new week............................................................
	Mirtazapine                                                                | 2309	 (16163, 44)             | nan       (nan)
	............................................................new week............................................................
	Mirtazapine                                                                | 2314	 (16199, 44)             | nan       (nan)
	............................................................new week............................................................
	Mirtazapine                                                                | 2318	 (16229, 44)             | nan       (nan)
	Mirtazapine                                                                | 2318	 (16232, 44)             | nan       (nan)
	............................................................new week............................................................
	Mirtazapine                                                                | 2319	 (16236, 44)             | nan       (nan)
	............................................................new week............................................................
	Mirtazapine                                                                | 2321	 (16247, 44)             | nan       (nan)
	............................................................new week............................................................
	Mirtazapine                                                                | 2323	 (16262, 44)             | nan       (nan)
	............................................................new week............................................................
	OSA                                                                        | 2330	 (16313, 44)             | nan       (nan)
	............................................................new week............................................................
	Diastolic_blood_pressure_5                                                 | 2334	 (16338, 44)             | 84.52     (-0.33)
	Systolic_blood_pressure_4                                                  | 2334	 (16338, 44)             | 146.95    (-0.18)
	............................................................new week............................................................
	Mirtazapine                                                                | 2336	 (16357, 44)             | nan       (nan)
	Mirtazapine                                                                | 2336	 (16357, 44)             | nan       (nan)
	............................................................new week............................................................
	Mirtazapine                                                                | 2337	 (16362, 44)             | nan       (nan)
	............................................................new week............................................................
	Mirtazapine                                                                | 2341	 (16388, 44)             | nan       (nan)
	............................................................new week............................................................
	Mirtazapine                                                                | 2348	 (16439, 45)             | nan       (nan)
	............................................................new week............................................................
	Mirtazapine                                                                | 2350	 (16455, 45)             | nan       (nan)
	............................................................new week............................................................
	Mirtazapine                                                                | 2353	 (16472, 45)             | nan       (nan)
	Mirtazapine                                                                | 2353	 (16474, 45)             | nan       (nan)
	............................................................new week............................................................
	Mirtazapine                                                                | 2355	 (16486, 45)             | nan       (nan)
	............................................................new week............................................................
	Mirtazapine                                                                | 2357	 (16505, 45)             | nan       (nan)
	............................................................new week............................................................
	Mirtazapine                                                                | 2358	 (16510, 45)             | nan       (nan)
	............................................................new week............................................................
	Mirtazapine                                                                | 2359	 (16516, 45)             | nan       (nan)
	............................................................new week............................................................
	Mirtazapine                                                                | 2360	 (16526, 45)             | nan       (nan)
	Mirtazapine                                                                | 2360	 (16526, 45)             | nan       (nan)
	............................................................new week............................................................
	Mirtazapine                                                                | 2362	 (16536, 45)             | nan       (nan)
	Mirtazapine                                                                | 2362	 (16539, 45)             | nan       (nan)
	............................................................new week............................................................
	Mirtazapine                                                                | 2363	 (16547, 45)             | nan       (nan)
	............................................................new week............................................................
	Mirtazapine                                                                | 2364	 (16548, 45)             | nan       (nan)
	............................................................new week............................................................
	Mirtazapine                                                                | 2369	 (16589, 45)             | nan       (nan)
	............................................................new week............................................................
	Body_mass_index_3                                                          | 2375	 (16631, 45)             | 16.82     (-0.41)
	............................................................new week............................................................
	Insulin_Aurum_v2                                                           | 2376	 (16632, 45)             | nan       (nan)
	............................................................new week............................................................
	Mirtazapine                                                                | 2378	 (16647, 45)             | nan       (nan)
	............................................................new week............................................................
	Mirtazapine                                                                | 2379	 (16656, 45)             | nan       (nan)
	Mirtazapine                                                                | 2379	 (16656, 45)             | nan       (nan)
	............................................................new week............................................................
	Mirtazapine                                                                | 2380	 (16665, 45)             | nan       (nan)
	............................................................new week............................................................
	Mirtazapine                                                                | 2382	 (16676, 45)             | nan       (nan)
	............................................................new week............................................................
	Mirtazapine                                                                | 2384	 (16693, 45)             | nan       (nan)
	............................................................new week............................................................
	Mirtazapine                                                                | 2385	 (16700, 45)             | nan       (nan)
	............................................................new week............................................................
	Mirtazapine                                                                | 2386	 (16702, 45)             | nan       (nan)
	Mirtazapine                                                                | 2386	 (16707, 45)             | nan       (nan)
	............................................................new week............................................................
	Mirtazapine                                                                | 2387	 (16713, 45)             | nan       (nan)
	............................................................new week............................................................
	Mirtazapine                                                                | 2389	 (16729, 45)             | nan       (nan)
	............................................................new week............................................................
	Mirtazapine                                                                | 2392	 (16744, 45)             | nan       (nan)
	............................................................new week............................................................
	Mirtazapine                                                                | 2393	 (16751, 45)             | nan       (nan)
	............................................................new week............................................................
	Mirtazapine                                                                | 2403	 (16824, 46)             | nan       (nan)
	............................................................new week............................................................
	Mirtazapine                                                                | 2405	 (16837, 46)             | nan       (nan)
	Mirtazapine                                                                | 2405	 (16841, 46)             | nan       (nan)
	............................................................new week............................................................
	Mirtazapine                                                                | 2406	 (16843, 46)             | nan       (nan)
	Mirtazapine                                                                | 2406	 (16844, 46)             | nan       (nan)
	............................................................new week............................................................
	Mirtazapine                                                                | 2407	 (16850, 46)             | nan       (nan)
	Mirtazapine                                                                | 2407	 (16852, 46)             | nan       (nan)
	............................................................new week............................................................
	Body_mass_index_3                                                          | 2408	 (16859, 46)             | 21.72     (-0.37)
	Body_mass_index_3                                                          | 2408	 (16859, 46)             | 24.04     (-0.35)
	Diastolic_blood_pressure_5                                                 | 2408	 (16859, 46)             | 93.26     (-0.31)
	............................................................new week............................................................
	Ex_smoker_84                                                               | 2409	 (16863, 46)             | -97.44    (-1.72)
	O_E___height_1                                                             | 2409	 (16863, 46)             | 158.36    (0.05)
	O_E___weight_2                                                             | 2409	 (16863, 46)             | 51.97     (-0.42)
	Systolic_blood_pressure_4                                                  | 2409	 (16863, 46)             | 121.59    (-0.25)
	............................................................new week............................................................
	Mirtazapine                                                                | 2415	 (16908, 46)             | nan       (nan)
	Mirtazapine                                                                | 2415	 (16910, 46)             | nan       (nan)
	............................................................new week............................................................
	Mirtazapine                                                                | 2416	 (16917, 46)             | nan       (nan)
	............................................................new week............................................................
	Mirtazapine                                                                | 2427	 (16991, 46)             | nan       (nan)
	............................................................new week............................................................
	Mirtazapine                                                                | 2432	 (17027, 46)             | nan       (nan)
	............................................................new week............................................................
	Mirtazapine                                                                | 2436	 (17056, 46)             | nan       (nan)
	............................................................new week............................................................
	Mirtazapine                                                                | 2437	 (17062, 46)             | nan       (nan)
	Mirtazapine                                                                | 2437	 (17065, 46)             | nan       (nan)
	............................................................new week............................................................
	Tricyclic_Antidepressants_final                                            | 2439	 (17076, 46)             | nan       (nan)
	............................................................new week............................................................
	Mirtazapine                                                                | 2447	 (17129, 46)             | nan       (nan)
	............................................................new week............................................................
	Mirtazapine                                                                | 2449	 (17144, 46)             | nan       (nan)
	............................................................new week............................................................
	Mirtazapine                                                                | 2451	 (17159, 47)             | nan       (nan)
	............................................................new week............................................................
	Body_mass_index_3                                                          | 2452	 (17170, 47)             | 24.26     (-0.35)
	............................................................new week............................................................
	Diastolic_blood_pressure_5                                                 | 2453	 (17171, 47)             | 65.72     (-0.38)
	Never_smoked_tobacco_85                                                    | 2453	 (17171, 47)             | 0.00      (0.26)
	O_E___height_1                                                             | 2453	 (17171, 47)             | 173.89    (0.11)
	O_E___weight_2                                                             | 2453	 (17171, 47)             | 72.69     (-0.39)
	Systolic_blood_pressure_4                                                  | 2453	 (17171, 47)             | 114.92    (-0.27)
	Paracetamol_OPTIMAL                                                        | 2453	 (17173, 47)             | nan       (nan)
	Mirtazapine                                                                | 2453	 (17173, 47)             | nan       (nan)
	............................................................new week............................................................
	Mirtazapine                                                                | 2455	 (17186, 47)             | nan       (nan)
	Mirtazapine                                                                | 2455	 (17191, 47)             | nan       (nan)
	............................................................new week............................................................
	Mirtazapine                                                                | 2457	 (17204, 47)             | nan       (nan)
	............................................................new week............................................................
	Mirtazapine                                                                | 2458	 (17206, 47)             | nan       (nan)
	............................................................new week............................................................
	Mirtazapine                                                                | 2459	 (17213, 47)             | nan       (nan)
	............................................................new week............................................................
	Mirtazapine                                                                | 2460	 (17224, 47)             | nan       (nan)
	Mirtazapine                                                                | 2460	 (17224, 47)             | nan       (nan)
	............................................................new week............................................................
	Mirtazapine                                                                | 2461	 (17232, 47)             | nan       (nan)
	Mirtazapine                                                                | 2461	 (17233, 47)             | nan       (nan)
	Mirtazapine                                                                | 2461	 (17233, 47)             | nan       (nan)
	............................................................new week............................................................
	Mirtazapine                                                                | 2471	 (17303, 47)             | nan       (nan)
	............................................................new week............................................................
	Mirtazapine                                                                | 2472	 (17310, 47)             | nan       (nan)
	............................................................new week............................................................
	Mirtazapine                                                                | 2477	 (17339, 47)             | nan       (nan)
	Mirtazapine                                                                | 2477	 (17343, 47)             | nan       (nan)
	............................................................new week............................................................
	Mirtazapine                                                                | 2480	 (17363, 47)             | nan       (nan)
	............................................................new week............................................................
	Mirtazapine                                                                | 2483	 (17387, 47)             | nan       (nan)
	............................................................new week............................................................
	Mirtazapine                                                                | 2486	 (17402, 47)             | nan       (nan)
	............................................................new week............................................................
	Mirtazapine                                                                | 2487	 (17413, 47)             | nan       (nan)
	............................................................new week............................................................
	Mirtazapine                                                                | 2488	 (17422, 47)             | nan       (nan)
	............................................................new week............................................................
	Mirtazapine                                                                | 2489	 (17429, 47)             | nan       (nan)
	............................................................new week............................................................
	Mirtazapine                                                                | 2497	 (17482, 47)             | nan       (nan)
	............................................................new week............................................................
	Mirtazapine                                                                | 2501	 (17509, 47)             | nan       (nan)
	............................................................new week............................................................
	Mirtazapine                                                                | 2510	 (17570, 48)             | nan       (nan)
	Mirtazapine                                                                | 2510	 (17571, 48)             | nan       (nan)
	............................................................new week............................................................
	Mirtazapine                                                                | 2513	 (17597, 48)             | nan       (nan)
	............................................................new week............................................................
	Mirtazapine                                                                | 2520	 (17641, 48)             | nan       (nan)
	Mirtazapine                                                                | 2520	 (17643, 48)             | nan       (nan)
	Mirtazapine                                                                | 2520	 (17643, 48)             | nan       (nan)
	............................................................new week............................................................
	Current_smoker_83                                                          | 2526	 (17688, 48)             | 3.22      (-0.46)
	............................................................new week............................................................
	Mirtazapine                                                                | 2528	 (17696, 48)             | nan       (nan)
	............................................................new week............................................................
	Mirtazapine                                                                | 2533	 (17734, 48)             | nan       (nan)
	Mirtazapine                                                                | 2533	 (17736, 48)             | nan       (nan)
	............................................................new week............................................................
	Mirtazapine                                                                | 2538	 (17767, 48)             | nan       (nan)
	Mirtazapine                                                                | 2538	 (17771, 48)             | nan       (nan)
	Mirtazapine                                                                | 2538	 (17772, 48)             | nan       (nan)
	............................................................new week............................................................
	Mirtazapine                                                                | 2539	 (17776, 48)             | nan       (nan)
	............................................................new week............................................................
	Mirtazapine                                                                | 2544	 (17811, 48)             | nan       (nan)
	............................................................new week............................................................
	Mirtazapine                                                                | 2547	 (17829, 48)             | nan       (nan)
	............................................................new week............................................................
	Mirtazapine                                                                | 2548	 (17840, 48)             | nan       (nan)
	............................................................new week............................................................
	Mirtazapine                                                                | 2549	 (17845, 48)             | nan       (nan)
	............................................................new week............................................................
	Mirtazapine                                                                | 2554	 (17882, 48)             | nan       (nan)
	............................................................new week............................................................
	Mirtazapine                                                                | 2556	 (17893, 49)             | nan       (nan)
	............................................................new week............................................................
	SSRIs_Optimal                                                              | 2560	 (17920, 49)             | nan       (nan)
	............................................................new week............................................................
	Mirtazapine                                                                | 2561	 (17930, 49)             | nan       (nan)
	............................................................new week............................................................
	Mirtazapine                                                                | 2562	 (17937, 49)             | nan       (nan)
	............................................................new week............................................................
	Mirtazapine                                                                | 2563	 (17946, 49)             | nan       (nan)
	............................................................new week............................................................
	Mirtazapine                                                                | 2564	 (17950, 49)             | nan       (nan)
	............................................................new week............................................................
	Mirtazapine                                                                | 2567	 (17972, 49)             | nan       (nan)
	............................................................new week............................................................
	Mirtazapine                                                                | 2568	 (17981, 49)             | nan       (nan)
	............................................................new week............................................................
	Mirtazapine                                                                | 2569	 (17984, 49)             | nan       (nan)
	............................................................new week............................................................
	Mirtazapine                                                                | 2573	 (18014, 49)             | nan       (nan)
	............................................................new week............................................................
	Mirtazapine                                                                | 2574	 (18021, 49)             | nan       (nan)
	............................................................new week............................................................
	Mirtazapine                                                                | 2576	 (18032, 49)             | nan       (nan)
	............................................................new week............................................................
	SGLT2inhibitors_Optimal                                                    | 2579	 (18059, 49)             | nan       (nan)
	............................................................new week............................................................
	Mirtazapine                                                                | 2583	 (18081, 49)             | nan       (nan)
