STATIC INFORMATION
========================================================================================================================
	SEX:               M
	IMD:               5.0
	ETHNICITY:         BLACK
	birth_year:        1978.0


GIVEN PATIENT CONTEXT
========================================================================================================================
	EVENT                                                                     | AGE IN WEEKS (days, years)   | VALUE
	............................................................new week............................................................
	ALCOHOLMISUSE_V2                                                           | 1777	 (12445, 34)             | nan       (nan)
	............................................................new week............................................................
	Body_mass_index_3                                                          | 1778	 (12449, 34)             | 25.20     (-0.34)
	Diastolic_blood_pressure_5                                                 | 1778	 (12449, 34)             | 80.00     (-0.34)
	O_E___height_1                                                             | 1778	 (12449, 34)             | 167.00    (0.08)
	O_E___weight_2                                                             | 1778	 (12449, 34)             | 70.20     (-0.39)
	Systolic_blood_pressure_4                                                  | 1778	 (12449, 34)             | 142.00    (-0.20)
	............................................................new week............................................................
	Nasal_steroids_optimal                                                     | 1814	 (12701, 34)             | nan       (nan)
	............................................................new week............................................................
	Nasal_steroids_optimal                                                     | 1820	 (12745, 34)             | nan       (nan)
	............................................................new week............................................................
	GFR_calculated_abbreviated_MDRD_34                                         | 1830	 (12816, 35)             | nan       (nan)
	Haemoglobin_estimation_9                                                   | 1830	 (12816, 35)             | 143.00    (-0.04)
	Lymphocyte_count_20                                                        | 1830	 (12816, 35)             | 0.90      (-0.50)
	Mean_corpusc_Hb_conc__MCHC__14                                             | 1830	 (12816, 35)             | 322.00    (0.14)
	Mean_corpusc_haemoglobin_MCH__13                                           | 1830	 (12816, 35)             | 30.60     (-0.20)
	Mean_corpuscular_volume__MCV__11                                           | 1830	 (12816, 35)             | 95.20     (-0.14)
	Monocyte_count_23                                                          | 1830	 (12816, 35)             | 0.20      (-0.49)
	Neutrophil_count_19                                                        | 1830	 (12816, 35)             | 1.00      (-0.48)
	Platelet_count_12                                                          | 1830	 (12816, 35)             | 258.09    (-0.50)
	Red_blood_cell__RBC__count_10                                              | 1830	 (12816, 35)             | 4.69      (-0.49)
	Red_blood_cell_distribution_width_17                                       | 1830	 (12816, 35)             | 12.80     (-0.47)
	Serum_C_reactive_protein_level_59                                          | 1830	 (12816, 35)             | 4.00      (-0.03)
	Serum_alanine_aminotransferase_level_45                                    | 1830	 (12816, 35)             | 44.00     (-0.50)
	Serum_albumin_51                                                           | 1830	 (12816, 35)             | 42.00     (-0.28)
	Serum_alkaline_phosphatase_50                                              | 1830	 (12816, 35)             | 32.00     (-0.50)
	Serum_bilirubin_level_53                                                   | 1830	 (12816, 35)             | 13.00     (-0.48)
	Serum_creatinine_31                                                        | 1830	 (12816, 35)             | 85.00     (-0.49)
	Serum_gamma_glutamyl_transferase_level_57                                  | 1830	 (12816, 35)             | 38.00     (0.04)
	Serum_potassium_26                                                         | 1830	 (12816, 35)             | 4.10      (-0.10)
	Serum_sodium_24                                                            | 1830	 (12816, 35)             | 139.00    (-0.05)
	Serum_urea_level_29                                                        | 1830	 (12816, 35)             | 6.50      (0.13)
	Total_white_cell_count_18                                                  | 1830	 (12816, 35)             | 2.20      (-0.50)
	............................................................new week............................................................
	Haemoglobin_estimation_9                                                   | 1834	 (12842, 35)             | 148.00    (-0.02)
	Lymphocyte_count_20                                                        | 1834	 (12842, 35)             | 0.90      (-0.50)
	Mean_corpusc_Hb_conc__MCHC__14                                             | 1834	 (12842, 35)             | 317.00    (0.13)
	Mean_corpusc_haemoglobin_MCH__13                                           | 1834	 (12842, 35)             | 30.50     (-0.20)
	Mean_corpuscular_volume__MCV__11                                           | 1834	 (12842, 35)             | 96.30     (-0.14)
	Monocyte_count_23                                                          | 1834	 (12842, 35)             | 0.30      (-0.48)
	Neutrophil_count_19                                                        | 1834	 (12842, 35)             | 1.30      (-0.47)
	Platelet_count_12                                                          | 1834	 (12842, 35)             | 227.99    (-0.50)
	Red_blood_cell__RBC__count_10                                              | 1834	 (12842, 35)             | 4.86      (-0.49)
	Red_blood_cell_distribution_width_17                                       | 1834	 (12842, 35)             | 12.20     (-0.48)
	Total_white_cell_count_18                                                  | 1834	 (12842, 35)             | 2.60      (-0.50)
	............................................................new week............................................................
	Haemoglobin_estimation_9                                                   | 1845	 (12920, 35)             | 151.00    (-0.01)
	Lymphocyte_count_20                                                        | 1845	 (12920, 35)             | 1.20      (-0.49)
	Mean_corpusc_Hb_conc__MCHC__14                                             | 1845	 (12920, 35)             | 322.00    (0.14)
	Mean_corpusc_haemoglobin_MCH__13                                           | 1845	 (12920, 35)             | 30.60     (-0.20)
	Mean_corpuscular_volume__MCV__11                                           | 1845	 (12920, 35)             | 95.00     (-0.15)
	Monocyte_count_23                                                          | 1845	 (12920, 35)             | 0.30      (-0.48)
	Neutrophil_count_19                                                        | 1845	 (12920, 35)             | 1.10      (-0.48)
	Platelet_count_12                                                          | 1845	 (12920, 35)             | 275.08    (-0.50)
	Red_blood_cell__RBC__count_10                                              | 1845	 (12920, 35)             | 4.93      (-0.49)
	Red_blood_cell_distribution_width_17                                       | 1845	 (12920, 35)             | 11.30     (-0.49)
	Total_white_cell_count_18                                                  | 1845	 (12920, 35)             | 2.60      (-0.50)
	............................................................new week............................................................
	Nasal_steroids_optimal                                                     | 1862	 (13039, 35)             | nan       (nan)
	Nasal_steroids_optimal                                                     | 1862	 (13039, 35)             | nan       (nan)
	Nasal_steroids_optimal                                                     | 1862	 (13040, 35)             | nan       (nan)
	............................................................new week............................................................
	Nasal_steroids_optimal                                                     | 1872	 (13110, 35)             | nan       (nan)
	............................................................new week............................................................
	Haemoglobin_estimation_9                                                   | 1895	 (13271, 36)             | 148.00    (-0.02)
	Lymphocyte_count_20                                                        | 1895	 (13271, 36)             | 1.70      (-0.49)
	Mean_corpusc_Hb_conc__MCHC__14                                             | 1895	 (13271, 36)             | 331.00    (0.16)
	Mean_corpusc_haemoglobin_MCH__13                                           | 1895	 (13271, 36)             | 31.20     (-0.19)
	Mean_corpuscular_volume__MCV__11                                           | 1895	 (13271, 36)             | 94.10     (-0.15)
	Monocyte_count_23                                                          | 1895	 (13271, 36)             | 0.40      (-0.48)
	Neutrophil_count_19                                                        | 1895	 (13271, 36)             | 1.40      (-0.47)
	Platelet_count_12                                                          | 1895	 (13271, 36)             | 250.94    (-0.50)
	Red_blood_cell__RBC__count_10                                              | 1895	 (13271, 36)             | 4.74      (-0.49)
	Red_blood_cell_distribution_width_17                                       | 1895	 (13271, 36)             | 11.80     (-0.48)
	Total_white_cell_count_18                                                  | 1895	 (13271, 36)             | 3.50      (-0.50)
	............................................................new week............................................................
	Nasal_steroids_optimal                                                     | 1929	 (13505, 37)             | nan       (nan)
	ALLERGICRHINITISCONJ                                                       | 1929	 (13505, 37)             | nan       (nan)
	............................................................new week............................................................
	Diastolic_blood_pressure_5                                                 | 1982	 (13877, 38)             | 72.00     (-0.36)
	Systolic_blood_pressure_4                                                  | 1982	 (13877, 38)             | 130.00    (-0.23)
	............................................................new week............................................................
	Haemoglobin_estimation_9                                                   | 2003	 (14027, 38)             | 147.00    (-0.03)
	Lymphocyte_count_20                                                        | 2003	 (14027, 38)             | 1.30      (-0.49)
	Mean_corpusc_Hb_conc__MCHC__14                                             | 2003	 (14027, 38)             | 331.00    (0.16)
	Mean_corpusc_haemoglobin_MCH__13                                           | 2003	 (14027, 38)             | 31.10     (-0.20)
	Mean_corpuscular_volume__MCV__11                                           | 2003	 (14027, 38)             | 93.90     (-0.15)
	Monocyte_count_23                                                          | 2003	 (14027, 38)             | 0.50      (-0.47)
	Neutrophil_count_19                                                        | 2003	 (14027, 38)             | 1.20      (-0.48)
	Platelet_count_12                                                          | 2003	 (14027, 38)             | 239.01    (-0.50)
	Red_blood_cell__RBC__count_10                                              | 2003	 (14027, 38)             | 4.73      (-0.49)
	Red_blood_cell_distribution_width_17                                       | 2003	 (14027, 38)             | 12.50     (-0.48)
	Total_white_cell_count_18                                                  | 2003	 (14027, 38)             | 3.10      (-0.50)
	............................................................new week............................................................
	Nasal_steroids_optimal                                                     | 2020	 (14142, 38)             | nan       (nan)
	............................................................new week............................................................
	Body_mass_index_3                                                          | 2033	 (14234, 38)             | 23.60     (-0.35)
	Diastolic_blood_pressure_5                                                 | 2033	 (14234, 38)             | 93.00     (-0.31)
	O_E___height_1                                                             | 2033	 (14234, 38)             | 167.00    (0.08)
	O_E___weight_2                                                             | 2033	 (14234, 38)             | 66.00     (-0.40)
	Systolic_blood_pressure_4                                                  | 2033	 (14234, 38)             | 139.00    (-0.21)
	............................................................new week............................................................
	Calculated_LDL_cholesterol_level_103                                       | 2034	 (14242, 39)             | 2.50      (-0.42)
	GFR_calculated_abbreviated_MDRD_34                                         | 2034	 (14242, 39)             | 60.00     (-0.30)
	Haemoglobin_A1c_level___IFCC_standardised_6                                | 2034	 (14242, 39)             | 29.00     (-0.40)
	Haemoglobin_estimation_9                                                   | 2034	 (14242, 39)             | 143.00    (-0.04)
	Lymphocyte_count_20                                                        | 2034	 (14242, 39)             | 1.20      (-0.49)
	Mean_corpusc_Hb_conc__MCHC__14                                             | 2034	 (14242, 39)             | 335.00    (0.16)
	Mean_corpusc_haemoglobin_MCH__13                                           | 2034	 (14242, 39)             | 31.50     (-0.19)
	Mean_corpuscular_volume__MCV__11                                           | 2034	 (14242, 39)             | 93.90     (-0.15)
	Monocyte_count_23                                                          | 2034	 (14242, 39)             | 0.50      (-0.47)
	Neutrophil_count_19                                                        | 2034	 (14242, 39)             | 1.40      (-0.47)
	Non_HDL_cholesterol_level_108                                              | 2034	 (14242, 39)             | 3.00      (-0.03)
	Platelet_count_12                                                          | 2034	 (14242, 39)             | 262.86    (-0.50)
	Red_blood_cell__RBC__count_10                                              | 2034	 (14242, 39)             | 4.54      (-0.49)
	Red_blood_cell_distribution_width_17                                       | 2034	 (14242, 39)             | 12.30     (-0.48)
	Serum_HDL_cholesterol_level_100                                            | 2034	 (14242, 39)             | 3.08      (0.29)
	Serum_TSH_level_71                                                         | 2034	 (14242, 39)             | 1.15      (-0.50)
	Serum_alanine_aminotransferase_level_45                                    | 2034	 (14242, 39)             | 52.00     (-0.50)
	Serum_albumin_51                                                           | 2034	 (14242, 39)             | 43.00     (-0.27)
	Serum_alkaline_phosphatase_50                                              | 2034	 (14242, 39)             | 50.00     (-0.50)
	Serum_bilirubin_level_53                                                   | 2034	 (14242, 39)             | 17.00     (-0.48)
	Serum_cholesterol_97                                                       | 2034	 (14242, 39)             | 6.10      (-0.41)
	Serum_creatinine_31                                                        | 2034	 (14242, 39)             | 88.00     (-0.49)
	Serum_potassium_26                                                         | 2034	 (14242, 39)             | 4.40      (-0.07)
	Serum_sodium_24                                                            | 2034	 (14242, 39)             | 140.00    (-0.05)
	Serum_triglycerides_105                                                    | 2034	 (14242, 39)             | 1.10      (-0.49)
	Serum_urea_level_29                                                        | 2034	 (14242, 39)             | 5.10      (-0.01)
	Total_cholesterol_HDL_ratio_95                                             | 2034	 (14242, 39)             | 2.00      (-0.50)
	Total_white_cell_count_18                                                  | 2034	 (14242, 39)             | 3.10      (-0.50)
	............................................................new week............................................................
	SSRIs_Optimal                                                              | 2061	 (14430, 39)             | nan       (nan)
	DEPRESSION                                                                 | 2061	 (14430, 39)             | nan       (nan)
	............................................................new week............................................................
	Body_mass_index_3                                                          | 2067	 (14471, 39)             | 24.00     (-0.35)
	Diastolic_blood_pressure_5                                                 | 2067	 (14471, 39)             | 99.00     (-0.29)
	O_E___weight_2                                                             | 2067	 (14471, 39)             | 67.00     (-0.40)
	Systolic_blood_pressure_4                                                  | 2067	 (14471, 39)             | 169.00    (-0.12)
	Calculated_LDL_cholesterol_level_103                                       | 2067	 (14474, 39)             | 2.80      (-0.41)
	GFR_calculated_abbreviated_MDRD_34                                         | 2067	 (14474, 39)             | 60.00     (-0.30)
	Haemoglobin_A1c_level___IFCC_standardised_6                                | 2067	 (14474, 39)             | 32.00     (-0.39)
	Non_HDL_cholesterol_level_108                                              | 2067	 (14474, 39)             | 3.30      (0.02)
	Serum_HDL_cholesterol_level_100                                            | 2067	 (14474, 39)             | 3.07      (0.29)
	Serum_TSH_level_71                                                         | 2067	 (14474, 39)             | 1.23      (-0.50)
	Serum_alanine_aminotransferase_level_45                                    | 2067	 (14474, 39)             | 44.00     (-0.50)
	Serum_albumin_51                                                           | 2067	 (14474, 39)             | 45.00     (-0.26)
	Serum_alkaline_phosphatase_50                                              | 2067	 (14474, 39)             | 40.00     (-0.50)
	Serum_bilirubin_level_53                                                   | 2067	 (14474, 39)             | 10.00     (-0.49)
	Serum_cholesterol_97                                                       | 2067	 (14474, 39)             | 6.30      (-0.41)
	Serum_creatinine_31                                                        | 2067	 (14474, 39)             | 87.00     (-0.49)
	Serum_potassium_26                                                         | 2067	 (14474, 39)             | 5.10      (0.01)
	Serum_sodium_24                                                            | 2067	 (14474, 39)             | 141.00    (-0.04)
	Serum_triglycerides_105                                                    | 2067	 (14474, 39)             | 0.96      (-0.49)
	Serum_urea_level_29                                                        | 2067	 (14474, 39)             | 4.90      (-0.03)
	Total_cholesterol_HDL_ratio_95                                             | 2067	 (14474, 39)             | 2.10      (-0.50)
	............................................................new week............................................................
	Diastolic_blood_pressure_5                                                 | 2068	 (14478, 39)             | 95.00     (-0.30)
	Diastolic_blood_pressure_5                                                 | 2068	 (14478, 39)             | 96.00     (-0.30)
	Systolic_blood_pressure_4                                                  | 2068	 (14478, 39)             | 163.00    (-0.14)
	Systolic_blood_pressure_4                                                  | 2068	 (14478, 39)             | 174.00    (-0.11)
	............................................................new week............................................................
	Diastolic_blood_pressure_5                                                 | 2104	 (14733, 40)             | 98.00     (-0.29)
	Systolic_blood_pressure_4                                                  | 2104	 (14733, 40)             | 154.00    (-0.16)
	............................................................new week............................................................
	Diastolic_blood_pressure_5                                                 | 2105	 (14740, 40)             | 105.00    (-0.28)
	Systolic_blood_pressure_4                                                  | 2105	 (14740, 40)             | 168.00    (-0.13)
	............................................................new week............................................................
	Haematocrit_15                                                             | 2119	 (14835, 40)             | 0.42      (-0.08)
	Haemoglobin_estimation_9                                                   | 2119	 (14835, 40)             | 138.00    (-0.06)
	Lymphocyte_count_20                                                        | 2119	 (14835, 40)             | 1.00      (-0.50)
	Mean_corpusc_Hb_conc__MCHC__14                                             | 2119	 (14835, 40)             | 326.00    (0.14)
	Mean_corpusc_haemoglobin_MCH__13                                           | 2119	 (14835, 40)             | 31.00     (-0.20)
	Mean_corpuscular_volume__MCV__11                                           | 2119	 (14835, 40)             | 94.90     (-0.15)
	Monocyte_count_23                                                          | 2119	 (14835, 40)             | 0.40      (-0.48)
	Neutrophil_count_19                                                        | 2119	 (14835, 40)             | 1.60      (-0.47)
	Platelet_count_12                                                          | 2119	 (14835, 40)             | 225.01    (-0.50)
	Red_blood_cell__RBC__count_10                                              | 2119	 (14835, 40)             | 4.47      (-0.49)
	Red_blood_cell_distribution_width_17                                       | 2119	 (14835, 40)             | 12.50     (-0.48)
	Total_white_cell_count_18                                                  | 2119	 (14835, 40)             | 3.10      (-0.50)
	............................................................new week............................................................
	Body_mass_index_3                                                          | 2143	 (15007, 41)             | 23.59     (-0.35)
	Current_smoker_83                                                          | 2143	 (15007, 41)             | nan       (nan)
	Diastolic_blood_pressure_5                                                 | 2143	 (15007, 41)             | 92.00     (-0.31)
	O_E___height_1                                                             | 2143	 (15007, 41)             | 166.00    (0.08)
	O_E___weight_2                                                             | 2143	 (15007, 41)             | 65.00     (-0.40)
	Serum_HDL_cholesterol_level_100                                            | 2143	 (15007, 41)             | 2.15      (0.05)
	Serum_total_cholesterol_level_98                                           | 2143	 (15007, 41)             | 6.26      (-0.40)
	Systolic_blood_pressure_4                                                  | 2143	 (15007, 41)             | 134.00    (-0.22)
	Total_cholesterol_HDL_ratio_95                                             | 2143	 (15007, 41)             | 2.90      (-0.49)
	............................................................new week............................................................
	Nasal_steroids_optimal                                                     | 2170	 (15192, 41)             | nan       (nan)
	............................................................new week............................................................
	Nasal_steroids_optimal                                                     | 2229	 (15609, 42)             | nan       (nan)
	............................................................new week............................................................
	Mirtazapine                                                                | 2232	 (15626, 42)             | nan       (nan)
	............................................................new week............................................................
	Antihistamines_second_generation_H1_antagonists                            | 2233	 (15635, 42)             | nan       (nan)
	............................................................new week............................................................
	Mirtazapine                                                                | 2234	 (15644, 42)             | nan       (nan)
	............................................................new week............................................................
	Mirtazapine                                                                | 2235	 (15651, 42)             | nan       (nan)
	Nasal_steroids_optimal                                                     | 2235	 (15651, 42)             | nan       (nan)
	............................................................new week............................................................
	Mirtazapine                                                                | 2239	 (15674, 42)             | nan       (nan)
	............................................................new week............................................................
	Mirtazapine                                                                | 2243	 (15703, 43)             | nan       (nan)
	............................................................new week............................................................
	Mirtazapine                                                                | 2247	 (15733, 43)             | nan       (nan)
	............................................................new week............................................................
	Mirtazapine                                                                | 2253	 (15772, 43)             | nan       (nan)
	............................................................new week............................................................
	Mirtazapine                                                                | 2259	 (15815, 43)             | nan       (nan)
	............................................................new week............................................................
	Body_mass_index_3                                                          | 2263	 (15845, 43)             | 23.01     (-0.36)
	Diastolic_blood_pressure_5                                                 | 2263	 (15845, 43)             | 83.00     (-0.33)
	O_E___weight_2                                                             | 2263	 (15845, 43)             | 63.40     (-0.40)
	Systolic_blood_pressure_4                                                  | 2263	 (15845, 43)             | 142.00    (-0.20)
	............................................................new week............................................................
	Mirtazapine                                                                | 2266	 (15865, 43)             | nan       (nan)
	............................................................new week............................................................
	Nasal_steroids_optimal                                                     | 2273	 (15913, 43)             | nan       (nan)
	Mirtazapine                                                                | 2273	 (15914, 43)             | nan       (nan)

========================================================================================================================
DIAGNOSIS SUMMARY
['ALCOHOLMISUSE_V2', 'ALLERGICRHINITISCONJ', 'DEPRESSION']
========================================================================================================================


PREDICTED FUTURE EVENTS
========================================================================================================================
	EVENT                                                                     | AGE IN WEEKS (days, years)  | VALUE
	............................................................new week............................................................
	Mirtazapine                                                                | 2284	 (15991, 43)             | nan       (nan)
	............................................................new week............................................................
	Body_mass_index_3                                                          | 2287	 (16009, 43)             | 24.12     (-0.35)
	Ex_smoker_84                                                               | 2287	 (16009, 43)             | 9.16      (-0.39)
	O_E___height_1                                                             | 2287	 (16009, 43)             | 165.36    (0.08)
	............................................................new week............................................................
	Diastolic_blood_pressure_5                                                 | 2288	 (16019, 43)             | -51.26    (-0.69)
	O_E___height_1                                                             | 2288	 (16019, 43)             | 158.88    (0.05)
	O_E___weight_2                                                             | 2288	 (16019, 43)             | 89.23     (-0.36)
	Systolic_blood_pressure_4                                                  | 2288	 (16020, 43)             | 107.30    (-0.29)
	............................................................new week............................................................
	Mirtazapine                                                                | 2289	 (16026, 43)             | nan       (nan)
	............................................................new week............................................................
	Mirtazapine                                                                | 2294	 (16064, 44)             | nan       (nan)
	............................................................new week............................................................
	Mirtazapine                                                                | 2296	 (16077, 44)             | nan       (nan)
	............................................................new week............................................................
	Mirtazapine                                                                | 2300	 (16103, 44)             | nan       (nan)
	............................................................new week............................................................
	Serum_TSH_level_71                                                         | 2304	 (16128, 44)             | 17.81     (-0.46)
	Serum_free_T4_level_75                                                     | 2304	 (16128, 44)             | -31.33    (-0.50)
	Mirtazapine                                                                | 2304	 (16128, 44)             | nan       (nan)
	............................................................new week............................................................
	Nasal_steroids_optimal                                                     | 2310	 (16172, 44)             | nan       (nan)
	............................................................new week............................................................
	Mirtazapine                                                                | 2311	 (16183, 44)             | nan       (nan)
	............................................................new week............................................................
	Mirtazapine                                                                | 2312	 (16189, 44)             | nan       (nan)
	Nasal_steroids_optimal                                                     | 2312	 (16189, 44)             | nan       (nan)
	............................................................new week............................................................
	Mirtazapine                                                                | 2316	 (16218, 44)             | nan       (nan)
	............................................................new week............................................................
	Vitamin_D                                                                  | 2318	 (16231, 44)             | nan       (nan)
	Mirtazapine                                                                | 2318	 (16231, 44)             | nan       (nan)
	............................................................new week............................................................
	Mirtazapine                                                                | 2322	 (16256, 44)             | nan       (nan)
	............................................................new week............................................................
	Mirtazapine                                                                | 2323	 (16263, 44)             | nan       (nan)
	............................................................new week............................................................
	Diastolic_blood_pressure_5                                                 | 2333	 (16333, 44)             | 79.42     (-0.34)
	Systolic_blood_pressure_4                                                  | 2333	 (16333, 44)             | 125.10    (-0.24)
	............................................................new week............................................................
	Mirtazapine                                                                | 2336	 (16355, 44)             | nan       (nan)
	............................................................new week............................................................
	Mirtazapine                                                                | 2338	 (16366, 44)             | nan       (nan)
	............................................................new week............................................................
	Mirtazapine                                                                | 2348	 (16439, 45)             | nan       (nan)
	Mirtazapine                                                                | 2348	 (16442, 45)             | nan       (nan)
	............................................................new week............................................................
	Basophil_count_22                                                          | 2351	 (16459, 45)             | -0.03     (-0.49)
	Calculated_LDL_cholesterol_level_103                                       | 2351	 (16459, 45)             | 3.05      (-0.40)
	Eosinophil_count_21                                                        | 2351	 (16463, 45)             | 0.38      (-0.44)
	............................................................new week............................................................
	GFR_calculated_abbreviated_MDRD_34                                         | 2352	 (16466, 45)             | 76.52     (-0.25)
	Haematocrit_15                                                             | 2352	 (16466, 45)             | 0.39      (-0.11)
	Haemoglobin_estimation_9                                                   | 2352	 (16468, 45)             | 147.65    (-0.03)
	HbA1c_level__DCCT_aligned__7                                               | 2352	 (16470, 45)             | 4.56      (-0.50)
	............................................................new week............................................................
	Anxiolytics_mumpredict                                                     | 2353	 (16472, 45)             | nan       (nan)
	Neutrophil_count_19                                                        | 2353	 (16472, 45)             | 2.95      (-0.44)
	Platelet_count_12                                                          | 2353	 (16472, 45)             | 4436.97   (-0.50)
	Red_blood_cell__RBC__count_10                                              | 2353	 (16472, 45)             | 4.73      (-0.49)
	Red_blood_cell_distribution_width_17                                       | 2353	 (16475, 45)             | 14.73     (-0.45)
	............................................................new week............................................................
	Serum_HDL_cholesterol_level_100                                            | 2354	 (16479, 45)             | 1.71      (-0.06)
	Serum_TSH_level_71                                                         | 2354	 (16481, 45)             | -2.91     (-0.50)
	Serum_cholesterol_97                                                       | 2354	 (16481, 45)             | 4.66      (-0.44)
	Serum_creatinine_31                                                        | 2354	 (16481, 45)             | 56.57     (-0.49)
	Serum_free_T4_level_75                                                     | 2354	 (16483, 45)             | 3.94      (-0.50)
	............................................................new week............................................................
	Serum_non_high_density_lipoprotein_cholesterol_level_107                   | 2355	 (16486, 45)             | 2.29      (0.09)
	Serum_triglycerides_105                                                    | 2355	 (16488, 45)             | 0.85      (-0.49)
	............................................................new week............................................................
	Body_mass_index_3                                                          | 2360	 (16523, 45)             | 15.96     (-0.41)
	Diastolic_blood_pressure_5                                                 | 2360	 (16525, 45)             | 65.48     (-0.38)
	Never_smoked_tobacco_85                                                    | 2360	 (16525, 45)             | 0.00      (0.40)
	O_E___height_1                                                             | 2360	 (16525, 45)             | 165.54    (0.08)
	............................................................new week............................................................
	O_E___weight_2                                                             | 2361	 (16528, 45)             | 53.87     (-0.42)
	Systolic_blood_pressure_4                                                  | 2361	 (16532, 45)             | 126.98    (-0.24)
	Mirtazapine                                                                | 2361	 (16532, 45)             | nan       (nan)
	............................................................new week............................................................
	Calcium_supplements_Optimal                                                | 2362	 (16534, 45)             | nan       (nan)
	Mirtazapine                                                                | 2362	 (16536, 45)             | nan       (nan)
	Mirtazapine                                                                | 2362	 (16536, 45)             | nan       (nan)
	Mirtazapine                                                                | 2362	 (16537, 45)             | nan       (nan)
	............................................................new week............................................................
	Mirtazapine                                                                | 2363	 (16547, 45)             | nan       (nan)
	............................................................new week............................................................
	Mirtazapine                                                                | 2365	 (16561, 45)             | nan       (nan)
	............................................................new week............................................................
	Mirtazapine                                                                | 2368	 (16578, 45)             | nan       (nan)
	Mirtazapine                                                                | 2368	 (16581, 45)             | nan       (nan)
	............................................................new week............................................................
	Mirtazapine                                                                | 2371	 (16603, 45)             | nan       (nan)
	............................................................new week............................................................
	Mirtazapine                                                                | 2372	 (16607, 45)             | nan       (nan)
	............................................................new week............................................................
	Mirtazapine                                                                | 2373	 (16614, 45)             | nan       (nan)
	............................................................new week............................................................
	Mirtazapine                                                                | 2377	 (16642, 45)             | nan       (nan)
	............................................................new week............................................................
	Mirtazapine                                                                | 2380	 (16664, 45)             | nan       (nan)
	............................................................new week............................................................
	Mirtazapine                                                                | 2386	 (16704, 45)             | nan       (nan)
	............................................................new week............................................................
	Mirtazapine                                                                | 2389	 (16727, 45)             | nan       (nan)
	............................................................new week............................................................
	Mirtazapine                                                                | 2392	 (16748, 45)             | nan       (nan)
	Mirtazapine                                                                | 2392	 (16749, 45)             | nan       (nan)
	............................................................new week............................................................
	Mirtazapine                                                                | 2394	 (16760, 45)             | nan       (nan)
	............................................................new week............................................................
	Haemoglobin_A1c_level___IFCC_standardised_6                                | 2395	 (16766, 45)             | 35.58     (-0.38)
	Haemoglobin_estimation_9                                                   | 2395	 (16766, 45)             | 58.73     (-0.33)
	Plasma_TSH_level_73                                                        | 2395	 (16771, 45)             | -148.33   (-0.79)
	Platelet_count_12                                                          | 2395	 (16771, 45)             | 654304.94 (-0.43)
	............................................................new week............................................................
	O_E___weight_2                                                             | 2396	 (16775, 45)             | 133.40    (-0.30)
	............................................................new week............................................................
	Mirtazapine                                                                | 2397	 (16782, 45)             | nan       (nan)
	............................................................new week............................................................
	Mirtazapine                                                                | 2401	 (16813, 46)             | nan       (nan)
	............................................................new week............................................................
	PropranololAnxiety_mumpredict                                              | 2403	 (16826, 46)             | nan       (nan)
	............................................................new week............................................................
	Mirtazapine                                                                | 2406	 (16848, 46)             | nan       (nan)
	............................................................new week............................................................
	Mirtazapine                                                                | 2408	 (16861, 46)             | nan       (nan)
	............................................................new week............................................................
	Mirtazapine                                                                | 2409	 (16864, 46)             | nan       (nan)
	............................................................new week............................................................
	Mirtazapine                                                                | 2412	 (16890, 46)             | nan       (nan)
	............................................................new week............................................................
	Mirtazapine                                                                | 2413	 (16896, 46)             | nan       (nan)
	Mirtazapine                                                                | 2413	 (16896, 46)             | nan       (nan)
	............................................................new week............................................................
	Mirtazapine                                                                | 2416	 (16917, 46)             | nan       (nan)
	............................................................new week............................................................
	Mirtazapine                                                                | 2417	 (16921, 46)             | nan       (nan)
	............................................................new week............................................................
	Mirtazapine                                                                | 2426	 (16983, 46)             | nan       (nan)
	............................................................new week............................................................
	Mirtazapine                                                                | 2434	 (17042, 46)             | nan       (nan)
	............................................................new week............................................................
	Mirtazapine                                                                | 2441	 (17089, 46)             | nan       (nan)
	............................................................new week............................................................
	Mirtazapine                                                                | 2442	 (17096, 46)             | nan       (nan)
	Nasal_steroids_optimal                                                     | 2442	 (17096, 46)             | nan       (nan)
	............................................................new week............................................................
	SSRIs_Optimal                                                              | 2449	 (17146, 46)             | nan       (nan)
	............................................................new week............................................................
	Mirtazapine                                                                | 2451	 (17159, 47)             | nan       (nan)
	............................................................new week............................................................
	Mirtazapine                                                                | 2459	 (17215, 47)             | nan       (nan)
	............................................................new week............................................................
	Serum_creatinine_31                                                        | 2466	 (17265, 47)             | -4524.67  (-0.95)
	Serum_potassium_26                                                         | 2466	 (17266, 47)             | 4.47      (-0.06)
	Serum_sodium_24                                                            | 2466	 (17266, 47)             | 136.23    (-0.08)
	Serum_urea_level_29                                                        | 2466	 (17266, 47)             | 5.38      (0.02)
	............................................................new week............................................................
	Mirtazapine                                                                | 2468	 (17281, 47)             | nan       (nan)
	............................................................new week............................................................
	Mirtazapine                                                                | 2469	 (17286, 47)             | nan       (nan)
	Mirtazapine                                                                | 2469	 (17288, 47)             | nan       (nan)
	............................................................new week............................................................
	Mirtazapine                                                                | 2471	 (17303, 47)             | nan       (nan)
	............................................................new week............................................................
	Mirtazapine                                                                | 2479	 (17356, 47)             | nan       (nan)
	............................................................new week............................................................
	Mirtazapine                                                                | 2483	 (17383, 47)             | nan       (nan)
	............................................................new week............................................................
	Mirtazapine                                                                | 2485	 (17400, 47)             | nan       (nan)
	............................................................new week............................................................
	Mirtazapine                                                                | 2486	 (17402, 47)             | nan       (nan)
	............................................................new week............................................................
	Mirtazapine                                                                | 2488	 (17422, 47)             | nan       (nan)
	............................................................new week............................................................
	NSAIDS_oral_OPTIMAL_final                                                  | 2505	 (17540, 48)             | nan       (nan)
	............................................................new week............................................................
	Calcium_supplements_Optimal                                                | 2506	 (17542, 48)             | nan       (nan)
	Mirtazapine                                                                | 2506	 (17544, 48)             | nan       (nan)
	............................................................new week............................................................
	SNRIs_OPTIMAL                                                              | 2508	 (17562, 48)             | nan       (nan)
	............................................................new week............................................................
	Tricyclic_Antidepressants_final                                            | 2511	 (17577, 48)             | nan       (nan)
	............................................................new week............................................................
	Mirtazapine                                                                | 2514	 (17604, 48)             | nan       (nan)
	............................................................new week............................................................
	Mirtazapine                                                                | 2517	 (17624, 48)             | nan       (nan)
	............................................................new week............................................................
	Mirtazapine                                                                | 2518	 (17630, 48)             | nan       (nan)
	............................................................new week............................................................
	Mirtazapine                                                                | 2519	 (17635, 48)             | nan       (nan)
	............................................................new week............................................................
	Mirtazapine                                                                | 2523	 (17663, 48)             | nan       (nan)
	............................................................new week............................................................
	Mirtazapine                                                                | 2528	 (17696, 48)             | nan       (nan)
	............................................................new week............................................................
	Mirtazapine                                                                | 2533	 (17736, 48)             | nan       (nan)
	............................................................new week............................................................
	Mirtazapine                                                                | 2539	 (17778, 48)             | nan       (nan)
	............................................................new week............................................................
	Mirtazapine                                                                | 2541	 (17792, 48)             | nan       (nan)
	............................................................new week............................................................
	Mirtazapine                                                                | 2543	 (17803, 48)             | nan       (nan)
	............................................................new week............................................................
	Mirtazapine                                                                | 2547	 (17831, 48)             | nan       (nan)
	............................................................new week............................................................
	Mirtazapine                                                                | 2549	 (17847, 48)             | nan       (nan)
	............................................................new week............................................................
	Mirtazapine                                                                | 2552	 (17869, 48)             | nan       (nan)
	............................................................new week............................................................
	all_contraceptive                                                          | 2555	 (17886, 49)             | nan       (nan)
	............................................................new week............................................................
	all_contraceptive                                                          | 2559	 (17919, 49)             | nan       (nan)
	............................................................new week............................................................
	Mirtazapine                                                                | 2561	 (17930, 49)             | nan       (nan)
	............................................................new week............................................................
	Mirtazapine                                                                | 2562	 (17939, 49)             | nan       (nan)
	Mirtazapine                                                                | 2562	 (17940, 49)             | nan       (nan)
	............................................................new week............................................................
	Mirtazapine                                                                | 2565	 (17955, 49)             | nan       (nan)
	Mirtazapine                                                                | 2565	 (17955, 49)             | nan       (nan)
	............................................................new week............................................................
	Mirtazapine                                                                | 2566	 (17964, 49)             | nan       (nan)
	............................................................new week............................................................
	Mirtazapine                                                                | 2568	 (17977, 49)             | nan       (nan)
	SSRIs_Optimal                                                              | 2568	 (17981, 49)             | nan       (nan)
	............................................................new week............................................................
	Mirtazapine                                                                | 2571	 (17999, 49)             | nan       (nan)
	Mirtazapine                                                                | 2571	 (17999, 49)             | nan       (nan)
	Mirtazapine                                                                | 2571	 (17999, 49)             | nan       (nan)
	............................................................new week............................................................
	Mirtazapine                                                                | 2574	 (18021, 49)             | nan       (nan)
	............................................................new week............................................................
	Mirtazapine                                                                | 2575	 (18028, 49)             | nan       (nan)
	Mirtazapine                                                                | 2575	 (18030, 49)             | nan       (nan)
	............................................................new week............................................................
	Mirtazapine                                                                | 2577	 (18041, 49)             | nan       (nan)
	............................................................new week............................................................
	Mirtazapine                                                                | 2580	 (18061, 49)             | nan       (nan)
	Mirtazapine                                                                | 2580	 (18065, 49)             | nan       (nan)
	............................................................new week............................................................
	Mirtazapine                                                                | 2583	 (18081, 49)             | nan       (nan)
	Mirtazapine                                                                | 2583	 (18081, 49)             | nan       (nan)
