STATIC INFORMATION
========================================================================================================================
	SEX:               M
	IMD:               5.0
	ETHNICITY:         BLACK
	birth_year:        1978.0


GIVEN PATIENT CONTEXT
========================================================================================================================
	EVENT                                                                     | AGE IN WEEKS (days, years)   | VALUE
	............................................................new week............................................................
	ALCOHOLMISUSE_V2                                                           | 1777	 (12445, 34)             | nan       (nan)
	............................................................new week............................................................
	Body_mass_index_3                                                          | 1778	 (12449, 34)             | 25.20     (-0.34)
	Diastolic_blood_pressure_5                                                 | 1778	 (12449, 34)             | 80.00     (-0.34)
	O_E___height_1                                                             | 1778	 (12449, 34)             | 167.00    (0.08)
	O_E___weight_2                                                             | 1778	 (12449, 34)             | 70.20     (-0.39)
	Systolic_blood_pressure_4                                                  | 1778	 (12449, 34)             | 142.00    (-0.20)
	............................................................new week............................................................
	Nasal_steroids_optimal                                                     | 1814	 (12701, 34)             | nan       (nan)
	............................................................new week............................................................
	Nasal_steroids_optimal                                                     | 1820	 (12745, 34)             | nan       (nan)
	............................................................new week............................................................
	GFR_calculated_abbreviated_MDRD_34                                         | 1830	 (12816, 35)             | nan       (nan)
	Haemoglobin_estimation_9                                                   | 1830	 (12816, 35)             | 143.00    (-0.04)
	Lymphocyte_count_20                                                        | 1830	 (12816, 35)             | 0.90      (-0.50)
	Mean_corpusc_Hb_conc__MCHC__14                                             | 1830	 (12816, 35)             | 322.00    (0.14)
	Mean_corpusc_haemoglobin_MCH__13                                           | 1830	 (12816, 35)             | 30.60     (-0.20)
	Mean_corpuscular_volume__MCV__11                                           | 1830	 (12816, 35)             | 95.20     (-0.14)
	Monocyte_count_23                                                          | 1830	 (12816, 35)             | 0.20      (-0.49)
	Neutrophil_count_19                                                        | 1830	 (12816, 35)             | 1.00      (-0.48)
	Platelet_count_12                                                          | 1830	 (12816, 35)             | 258.09    (-0.50)
	Red_blood_cell__RBC__count_10                                              | 1830	 (12816, 35)             | 4.69      (-0.49)
	Red_blood_cell_distribution_width_17                                       | 1830	 (12816, 35)             | 12.80     (-0.47)
	Serum_C_reactive_protein_level_59                                          | 1830	 (12816, 35)             | 4.00      (-0.03)
	Serum_alanine_aminotransferase_level_45                                    | 1830	 (12816, 35)             | 44.00     (-0.50)
	Serum_albumin_51                                                           | 1830	 (12816, 35)             | 42.00     (-0.28)
	Serum_alkaline_phosphatase_50                                              | 1830	 (12816, 35)             | 32.00     (-0.50)
	Serum_bilirubin_level_53                                                   | 1830	 (12816, 35)             | 13.00     (-0.48)
	Serum_creatinine_31                                                        | 1830	 (12816, 35)             | 85.00     (-0.49)
	Serum_gamma_glutamyl_transferase_level_57                                  | 1830	 (12816, 35)             | 38.00     (0.04)
	Serum_potassium_26                                                         | 1830	 (12816, 35)             | 4.10      (-0.10)
	Serum_sodium_24                                                            | 1830	 (12816, 35)             | 139.00    (-0.05)
	Serum_urea_level_29                                                        | 1830	 (12816, 35)             | 6.50      (0.13)
	Total_white_cell_count_18                                                  | 1830	 (12816, 35)             | 2.20      (-0.50)
	............................................................new week............................................................
	Haemoglobin_estimation_9                                                   | 1834	 (12842, 35)             | 148.00    (-0.02)
	Lymphocyte_count_20                                                        | 1834	 (12842, 35)             | 0.90      (-0.50)
	Mean_corpusc_Hb_conc__MCHC__14                                             | 1834	 (12842, 35)             | 317.00    (0.13)
	Mean_corpusc_haemoglobin_MCH__13                                           | 1834	 (12842, 35)             | 30.50     (-0.20)
	Mean_corpuscular_volume__MCV__11                                           | 1834	 (12842, 35)             | 96.30     (-0.14)
	Monocyte_count_23                                                          | 1834	 (12842, 35)             | 0.30      (-0.48)
	Neutrophil_count_19                                                        | 1834	 (12842, 35)             | 1.30      (-0.47)
	Platelet_count_12                                                          | 1834	 (12842, 35)             | 227.99    (-0.50)
	Red_blood_cell__RBC__count_10                                              | 1834	 (12842, 35)             | 4.86      (-0.49)
	Red_blood_cell_distribution_width_17                                       | 1834	 (12842, 35)             | 12.20     (-0.48)
	Total_white_cell_count_18                                                  | 1834	 (12842, 35)             | 2.60      (-0.50)
	............................................................new week............................................................
	Haemoglobin_estimation_9                                                   | 1845	 (12920, 35)             | 151.00    (-0.01)
	Lymphocyte_count_20                                                        | 1845	 (12920, 35)             | 1.20      (-0.49)
	Mean_corpusc_Hb_conc__MCHC__14                                             | 1845	 (12920, 35)             | 322.00    (0.14)
	Mean_corpusc_haemoglobin_MCH__13                                           | 1845	 (12920, 35)             | 30.60     (-0.20)
	Mean_corpuscular_volume__MCV__11                                           | 1845	 (12920, 35)             | 95.00     (-0.15)
	Monocyte_count_23                                                          | 1845	 (12920, 35)             | 0.30      (-0.48)
	Neutrophil_count_19                                                        | 1845	 (12920, 35)             | 1.10      (-0.48)
	Platelet_count_12                                                          | 1845	 (12920, 35)             | 275.08    (-0.50)
	Red_blood_cell__RBC__count_10                                              | 1845	 (12920, 35)             | 4.93      (-0.49)
	Red_blood_cell_distribution_width_17                                       | 1845	 (12920, 35)             | 11.30     (-0.49)
	Total_white_cell_count_18                                                  | 1845	 (12920, 35)             | 2.60      (-0.50)
	............................................................new week............................................................
	Nasal_steroids_optimal                                                     | 1862	 (13039, 35)             | nan       (nan)
	Nasal_steroids_optimal                                                     | 1862	 (13039, 35)             | nan       (nan)
	Nasal_steroids_optimal                                                     | 1862	 (13040, 35)             | nan       (nan)
	............................................................new week............................................................
	Nasal_steroids_optimal                                                     | 1872	 (13110, 35)             | nan       (nan)
	............................................................new week............................................................
	Haemoglobin_estimation_9                                                   | 1895	 (13271, 36)             | 148.00    (-0.02)
	Lymphocyte_count_20                                                        | 1895	 (13271, 36)             | 1.70      (-0.49)
	Mean_corpusc_Hb_conc__MCHC__14                                             | 1895	 (13271, 36)             | 331.00    (0.16)
	Mean_corpusc_haemoglobin_MCH__13                                           | 1895	 (13271, 36)             | 31.20     (-0.19)
	Mean_corpuscular_volume__MCV__11                                           | 1895	 (13271, 36)             | 94.10     (-0.15)
	Monocyte_count_23                                                          | 1895	 (13271, 36)             | 0.40      (-0.48)
	Neutrophil_count_19                                                        | 1895	 (13271, 36)             | 1.40      (-0.47)
	Platelet_count_12                                                          | 1895	 (13271, 36)             | 250.94    (-0.50)
	Red_blood_cell__RBC__count_10                                              | 1895	 (13271, 36)             | 4.74      (-0.49)
	Red_blood_cell_distribution_width_17                                       | 1895	 (13271, 36)             | 11.80     (-0.48)
	Total_white_cell_count_18                                                  | 1895	 (13271, 36)             | 3.50      (-0.50)
	............................................................new week............................................................
	Nasal_steroids_optimal                                                     | 1929	 (13505, 37)             | nan       (nan)
	ALLERGICRHINITISCONJ                                                       | 1929	 (13505, 37)             | nan       (nan)
	............................................................new week............................................................
	Diastolic_blood_pressure_5                                                 | 1982	 (13877, 38)             | 72.00     (-0.36)
	Systolic_blood_pressure_4                                                  | 1982	 (13877, 38)             | 130.00    (-0.23)
	............................................................new week............................................................
	Haemoglobin_estimation_9                                                   | 2003	 (14027, 38)             | 147.00    (-0.03)
	Lymphocyte_count_20                                                        | 2003	 (14027, 38)             | 1.30      (-0.49)
	Mean_corpusc_Hb_conc__MCHC__14                                             | 2003	 (14027, 38)             | 331.00    (0.16)
	Mean_corpusc_haemoglobin_MCH__13                                           | 2003	 (14027, 38)             | 31.10     (-0.20)
	Mean_corpuscular_volume__MCV__11                                           | 2003	 (14027, 38)             | 93.90     (-0.15)
	Monocyte_count_23                                                          | 2003	 (14027, 38)             | 0.50      (-0.47)
	Neutrophil_count_19                                                        | 2003	 (14027, 38)             | 1.20      (-0.48)
	Platelet_count_12                                                          | 2003	 (14027, 38)             | 239.01    (-0.50)
	Red_blood_cell__RBC__count_10                                              | 2003	 (14027, 38)             | 4.73      (-0.49)
	Red_blood_cell_distribution_width_17                                       | 2003	 (14027, 38)             | 12.50     (-0.48)
	Total_white_cell_count_18                                                  | 2003	 (14027, 38)             | 3.10      (-0.50)
	............................................................new week............................................................
	Nasal_steroids_optimal                                                     | 2020	 (14142, 38)             | nan       (nan)
	............................................................new week............................................................
	Body_mass_index_3                                                          | 2033	 (14234, 38)             | 23.60     (-0.35)
	Diastolic_blood_pressure_5                                                 | 2033	 (14234, 38)             | 93.00     (-0.31)
	O_E___height_1                                                             | 2033	 (14234, 38)             | 167.00    (0.08)
	O_E___weight_2                                                             | 2033	 (14234, 38)             | 66.00     (-0.40)
	Systolic_blood_pressure_4                                                  | 2033	 (14234, 38)             | 139.00    (-0.21)
	............................................................new week............................................................
	Calculated_LDL_cholesterol_level_103                                       | 2034	 (14242, 39)             | 2.50      (-0.42)
	GFR_calculated_abbreviated_MDRD_34                                         | 2034	 (14242, 39)             | 60.00     (-0.30)
	Haemoglobin_A1c_level___IFCC_standardised_6                                | 2034	 (14242, 39)             | 29.00     (-0.40)
	Haemoglobin_estimation_9                                                   | 2034	 (14242, 39)             | 143.00    (-0.04)
	Lymphocyte_count_20                                                        | 2034	 (14242, 39)             | 1.20      (-0.49)
	Mean_corpusc_Hb_conc__MCHC__14                                             | 2034	 (14242, 39)             | 335.00    (0.16)
	Mean_corpusc_haemoglobin_MCH__13                                           | 2034	 (14242, 39)             | 31.50     (-0.19)
	Mean_corpuscular_volume__MCV__11                                           | 2034	 (14242, 39)             | 93.90     (-0.15)
	Monocyte_count_23                                                          | 2034	 (14242, 39)             | 0.50      (-0.47)
	Neutrophil_count_19                                                        | 2034	 (14242, 39)             | 1.40      (-0.47)
	Non_HDL_cholesterol_level_108                                              | 2034	 (14242, 39)             | 3.00      (-0.03)
	Platelet_count_12                                                          | 2034	 (14242, 39)             | 262.86    (-0.50)
	Red_blood_cell__RBC__count_10                                              | 2034	 (14242, 39)             | 4.54      (-0.49)
	Red_blood_cell_distribution_width_17                                       | 2034	 (14242, 39)             | 12.30     (-0.48)
	Serum_HDL_cholesterol_level_100                                            | 2034	 (14242, 39)             | 3.08      (0.29)
	Serum_TSH_level_71                                                         | 2034	 (14242, 39)             | 1.15      (-0.50)
	Serum_alanine_aminotransferase_level_45                                    | 2034	 (14242, 39)             | 52.00     (-0.50)
	Serum_albumin_51                                                           | 2034	 (14242, 39)             | 43.00     (-0.27)
	Serum_alkaline_phosphatase_50                                              | 2034	 (14242, 39)             | 50.00     (-0.50)
	Serum_bilirubin_level_53                                                   | 2034	 (14242, 39)             | 17.00     (-0.48)
	Serum_cholesterol_97                                                       | 2034	 (14242, 39)             | 6.10      (-0.41)
	Serum_creatinine_31                                                        | 2034	 (14242, 39)             | 88.00     (-0.49)
	Serum_potassium_26                                                         | 2034	 (14242, 39)             | 4.40      (-0.07)
	Serum_sodium_24                                                            | 2034	 (14242, 39)             | 140.00    (-0.05)
	Serum_triglycerides_105                                                    | 2034	 (14242, 39)             | 1.10      (-0.49)
	Serum_urea_level_29                                                        | 2034	 (14242, 39)             | 5.10      (-0.01)
	Total_cholesterol_HDL_ratio_95                                             | 2034	 (14242, 39)             | 2.00      (-0.50)
	Total_white_cell_count_18                                                  | 2034	 (14242, 39)             | 3.10      (-0.50)
	............................................................new week............................................................
	SSRIs_Optimal                                                              | 2061	 (14430, 39)             | nan       (nan)
	DEPRESSION                                                                 | 2061	 (14430, 39)             | nan       (nan)
	............................................................new week............................................................
	Body_mass_index_3                                                          | 2067	 (14471, 39)             | 24.00     (-0.35)
	Diastolic_blood_pressure_5                                                 | 2067	 (14471, 39)             | 99.00     (-0.29)
	O_E___weight_2                                                             | 2067	 (14471, 39)             | 67.00     (-0.40)
	Systolic_blood_pressure_4                                                  | 2067	 (14471, 39)             | 169.00    (-0.12)
	Calculated_LDL_cholesterol_level_103                                       | 2067	 (14474, 39)             | 2.80      (-0.41)
	GFR_calculated_abbreviated_MDRD_34                                         | 2067	 (14474, 39)             | 60.00     (-0.30)
	Haemoglobin_A1c_level___IFCC_standardised_6                                | 2067	 (14474, 39)             | 32.00     (-0.39)
	Non_HDL_cholesterol_level_108                                              | 2067	 (14474, 39)             | 3.30      (0.02)
	Serum_HDL_cholesterol_level_100                                            | 2067	 (14474, 39)             | 3.07      (0.29)
	Serum_TSH_level_71                                                         | 2067	 (14474, 39)             | 1.23      (-0.50)
	Serum_alanine_aminotransferase_level_45                                    | 2067	 (14474, 39)             | 44.00     (-0.50)
	Serum_albumin_51                                                           | 2067	 (14474, 39)             | 45.00     (-0.26)
	Serum_alkaline_phosphatase_50                                              | 2067	 (14474, 39)             | 40.00     (-0.50)
	Serum_bilirubin_level_53                                                   | 2067	 (14474, 39)             | 10.00     (-0.49)
	Serum_cholesterol_97                                                       | 2067	 (14474, 39)             | 6.30      (-0.41)
	Serum_creatinine_31                                                        | 2067	 (14474, 39)             | 87.00     (-0.49)
	Serum_potassium_26                                                         | 2067	 (14474, 39)             | 5.10      (0.01)
	Serum_sodium_24                                                            | 2067	 (14474, 39)             | 141.00    (-0.04)
	Serum_triglycerides_105                                                    | 2067	 (14474, 39)             | 0.96      (-0.49)
	Serum_urea_level_29                                                        | 2067	 (14474, 39)             | 4.90      (-0.03)
	Total_cholesterol_HDL_ratio_95                                             | 2067	 (14474, 39)             | 2.10      (-0.50)
	............................................................new week............................................................
	Diastolic_blood_pressure_5                                                 | 2068	 (14478, 39)             | 95.00     (-0.30)
	Diastolic_blood_pressure_5                                                 | 2068	 (14478, 39)             | 96.00     (-0.30)
	Systolic_blood_pressure_4                                                  | 2068	 (14478, 39)             | 163.00    (-0.14)
	Systolic_blood_pressure_4                                                  | 2068	 (14478, 39)             | 174.00    (-0.11)
	............................................................new week............................................................
	Diastolic_blood_pressure_5                                                 | 2104	 (14733, 40)             | 98.00     (-0.29)
	Systolic_blood_pressure_4                                                  | 2104	 (14733, 40)             | 154.00    (-0.16)
	............................................................new week............................................................
	Diastolic_blood_pressure_5                                                 | 2105	 (14740, 40)             | 105.00    (-0.28)
	Systolic_blood_pressure_4                                                  | 2105	 (14740, 40)             | 168.00    (-0.13)
	............................................................new week............................................................
	Haematocrit_15                                                             | 2119	 (14835, 40)             | 0.42      (-0.08)
	Haemoglobin_estimation_9                                                   | 2119	 (14835, 40)             | 138.00    (-0.06)
	Lymphocyte_count_20                                                        | 2119	 (14835, 40)             | 1.00      (-0.50)
	Mean_corpusc_Hb_conc__MCHC__14                                             | 2119	 (14835, 40)             | 326.00    (0.14)
	Mean_corpusc_haemoglobin_MCH__13                                           | 2119	 (14835, 40)             | 31.00     (-0.20)
	Mean_corpuscular_volume__MCV__11                                           | 2119	 (14835, 40)             | 94.90     (-0.15)
	Monocyte_count_23                                                          | 2119	 (14835, 40)             | 0.40      (-0.48)
	Neutrophil_count_19                                                        | 2119	 (14835, 40)             | 1.60      (-0.47)
	Platelet_count_12                                                          | 2119	 (14835, 40)             | 225.01    (-0.50)
	Red_blood_cell__RBC__count_10                                              | 2119	 (14835, 40)             | 4.47      (-0.49)
	Red_blood_cell_distribution_width_17                                       | 2119	 (14835, 40)             | 12.50     (-0.48)
	Total_white_cell_count_18                                                  | 2119	 (14835, 40)             | 3.10      (-0.50)
	............................................................new week............................................................
	Body_mass_index_3                                                          | 2143	 (15007, 41)             | 23.59     (-0.35)
	Current_smoker_83                                                          | 2143	 (15007, 41)             | nan       (nan)
	Diastolic_blood_pressure_5                                                 | 2143	 (15007, 41)             | 92.00     (-0.31)
	O_E___height_1                                                             | 2143	 (15007, 41)             | 166.00    (0.08)
	O_E___weight_2                                                             | 2143	 (15007, 41)             | 65.00     (-0.40)
	Serum_HDL_cholesterol_level_100                                            | 2143	 (15007, 41)             | 2.15      (0.05)
	Serum_total_cholesterol_level_98                                           | 2143	 (15007, 41)             | 6.26      (-0.40)
	Systolic_blood_pressure_4                                                  | 2143	 (15007, 41)             | 134.00    (-0.22)
	Total_cholesterol_HDL_ratio_95                                             | 2143	 (15007, 41)             | 2.90      (-0.49)
	............................................................new week............................................................
	Nasal_steroids_optimal                                                     | 2170	 (15192, 41)             | nan       (nan)
	............................................................new week............................................................
	Nasal_steroids_optimal                                                     | 2229	 (15609, 42)             | nan       (nan)
	............................................................new week............................................................
	Mirtazapine                                                                | 2232	 (15626, 42)             | nan       (nan)
	............................................................new week............................................................
	Antihistamines_second_generation_H1_antagonists                            | 2233	 (15635, 42)             | nan       (nan)
	............................................................new week............................................................
	Mirtazapine                                                                | 2234	 (15644, 42)             | nan       (nan)
	............................................................new week............................................................
	Mirtazapine                                                                | 2235	 (15651, 42)             | nan       (nan)
	Nasal_steroids_optimal                                                     | 2235	 (15651, 42)             | nan       (nan)
	............................................................new week............................................................
	Mirtazapine                                                                | 2239	 (15674, 42)             | nan       (nan)
	............................................................new week............................................................
	Mirtazapine                                                                | 2243	 (15703, 43)             | nan       (nan)
	............................................................new week............................................................
	Mirtazapine                                                                | 2247	 (15733, 43)             | nan       (nan)
	............................................................new week............................................................
	Mirtazapine                                                                | 2253	 (15772, 43)             | nan       (nan)
	............................................................new week............................................................
	Mirtazapine                                                                | 2259	 (15815, 43)             | nan       (nan)
	............................................................new week............................................................
	Body_mass_index_3                                                          | 2263	 (15845, 43)             | 23.01     (-0.36)
	Diastolic_blood_pressure_5                                                 | 2263	 (15845, 43)             | 83.00     (-0.33)
	O_E___weight_2                                                             | 2263	 (15845, 43)             | 63.40     (-0.40)
	Systolic_blood_pressure_4                                                  | 2263	 (15845, 43)             | 142.00    (-0.20)
	............................................................new week............................................................
	Mirtazapine                                                                | 2266	 (15865, 43)             | nan       (nan)
	............................................................new week............................................................
	Nasal_steroids_optimal                                                     | 2273	 (15913, 43)             | nan       (nan)
	Mirtazapine                                                                | 2273	 (15914, 43)             | nan       (nan)

========================================================================================================================
DIAGNOSIS SUMMARY
['ALCOHOLMISUSE_V2', 'ALLERGICRHINITISCONJ', 'DEPRESSION']
========================================================================================================================


PREDICTED FUTURE EVENTS
========================================================================================================================
	EVENT                                                                     | AGE IN WEEKS (days, years)  | VALUE
	............................................................new week............................................................
	Mirtazapine                                                                | 2275	 (15929, 43)             | nan       (nan)
	............................................................new week............................................................
	Mirtazapine                                                                | 2286	 (16008, 43)             | nan       (nan)
	............................................................new week............................................................
	Mirtazapine                                                                | 2292	 (16044, 43)             | nan       (nan)
	............................................................new week............................................................
	GFR_calculated_abbreviated_MDRD_34                                         | 2296	 (16072, 44)             | 82.14     (-0.23)
	Serum_HDL_cholesterol_level_100                                            | 2296	 (16072, 44)             | 1.17      (-0.20)
	Serum_TSH_level_71                                                         | 2296	 (16072, 44)             | 2.20      (-0.49)
	Serum_alanine_aminotransferase_level_45                                    | 2296	 (16072, 44)             | 112.58    (-0.50)
	Serum_albumin_51                                                           | 2296	 (16075, 44)             | 46.61     (-0.25)
	Serum_alkaline_phosphatase_50                                              | 2296	 (16075, 44)             | 24.02     (-0.50)
	Serum_cholesterol_HDL_ratio_94                                             | 2296	 (16075, 44)             | 7.57      (-0.47)
	Serum_creatinine_31                                                        | 2296	 (16075, 44)             | 77.21     (-0.49)
	............................................................new week............................................................
	Serum_non_high_density_lipoprotein_cholesterol_level_107                   | 2297	 (16081, 44)             | 2.53      (0.15)
	Serum_potassium_26                                                         | 2297	 (16083, 44)             | 4.07      (-0.10)
	Serum_sodium_24                                                            | 2297	 (16083, 44)             | 136.18    (-0.08)
	Serum_triglycerides_105                                                    | 2297	 (16083, 44)             | 2.89      (-0.47)
	Systolic_blood_pressure_4                                                  | 2297	 (16083, 44)             | 146.81    (-0.18)
	............................................................new week............................................................
	Nasal_steroids_optimal                                                     | 2298	 (16086, 44)             | nan       (nan)
	............................................................new week............................................................
	Mirtazapine                                                                | 2301	 (16110, 44)             | nan       (nan)
	............................................................new week............................................................
	Mirtazapine                                                                | 2303	 (16123, 44)             | nan       (nan)
	............................................................new week............................................................
	Mirtazapine                                                                | 2304	 (16128, 44)             | nan       (nan)
	............................................................new week............................................................
	Mirtazapine                                                                | 2307	 (16150, 44)             | nan       (nan)
	Mirtazapine                                                                | 2307	 (16154, 44)             | nan       (nan)
	............................................................new week............................................................
	Diastolic_blood_pressure_5                                                 | 2310	 (16170, 44)             | 78.58     (-0.35)
	Systolic_blood_pressure_4                                                  | 2310	 (16170, 44)             | 129.97    (-0.23)
	............................................................new week............................................................
	Body_mass_index_3                                                          | 2313	 (16194, 44)             | 26.95     (-0.32)
	Diastolic_blood_pressure_5                                                 | 2313	 (16196, 44)             | 95.57     (-0.30)
	Ex_smoker_84                                                               | 2313	 (16196, 44)             | 137.68    (1.22)
	Systolic_blood_pressure_4                                                  | 2313	 (16196, 44)             | 143.03    (-0.19)
	............................................................new week............................................................
	Mirtazapine                                                                | 2315	 (16209, 44)             | nan       (nan)
	Mirtazapine                                                                | 2315	 (16209, 44)             | nan       (nan)
	............................................................new week............................................................
	Mirtazapine                                                                | 2320	 (16240, 44)             | nan       (nan)
	Mirtazapine                                                                | 2320	 (16243, 44)             | nan       (nan)
	Lipid_lowering_drugs_Optimal                                               | 2320	 (16245, 44)             | nan       (nan)
	............................................................new week............................................................
	Statins                                                                    | 2321	 (16249, 44)             | nan       (nan)
	............................................................new week............................................................
	Diastolic_blood_pressure_5                                                 | 2353	 (16475, 45)             | 77.72     (-0.35)
	............................................................new week............................................................
	Diastolic_blood_pressure_5                                                 | 2354	 (16479, 45)             | 90.75     (-0.31)
	Systolic_blood_pressure_4                                                  | 2354	 (16479, 45)             | 151.22    (-0.17)
	Mirtazapine                                                                | 2354	 (16481, 45)             | nan       (nan)
	............................................................new week............................................................
	Mirtazapine                                                                | 2358	 (16512, 45)             | nan       (nan)
	............................................................new week............................................................
	Mirtazapine                                                                | 2360	 (16526, 45)             | nan       (nan)
	............................................................new week............................................................
	LKA_PUSHAsthma                                                             | 2361	 (16528, 45)             | nan       (nan)
	............................................................new week............................................................
	Mirtazapine                                                                | 2363	 (16543, 45)             | nan       (nan)
	Mirtazapine                                                                | 2363	 (16543, 45)             | nan       (nan)
	............................................................new week............................................................
	Mirtazapine                                                                | 2370	 (16594, 45)             | nan       (nan)
	............................................................new week............................................................
	Mirtazapine                                                                | 2371	 (16600, 45)             | nan       (nan)
	............................................................new week............................................................
	Basophil_count_22                                                          | 2376	 (16632, 45)             | 0.01      (-0.49)
	Eosinophil_count_21                                                        | 2376	 (16632, 45)             | 0.49      (-0.43)
	GFR_calculated_abbreviated_MDRD_34                                         | 2376	 (16632, 45)             | 75.45     (-0.25)
	Haematocrit_15                                                             | 2376	 (16632, 45)             | 0.41      (-0.09)
	Haemoglobin_A1c_level___IFCC_standardised_6                                | 2376	 (16632, 45)             | 41.28     (-0.35)
	Haemoglobin_estimation_9                                                   | 2376	 (16638, 45)             | 135.50    (-0.07)
	............................................................new week............................................................
	Lymphocyte_count_20                                                        | 2377	 (16640, 45)             | 2.82      (-0.49)
	Mean_corpusc_Hb_conc__MCHC__14                                             | 2377	 (16643, 45)             | 340.48    (0.17)
	............................................................new week............................................................
	Mean_corpusc_haemoglobin_MCH__13                                           | 2378	 (16647, 45)             | 31.00     (-0.20)
	Mean_corpuscular_volume__MCV__11                                           | 2378	 (16647, 45)             | 93.73     (-0.15)
	Monocyte_count_23                                                          | 2378	 (16651, 45)             | 0.09      (-0.49)
	Neutrophil_count_19                                                        | 2378	 (16651, 45)             | 0.71      (-0.49)
	Platelet_count_12                                                          | 2378	 (16651, 45)             | 0.60      (-0.50)
	Serum_albumin_51                                                           | 2378	 (16651, 45)             | 25.03     (-0.37)
	Serum_alkaline_phosphatase_50                                              | 2378	 (16651, 45)             | 108.56    (-0.49)
	Serum_calcium_39                                                           | 2378	 (16651, 45)             | 2.47      (-0.26)
	Serum_creatinine_31                                                        | 2378	 (16651, 45)             | 149.76    (-0.49)
	............................................................new week............................................................
	Serum_ferritin_63                                                          | 2379	 (16653, 45)             | 75.70     (-0.50)
	Serum_folate_80                                                            | 2379	 (16653, 45)             | 6.24      (-0.07)
	Serum_potassium_26                                                         | 2379	 (16653, 45)             | 4.35      (-0.07)
	Serum_sodium_24                                                            | 2379	 (16653, 45)             | 140.72    (-0.04)
	Serum_total_bilirubin_level_56                                             | 2379	 (16653, 45)             | 31.40     (-0.46)
	Serum_urea_level_29                                                        | 2379	 (16654, 45)             | 5.41      (0.02)
	Serum_vitamin_B12_79                                                       | 2379	 (16654, 45)             | 720.32    (-0.46)
	............................................................new week............................................................
	Systolic_blood_pressure_4                                                  | 2380	 (16664, 45)             | 137.01    (-0.21)
	............................................................new week............................................................
	Calcium_supplements_Optimal                                                | 2382	 (16680, 45)             | nan       (nan)
	Mirtazapine                                                                | 2382	 (16680, 45)             | nan       (nan)
	Mirtazapine                                                                | 2382	 (16680, 45)             | nan       (nan)
	............................................................new week............................................................
	Mirtazapine                                                                | 2386	 (16702, 45)             | nan       (nan)
	............................................................new week............................................................
	Mirtazapine                                                                | 2389	 (16729, 45)             | nan       (nan)
	............................................................new week............................................................
	Body_mass_index_3                                                          | 2399	 (16793, 46)             | 23.88     (-0.35)
	O_E___height_1                                                             | 2399	 (16795, 46)             | 175.97    (0.12)
	O_E___weight_2                                                             | 2399	 (16795, 46)             | 88.84     (-0.36)
	............................................................new week............................................................
	Mirtazapine                                                                | 2400	 (16801, 46)             | nan       (nan)
	Lipid_lowering_drugs_Optimal                                               | 2400	 (16802, 46)             | nan       (nan)
	Mirtazapine                                                                | 2400	 (16806, 46)             | nan       (nan)
	............................................................new week............................................................
	Mirtazapine                                                                | 2402	 (16817, 46)             | nan       (nan)
	............................................................new week............................................................
	Mirtazapine                                                                | 2403	 (16822, 46)             | nan       (nan)
	Mirtazapine                                                                | 2403	 (16822, 46)             | nan       (nan)
	............................................................new week............................................................
	Mirtazapine                                                                | 2404	 (16828, 46)             | nan       (nan)
	............................................................new week............................................................
	Mirtazapine                                                                | 2405	 (16835, 46)             | nan       (nan)
	............................................................new week............................................................
	Serum_non_high_density_lipoprotein_cholesterol_level_107                   | 2407	 (16853, 46)             | 2.61      (0.17)
	Serum_total_bilirubin_level_56                                             | 2407	 (16855, 46)             | 70.05     (-0.42)
	............................................................new week............................................................
	Serum_urea_level_29                                                        | 2408	 (16857, 46)             | 6.02      (0.08)
	eGFR_using_creatinine_CKD_EPI_per_1_73_square_metres_33                    | 2408	 (16857, 46)             | 83.10     (-0.28)
	Mirtazapine                                                                | 2408	 (16859, 46)             | nan       (nan)
	............................................................new week............................................................
	Serum_non_high_density_lipoprotein_cholesterol_level_107                   | 2410	 (16874, 46)             | 4.21      (0.58)
	Serum_potassium_26                                                         | 2410	 (16875, 46)             | 4.44      (-0.06)
	Serum_sodium_24                                                            | 2410	 (16875, 46)             | 140.76    (-0.04)
	eGFR_using_creatinine_CKD_EPI_per_1_73_square_metres_33                    | 2410	 (16875, 46)             | 74.67     (-0.31)
	............................................................new week............................................................
	Mirtazapine                                                                | 2412	 (16885, 46)             | nan       (nan)
	............................................................new week............................................................
	Mirtazapine                                                                | 2414	 (16901, 46)             | nan       (nan)
	............................................................new week............................................................
	Mirtazapine                                                                | 2416	 (16914, 46)             | nan       (nan)
	Mirtazapine                                                                | 2416	 (16914, 46)             | nan       (nan)
	Mirtazapine                                                                | 2416	 (16916, 46)             | nan       (nan)
	Mirtazapine                                                                | 2416	 (16916, 46)             | nan       (nan)
	............................................................new week............................................................
	Mirtazapine                                                                | 2419	 (16936, 46)             | nan       (nan)
	............................................................new week............................................................
	Mirtazapine                                                                | 2420	 (16943, 46)             | nan       (nan)
	............................................................new week............................................................
	Mirtazapine                                                                | 2422	 (16956, 46)             | nan       (nan)
	............................................................new week............................................................
	Mirtazapine                                                                | 2430	 (17014, 46)             | nan       (nan)
	............................................................new week............................................................
	Mirtazapine                                                                | 2431	 (17020, 46)             | nan       (nan)
	............................................................new week............................................................
	Mirtazapine                                                                | 2432	 (17029, 46)             | nan       (nan)
	............................................................new week............................................................
	Mirtazapine                                                                | 2437	 (17060, 46)             | nan       (nan)
	Mirtazapine                                                                | 2437	 (17065, 46)             | nan       (nan)
	Mirtazapine                                                                | 2437	 (17065, 46)             | nan       (nan)
	............................................................new week............................................................
	Mirtazapine                                                                | 2439	 (17073, 46)             | nan       (nan)
	Mirtazapine                                                                | 2439	 (17075, 46)             | nan       (nan)
	............................................................new week............................................................
	Mirtazapine                                                                | 2446	 (17126, 46)             | nan       (nan)
	............................................................new week............................................................
	Mirtazapine                                                                | 2451	 (17159, 47)             | nan       (nan)
	............................................................new week............................................................
	Mirtazapine                                                                | 2454	 (17179, 47)             | nan       (nan)
	............................................................new week............................................................
	Mirtazapine                                                                | 2460	 (17224, 47)             | nan       (nan)
	............................................................new week............................................................
	Mirtazapine                                                                | 2466	 (17265, 47)             | nan       (nan)
	Mirtazapine                                                                | 2466	 (17268, 47)             | nan       (nan)
	............................................................new week............................................................
	Mirtazapine                                                                | 2473	 (17316, 47)             | nan       (nan)
	............................................................new week............................................................
	Mirtazapine                                                                | 2476	 (17332, 47)             | nan       (nan)
	............................................................new week............................................................
	Mirtazapine                                                                | 2481	 (17367, 47)             | nan       (nan)
	............................................................new week............................................................
	Mirtazapine                                                                | 2488	 (17422, 47)             | nan       (nan)
	............................................................new week............................................................
	Mirtazapine                                                                | 2490	 (17431, 47)             | nan       (nan)
	Mirtazapine                                                                | 2490	 (17433, 47)             | nan       (nan)
	............................................................new week............................................................
	Mirtazapine                                                                | 2491	 (17438, 47)             | nan       (nan)
	............................................................new week............................................................
	Mirtazapine                                                                | 2493	 (17453, 47)             | nan       (nan)
	............................................................new week............................................................
	Mirtazapine                                                                | 2498	 (17491, 47)             | nan       (nan)
	............................................................new week............................................................
	Mirtazapine                                                                | 2505	 (17535, 48)             | nan       (nan)
	Mirtazapine                                                                | 2505	 (17535, 48)             | nan       (nan)
	............................................................new week............................................................
	Mirtazapine                                                                | 2507	 (17550, 48)             | nan       (nan)
	............................................................new week............................................................
	Mirtazapine                                                                | 2508	 (17560, 48)             | nan       (nan)
	............................................................new week............................................................
	Mirtazapine                                                                | 2509	 (17566, 48)             | nan       (nan)
	Mirtazapine                                                                | 2509	 (17568, 48)             | nan       (nan)
	............................................................new week............................................................
	Mirtazapine                                                                | 2511	 (17579, 48)             | nan       (nan)
	............................................................new week............................................................
	Mirtazapine                                                                | 2520	 (17645, 48)             | nan       (nan)
	............................................................new week............................................................
	Mirtazapine                                                                | 2521	 (17652, 48)             | nan       (nan)
	............................................................new week............................................................
	Metformin_612_A10BD2                                                       | 2524	 (17670, 48)             | nan       (nan)
	............................................................new week............................................................
	Mirtazapine                                                                | 2528	 (17696, 48)             | nan       (nan)
	............................................................new week............................................................
	Mirtazapine                                                                | 2529	 (17705, 48)             | nan       (nan)
	............................................................new week............................................................
	Mirtazapine                                                                | 2540	 (17780, 48)             | nan       (nan)
	............................................................new week............................................................
	Metformin_612_A10BD2                                                       | 2551	 (17862, 48)             | nan       (nan)
	............................................................new week............................................................
	Mirtazapine                                                                | 2552	 (17869, 48)             | nan       (nan)
	............................................................new week............................................................
	Mirtazapine                                                                | 2555	 (17886, 49)             | nan       (nan)
	............................................................new week............................................................
	Mirtazapine                                                                | 2556	 (17895, 49)             | nan       (nan)
	............................................................new week............................................................
	Mirtazapine                                                                | 2557	 (17902, 49)             | nan       (nan)
	Mirtazapine                                                                | 2557	 (17902, 49)             | nan       (nan)
	............................................................new week............................................................
	Mirtazapine                                                                | 2560	 (17922, 49)             | nan       (nan)
	............................................................new week............................................................
	Mirtazapine                                                                | 2562	 (17935, 49)             | nan       (nan)
	Mirtazapine                                                                | 2562	 (17935, 49)             | nan       (nan)
	Lipid_lowering_drugs_Optimal                                               | 2562	 (17940, 49)             | nan       (nan)
