STATIC INFORMATION
========================================================================================================================
	SEX:               M
	IMD:               5.0
	ETHNICITY:         BLACK
	birth_year:        1978.0


GIVEN PATIENT CONTEXT
========================================================================================================================
	EVENT                                                                     | AGE IN WEEKS (days, years)   | VALUE
	............................................................new week............................................................
	ALCOHOLMISUSE_V2                                                           | 1777	 (12445, 34)             | nan       (nan)
	............................................................new week............................................................
	Body_mass_index_3                                                          | 1778	 (12449, 34)             | 25.20     (-0.34)
	Diastolic_blood_pressure_5                                                 | 1778	 (12449, 34)             | 80.00     (-0.34)
	O_E___height_1                                                             | 1778	 (12449, 34)             | 167.00    (0.08)
	O_E___weight_2                                                             | 1778	 (12449, 34)             | 70.20     (-0.39)
	Systolic_blood_pressure_4                                                  | 1778	 (12449, 34)             | 142.00    (-0.20)
	............................................................new week............................................................
	Nasal_steroids_optimal                                                     | 1814	 (12701, 34)             | nan       (nan)
	............................................................new week............................................................
	Nasal_steroids_optimal                                                     | 1820	 (12745, 34)             | nan       (nan)
	............................................................new week............................................................
	GFR_calculated_abbreviated_MDRD_34                                         | 1830	 (12816, 35)             | nan       (nan)
	Haemoglobin_estimation_9                                                   | 1830	 (12816, 35)             | 143.00    (-0.04)
	Lymphocyte_count_20                                                        | 1830	 (12816, 35)             | 0.90      (-0.50)
	Mean_corpusc_Hb_conc__MCHC__14                                             | 1830	 (12816, 35)             | 322.00    (0.14)
	Mean_corpusc_haemoglobin_MCH__13                                           | 1830	 (12816, 35)             | 30.60     (-0.20)
	Mean_corpuscular_volume__MCV__11                                           | 1830	 (12816, 35)             | 95.20     (-0.14)
	Monocyte_count_23                                                          | 1830	 (12816, 35)             | 0.20      (-0.49)
	Neutrophil_count_19                                                        | 1830	 (12816, 35)             | 1.00      (-0.48)
	Platelet_count_12                                                          | 1830	 (12816, 35)             | 258.09    (-0.50)
	Red_blood_cell__RBC__count_10                                              | 1830	 (12816, 35)             | 4.69      (-0.49)
	Red_blood_cell_distribution_width_17                                       | 1830	 (12816, 35)             | 12.80     (-0.47)
	Serum_C_reactive_protein_level_59                                          | 1830	 (12816, 35)             | 4.00      (-0.03)
	Serum_alanine_aminotransferase_level_45                                    | 1830	 (12816, 35)             | 44.00     (-0.50)
	Serum_albumin_51                                                           | 1830	 (12816, 35)             | 42.00     (-0.28)
	Serum_alkaline_phosphatase_50                                              | 1830	 (12816, 35)             | 32.00     (-0.50)
	Serum_bilirubin_level_53                                                   | 1830	 (12816, 35)             | 13.00     (-0.48)
	Serum_creatinine_31                                                        | 1830	 (12816, 35)             | 85.00     (-0.49)
	Serum_gamma_glutamyl_transferase_level_57                                  | 1830	 (12816, 35)             | 38.00     (0.04)
	Serum_potassium_26                                                         | 1830	 (12816, 35)             | 4.10      (-0.10)
	Serum_sodium_24                                                            | 1830	 (12816, 35)             | 139.00    (-0.05)
	Serum_urea_level_29                                                        | 1830	 (12816, 35)             | 6.50      (0.13)
	Total_white_cell_count_18                                                  | 1830	 (12816, 35)             | 2.20      (-0.50)
	............................................................new week............................................................
	Haemoglobin_estimation_9                                                   | 1834	 (12842, 35)             | 148.00    (-0.02)
	Lymphocyte_count_20                                                        | 1834	 (12842, 35)             | 0.90      (-0.50)
	Mean_corpusc_Hb_conc__MCHC__14                                             | 1834	 (12842, 35)             | 317.00    (0.13)
	Mean_corpusc_haemoglobin_MCH__13                                           | 1834	 (12842, 35)             | 30.50     (-0.20)
	Mean_corpuscular_volume__MCV__11                                           | 1834	 (12842, 35)             | 96.30     (-0.14)
	Monocyte_count_23                                                          | 1834	 (12842, 35)             | 0.30      (-0.48)
	Neutrophil_count_19                                                        | 1834	 (12842, 35)             | 1.30      (-0.47)
	Platelet_count_12                                                          | 1834	 (12842, 35)             | 227.99    (-0.50)
	Red_blood_cell__RBC__count_10                                              | 1834	 (12842, 35)             | 4.86      (-0.49)
	Red_blood_cell_distribution_width_17                                       | 1834	 (12842, 35)             | 12.20     (-0.48)
	Total_white_cell_count_18                                                  | 1834	 (12842, 35)             | 2.60      (-0.50)
	............................................................new week............................................................
	Haemoglobin_estimation_9                                                   | 1845	 (12920, 35)             | 151.00    (-0.01)
	Lymphocyte_count_20                                                        | 1845	 (12920, 35)             | 1.20      (-0.49)
	Mean_corpusc_Hb_conc__MCHC__14                                             | 1845	 (12920, 35)             | 322.00    (0.14)
	Mean_corpusc_haemoglobin_MCH__13                                           | 1845	 (12920, 35)             | 30.60     (-0.20)
	Mean_corpuscular_volume__MCV__11                                           | 1845	 (12920, 35)             | 95.00     (-0.15)
	Monocyte_count_23                                                          | 1845	 (12920, 35)             | 0.30      (-0.48)
	Neutrophil_count_19                                                        | 1845	 (12920, 35)             | 1.10      (-0.48)
	Platelet_count_12                                                          | 1845	 (12920, 35)             | 275.08    (-0.50)
	Red_blood_cell__RBC__count_10                                              | 1845	 (12920, 35)             | 4.93      (-0.49)
	Red_blood_cell_distribution_width_17                                       | 1845	 (12920, 35)             | 11.30     (-0.49)
	Total_white_cell_count_18                                                  | 1845	 (12920, 35)             | 2.60      (-0.50)
	............................................................new week............................................................
	Nasal_steroids_optimal                                                     | 1862	 (13039, 35)             | nan       (nan)
	Nasal_steroids_optimal                                                     | 1862	 (13039, 35)             | nan       (nan)
	Nasal_steroids_optimal                                                     | 1862	 (13040, 35)             | nan       (nan)
	............................................................new week............................................................
	Nasal_steroids_optimal                                                     | 1872	 (13110, 35)             | nan       (nan)
	............................................................new week............................................................
	Haemoglobin_estimation_9                                                   | 1895	 (13271, 36)             | 148.00    (-0.02)
	Lymphocyte_count_20                                                        | 1895	 (13271, 36)             | 1.70      (-0.49)
	Mean_corpusc_Hb_conc__MCHC__14                                             | 1895	 (13271, 36)             | 331.00    (0.16)
	Mean_corpusc_haemoglobin_MCH__13                                           | 1895	 (13271, 36)             | 31.20     (-0.19)
	Mean_corpuscular_volume__MCV__11                                           | 1895	 (13271, 36)             | 94.10     (-0.15)
	Monocyte_count_23                                                          | 1895	 (13271, 36)             | 0.40      (-0.48)
	Neutrophil_count_19                                                        | 1895	 (13271, 36)             | 1.40      (-0.47)
	Platelet_count_12                                                          | 1895	 (13271, 36)             | 250.94    (-0.50)
	Red_blood_cell__RBC__count_10                                              | 1895	 (13271, 36)             | 4.74      (-0.49)
	Red_blood_cell_distribution_width_17                                       | 1895	 (13271, 36)             | 11.80     (-0.48)
	Total_white_cell_count_18                                                  | 1895	 (13271, 36)             | 3.50      (-0.50)
	............................................................new week............................................................
	Nasal_steroids_optimal                                                     | 1929	 (13505, 37)             | nan       (nan)
	ALLERGICRHINITISCONJ                                                       | 1929	 (13505, 37)             | nan       (nan)
	............................................................new week............................................................
	Diastolic_blood_pressure_5                                                 | 1982	 (13877, 38)             | 72.00     (-0.36)
	Systolic_blood_pressure_4                                                  | 1982	 (13877, 38)             | 130.00    (-0.23)
	............................................................new week............................................................
	Haemoglobin_estimation_9                                                   | 2003	 (14027, 38)             | 147.00    (-0.03)
	Lymphocyte_count_20                                                        | 2003	 (14027, 38)             | 1.30      (-0.49)
	Mean_corpusc_Hb_conc__MCHC__14                                             | 2003	 (14027, 38)             | 331.00    (0.16)
	Mean_corpusc_haemoglobin_MCH__13                                           | 2003	 (14027, 38)             | 31.10     (-0.20)
	Mean_corpuscular_volume__MCV__11                                           | 2003	 (14027, 38)             | 93.90     (-0.15)
	Monocyte_count_23                                                          | 2003	 (14027, 38)             | 0.50      (-0.47)
	Neutrophil_count_19                                                        | 2003	 (14027, 38)             | 1.20      (-0.48)
	Platelet_count_12                                                          | 2003	 (14027, 38)             | 239.01    (-0.50)
	Red_blood_cell__RBC__count_10                                              | 2003	 (14027, 38)             | 4.73      (-0.49)
	Red_blood_cell_distribution_width_17                                       | 2003	 (14027, 38)             | 12.50     (-0.48)
	Total_white_cell_count_18                                                  | 2003	 (14027, 38)             | 3.10      (-0.50)
	............................................................new week............................................................
	Nasal_steroids_optimal                                                     | 2020	 (14142, 38)             | nan       (nan)
	............................................................new week............................................................
	Body_mass_index_3                                                          | 2033	 (14234, 38)             | 23.60     (-0.35)
	Diastolic_blood_pressure_5                                                 | 2033	 (14234, 38)             | 93.00     (-0.31)
	O_E___height_1                                                             | 2033	 (14234, 38)             | 167.00    (0.08)
	O_E___weight_2                                                             | 2033	 (14234, 38)             | 66.00     (-0.40)
	Systolic_blood_pressure_4                                                  | 2033	 (14234, 38)             | 139.00    (-0.21)
	............................................................new week............................................................
	Calculated_LDL_cholesterol_level_103                                       | 2034	 (14242, 39)             | 2.50      (-0.42)
	GFR_calculated_abbreviated_MDRD_34                                         | 2034	 (14242, 39)             | 60.00     (-0.30)
	Haemoglobin_A1c_level___IFCC_standardised_6                                | 2034	 (14242, 39)             | 29.00     (-0.40)
	Haemoglobin_estimation_9                                                   | 2034	 (14242, 39)             | 143.00    (-0.04)
	Lymphocyte_count_20                                                        | 2034	 (14242, 39)             | 1.20      (-0.49)
	Mean_corpusc_Hb_conc__MCHC__14                                             | 2034	 (14242, 39)             | 335.00    (0.16)
	Mean_corpusc_haemoglobin_MCH__13                                           | 2034	 (14242, 39)             | 31.50     (-0.19)
	Mean_corpuscular_volume__MCV__11                                           | 2034	 (14242, 39)             | 93.90     (-0.15)
	Monocyte_count_23                                                          | 2034	 (14242, 39)             | 0.50      (-0.47)
	Neutrophil_count_19                                                        | 2034	 (14242, 39)             | 1.40      (-0.47)
	Non_HDL_cholesterol_level_108                                              | 2034	 (14242, 39)             | 3.00      (-0.03)
	Platelet_count_12                                                          | 2034	 (14242, 39)             | 262.86    (-0.50)
	Red_blood_cell__RBC__count_10                                              | 2034	 (14242, 39)             | 4.54      (-0.49)
	Red_blood_cell_distribution_width_17                                       | 2034	 (14242, 39)             | 12.30     (-0.48)
	Serum_HDL_cholesterol_level_100                                            | 2034	 (14242, 39)             | 3.08      (0.29)
	Serum_TSH_level_71                                                         | 2034	 (14242, 39)             | 1.15      (-0.50)
	Serum_alanine_aminotransferase_level_45                                    | 2034	 (14242, 39)             | 52.00     (-0.50)
	Serum_albumin_51                                                           | 2034	 (14242, 39)             | 43.00     (-0.27)
	Serum_alkaline_phosphatase_50                                              | 2034	 (14242, 39)             | 50.00     (-0.50)
	Serum_bilirubin_level_53                                                   | 2034	 (14242, 39)             | 17.00     (-0.48)
	Serum_cholesterol_97                                                       | 2034	 (14242, 39)             | 6.10      (-0.41)
	Serum_creatinine_31                                                        | 2034	 (14242, 39)             | 88.00     (-0.49)
	Serum_potassium_26                                                         | 2034	 (14242, 39)             | 4.40      (-0.07)
	Serum_sodium_24                                                            | 2034	 (14242, 39)             | 140.00    (-0.05)
	Serum_triglycerides_105                                                    | 2034	 (14242, 39)             | 1.10      (-0.49)
	Serum_urea_level_29                                                        | 2034	 (14242, 39)             | 5.10      (-0.01)
	Total_cholesterol_HDL_ratio_95                                             | 2034	 (14242, 39)             | 2.00      (-0.50)
	Total_white_cell_count_18                                                  | 2034	 (14242, 39)             | 3.10      (-0.50)
	............................................................new week............................................................
	SSRIs_Optimal                                                              | 2061	 (14430, 39)             | nan       (nan)
	DEPRESSION                                                                 | 2061	 (14430, 39)             | nan       (nan)
	............................................................new week............................................................
	Body_mass_index_3                                                          | 2067	 (14471, 39)             | 24.00     (-0.35)
	Diastolic_blood_pressure_5                                                 | 2067	 (14471, 39)             | 99.00     (-0.29)
	O_E___weight_2                                                             | 2067	 (14471, 39)             | 67.00     (-0.40)
	Systolic_blood_pressure_4                                                  | 2067	 (14471, 39)             | 169.00    (-0.12)
	Calculated_LDL_cholesterol_level_103                                       | 2067	 (14474, 39)             | 2.80      (-0.41)
	GFR_calculated_abbreviated_MDRD_34                                         | 2067	 (14474, 39)             | 60.00     (-0.30)
	Haemoglobin_A1c_level___IFCC_standardised_6                                | 2067	 (14474, 39)             | 32.00     (-0.39)
	Non_HDL_cholesterol_level_108                                              | 2067	 (14474, 39)             | 3.30      (0.02)
	Serum_HDL_cholesterol_level_100                                            | 2067	 (14474, 39)             | 3.07      (0.29)
	Serum_TSH_level_71                                                         | 2067	 (14474, 39)             | 1.23      (-0.50)
	Serum_alanine_aminotransferase_level_45                                    | 2067	 (14474, 39)             | 44.00     (-0.50)
	Serum_albumin_51                                                           | 2067	 (14474, 39)             | 45.00     (-0.26)
	Serum_alkaline_phosphatase_50                                              | 2067	 (14474, 39)             | 40.00     (-0.50)
	Serum_bilirubin_level_53                                                   | 2067	 (14474, 39)             | 10.00     (-0.49)
	Serum_cholesterol_97                                                       | 2067	 (14474, 39)             | 6.30      (-0.41)
	Serum_creatinine_31                                                        | 2067	 (14474, 39)             | 87.00     (-0.49)
	Serum_potassium_26                                                         | 2067	 (14474, 39)             | 5.10      (0.01)
	Serum_sodium_24                                                            | 2067	 (14474, 39)             | 141.00    (-0.04)
	Serum_triglycerides_105                                                    | 2067	 (14474, 39)             | 0.96      (-0.49)
	Serum_urea_level_29                                                        | 2067	 (14474, 39)             | 4.90      (-0.03)
	Total_cholesterol_HDL_ratio_95                                             | 2067	 (14474, 39)             | 2.10      (-0.50)
	............................................................new week............................................................
	Diastolic_blood_pressure_5                                                 | 2068	 (14478, 39)             | 95.00     (-0.30)
	Diastolic_blood_pressure_5                                                 | 2068	 (14478, 39)             | 96.00     (-0.30)
	Systolic_blood_pressure_4                                                  | 2068	 (14478, 39)             | 163.00    (-0.14)
	Systolic_blood_pressure_4                                                  | 2068	 (14478, 39)             | 174.00    (-0.11)
	............................................................new week............................................................
	Diastolic_blood_pressure_5                                                 | 2104	 (14733, 40)             | 98.00     (-0.29)
	Systolic_blood_pressure_4                                                  | 2104	 (14733, 40)             | 154.00    (-0.16)
	............................................................new week............................................................
	Diastolic_blood_pressure_5                                                 | 2105	 (14740, 40)             | 105.00    (-0.28)
	Systolic_blood_pressure_4                                                  | 2105	 (14740, 40)             | 168.00    (-0.13)
	............................................................new week............................................................
	Haematocrit_15                                                             | 2119	 (14835, 40)             | 0.42      (-0.08)
	Haemoglobin_estimation_9                                                   | 2119	 (14835, 40)             | 138.00    (-0.06)
	Lymphocyte_count_20                                                        | 2119	 (14835, 40)             | 1.00      (-0.50)
	Mean_corpusc_Hb_conc__MCHC__14                                             | 2119	 (14835, 40)             | 326.00    (0.14)
	Mean_corpusc_haemoglobin_MCH__13                                           | 2119	 (14835, 40)             | 31.00     (-0.20)
	Mean_corpuscular_volume__MCV__11                                           | 2119	 (14835, 40)             | 94.90     (-0.15)
	Monocyte_count_23                                                          | 2119	 (14835, 40)             | 0.40      (-0.48)
	Neutrophil_count_19                                                        | 2119	 (14835, 40)             | 1.60      (-0.47)
	Platelet_count_12                                                          | 2119	 (14835, 40)             | 225.01    (-0.50)
	Red_blood_cell__RBC__count_10                                              | 2119	 (14835, 40)             | 4.47      (-0.49)
	Red_blood_cell_distribution_width_17                                       | 2119	 (14835, 40)             | 12.50     (-0.48)
	Total_white_cell_count_18                                                  | 2119	 (14835, 40)             | 3.10      (-0.50)
	............................................................new week............................................................
	Body_mass_index_3                                                          | 2143	 (15007, 41)             | 23.59     (-0.35)
	Current_smoker_83                                                          | 2143	 (15007, 41)             | nan       (nan)
	Diastolic_blood_pressure_5                                                 | 2143	 (15007, 41)             | 92.00     (-0.31)
	O_E___height_1                                                             | 2143	 (15007, 41)             | 166.00    (0.08)
	O_E___weight_2                                                             | 2143	 (15007, 41)             | 65.00     (-0.40)
	Serum_HDL_cholesterol_level_100                                            | 2143	 (15007, 41)             | 2.15      (0.05)
	Serum_total_cholesterol_level_98                                           | 2143	 (15007, 41)             | 6.26      (-0.40)
	Systolic_blood_pressure_4                                                  | 2143	 (15007, 41)             | 134.00    (-0.22)
	Total_cholesterol_HDL_ratio_95                                             | 2143	 (15007, 41)             | 2.90      (-0.49)
	............................................................new week............................................................
	Nasal_steroids_optimal                                                     | 2170	 (15192, 41)             | nan       (nan)
	............................................................new week............................................................
	Nasal_steroids_optimal                                                     | 2229	 (15609, 42)             | nan       (nan)
	............................................................new week............................................................
	Mirtazapine                                                                | 2232	 (15626, 42)             | nan       (nan)
	............................................................new week............................................................
	Antihistamines_second_generation_H1_antagonists                            | 2233	 (15635, 42)             | nan       (nan)
	............................................................new week............................................................
	Mirtazapine                                                                | 2234	 (15644, 42)             | nan       (nan)
	............................................................new week............................................................
	Mirtazapine                                                                | 2235	 (15651, 42)             | nan       (nan)
	Nasal_steroids_optimal                                                     | 2235	 (15651, 42)             | nan       (nan)
	............................................................new week............................................................
	Mirtazapine                                                                | 2239	 (15674, 42)             | nan       (nan)
	............................................................new week............................................................
	Mirtazapine                                                                | 2243	 (15703, 43)             | nan       (nan)
	............................................................new week............................................................
	Mirtazapine                                                                | 2247	 (15733, 43)             | nan       (nan)
	............................................................new week............................................................
	Mirtazapine                                                                | 2253	 (15772, 43)             | nan       (nan)
	............................................................new week............................................................
	Mirtazapine                                                                | 2259	 (15815, 43)             | nan       (nan)
	............................................................new week............................................................
	Body_mass_index_3                                                          | 2263	 (15845, 43)             | 23.01     (-0.36)
	Diastolic_blood_pressure_5                                                 | 2263	 (15845, 43)             | 83.00     (-0.33)
	O_E___weight_2                                                             | 2263	 (15845, 43)             | 63.40     (-0.40)
	Systolic_blood_pressure_4                                                  | 2263	 (15845, 43)             | 142.00    (-0.20)
	............................................................new week............................................................
	Mirtazapine                                                                | 2266	 (15865, 43)             | nan       (nan)
	............................................................new week............................................................
	Nasal_steroids_optimal                                                     | 2273	 (15913, 43)             | nan       (nan)
	Mirtazapine                                                                | 2273	 (15914, 43)             | nan       (nan)

========================================================================================================================
DIAGNOSIS SUMMARY
['ALCOHOLMISUSE_V2', 'ALLERGICRHINITISCONJ', 'DEPRESSION']
========================================================================================================================


PREDICTED FUTURE EVENTS
========================================================================================================================
	EVENT                                                                     | AGE IN WEEKS (days, years)  | VALUE
	............................................................new week............................................................
	Mirtazapine                                                                | 2274	 (15922, 43)             | nan       (nan)
	............................................................new week............................................................
	SSRIs_Optimal                                                              | 2275	 (15931, 43)             | nan       (nan)
	............................................................new week............................................................
	Body_mass_index_3                                                          | 2277	 (15940, 43)             | 28.22     (-0.31)
	Diastolic_blood_pressure_5                                                 | 2277	 (15940, 43)             | 97.44     (-0.30)
	O_E___weight_2                                                             | 2277	 (15940, 43)             | 72.30     (-0.39)
	Systolic_blood_pressure_4                                                  | 2277	 (15940, 43)             | 138.72    (-0.21)
	Mirtazapine                                                                | 2277	 (15944, 43)             | nan       (nan)
	............................................................new week............................................................
	Mirtazapine                                                                | 2279	 (15953, 43)             | nan       (nan)
	............................................................new week............................................................
	Nasal_steroids_optimal                                                     | 2280	 (15966, 43)             | nan       (nan)
	............................................................new week............................................................
	Mirtazapine                                                                | 2285	 (15999, 43)             | nan       (nan)
	Mirtazapine                                                                | 2285	 (15999, 43)             | nan       (nan)
	............................................................new week............................................................
	Mirtazapine                                                                | 2291	 (16042, 43)             | nan       (nan)
	............................................................new week............................................................
	Mirtazapine                                                                | 2295	 (16068, 44)             | nan       (nan)
	Mirtazapine                                                                | 2295	 (16070, 44)             | nan       (nan)
	............................................................new week............................................................
	Diastolic_blood_pressure_5                                                 | 2307	 (16152, 44)             | 68.26     (-0.37)
	............................................................new week............................................................
	Systolic_blood_pressure_4                                                  | 2308	 (16156, 44)             | 109.62    (-0.28)
	Mirtazapine                                                                | 2308	 (16156, 44)             | nan       (nan)
	............................................................new week............................................................
	Mirtazapine                                                                | 2309	 (16165, 44)             | nan       (nan)
	............................................................new week............................................................
	Mirtazapine                                                                | 2317	 (16220, 44)             | nan       (nan)
	............................................................new week............................................................
	Mirtazapine                                                                | 2323	 (16265, 44)             | nan       (nan)
	............................................................new week............................................................
	Mirtazapine                                                                | 2324	 (16273, 44)             | nan       (nan)
	............................................................new week............................................................
	Mirtazapine                                                                | 2325	 (16280, 44)             | nan       (nan)
	............................................................new week............................................................
	Mirtazapine                                                                | 2328	 (16298, 44)             | nan       (nan)
	............................................................new week............................................................
	Mirtazapine                                                                | 2331	 (16320, 44)             | nan       (nan)
	............................................................new week............................................................
	ANY_DEAFNESS_HEARING_LOSS_V2                                               | 2340	 (16386, 44)             | nan       (nan)
	............................................................new week............................................................
	Diastolic_blood_pressure_5                                                 | 2343	 (16406, 44)             | 83.87     (-0.33)
	Systolic_blood_pressure_4                                                  | 2343	 (16406, 44)             | 122.98    (-0.25)
	............................................................new week............................................................
	Mirtazapine                                                                | 2347	 (16431, 45)             | nan       (nan)
	Mirtazapine                                                                | 2347	 (16431, 45)             | nan       (nan)
	............................................................new week............................................................
	Mirtazapine                                                                | 2348	 (16442, 45)             | nan       (nan)
	............................................................new week............................................................
	Mirtazapine                                                                | 2354	 (16484, 45)             | nan       (nan)
	............................................................new week............................................................
	Mirtazapine                                                                | 2367	 (16569, 45)             | nan       (nan)
	............................................................new week............................................................
	Mirtazapine                                                                | 2370	 (16594, 45)             | nan       (nan)
	............................................................new week............................................................
	Mirtazapine                                                                | 2374	 (16620, 45)             | nan       (nan)
	Mirtazapine                                                                | 2374	 (16621, 45)             | nan       (nan)
	............................................................new week............................................................
	Mirtazapine                                                                | 2377	 (16640, 45)             | nan       (nan)
	............................................................new week............................................................
	Mirtazapine                                                                | 2381	 (16667, 45)             | nan       (nan)
	............................................................new week............................................................
	Mirtazapine                                                                | 2382	 (16676, 45)             | nan       (nan)
	............................................................new week............................................................
	Mirtazapine                                                                | 2383	 (16685, 45)             | nan       (nan)
	............................................................new week............................................................
	Mirtazapine                                                                | 2386	 (16704, 45)             | nan       (nan)
	Mirtazapine                                                                | 2386	 (16704, 45)             | nan       (nan)
	............................................................new week............................................................
	Mirtazapine                                                                | 2388	 (16716, 45)             | nan       (nan)
	............................................................new week............................................................
	Mirtazapine                                                                | 2389	 (16724, 45)             | nan       (nan)
	............................................................new week............................................................
	Mirtazapine                                                                | 2391	 (16737, 45)             | nan       (nan)
	Mirtazapine                                                                | 2391	 (16740, 45)             | nan       (nan)
	............................................................new week............................................................
	Mirtazapine                                                                | 2401	 (16813, 46)             | nan       (nan)
	............................................................new week............................................................
	Body_mass_index_3                                                          | 2407	 (16855, 46)             | 25.16     (-0.34)
	............................................................new week............................................................
	Insulin_Aurum_v2                                                           | 2408	 (16857, 46)             | nan       (nan)
	............................................................new week............................................................
	Mirtazapine                                                                | 2411	 (16881, 46)             | nan       (nan)
	............................................................new week............................................................
	Mirtazapine                                                                | 2413	 (16897, 46)             | nan       (nan)
	............................................................new week............................................................
	Mirtazapine                                                                | 2414	 (16899, 46)             | nan       (nan)
	............................................................new week............................................................
	Mirtazapine                                                                | 2417	 (16921, 46)             | nan       (nan)
	............................................................new week............................................................
	Mirtazapine                                                                | 2420	 (16945, 46)             | nan       (nan)
	............................................................new week............................................................
	Mirtazapine                                                                | 2425	 (16978, 46)             | nan       (nan)
	............................................................new week............................................................
	Mirtazapine                                                                | 2427	 (16991, 46)             | nan       (nan)
	Mirtazapine                                                                | 2427	 (16992, 46)             | nan       (nan)
	............................................................new week............................................................
	Mirtazapine                                                                | 2428	 (17000, 46)             | nan       (nan)
	............................................................new week............................................................
	Mirtazapine                                                                | 2429	 (17009, 46)             | nan       (nan)
	............................................................new week............................................................
	BetaBlockers_OPTIMAL                                                       | 2434	 (17038, 46)             | nan       (nan)
	Mirtazapine                                                                | 2434	 (17042, 46)             | nan       (nan)
	............................................................new week............................................................
	Mirtazapine                                                                | 2435	 (17051, 46)             | nan       (nan)
	............................................................new week............................................................
	Mirtazapine                                                                | 2451	 (17157, 47)             | nan       (nan)
	............................................................new week............................................................
	Mirtazapine                                                                | 2453	 (17177, 47)             | nan       (nan)
	............................................................new week............................................................
	Mirtazapine                                                                | 2454	 (17182, 47)             | nan       (nan)
	Mirtazapine                                                                | 2454	 (17184, 47)             | nan       (nan)
	............................................................new week............................................................
	Mirtazapine                                                                | 2455	 (17186, 47)             | nan       (nan)
	Mirtazapine                                                                | 2455	 (17191, 47)             | nan       (nan)
	............................................................new week............................................................
	Mirtazapine                                                                | 2456	 (17193, 47)             | nan       (nan)
	............................................................new week............................................................
	Body_mass_index_3                                                          | 2457	 (17199, 47)             | 23.23     (-0.35)
	Body_mass_index_3                                                          | 2457	 (17199, 47)             | 28.09     (-0.32)
	Diastolic_blood_pressure_5                                                 | 2457	 (17199, 47)             | 83.64     (-0.33)
	Ex_smoker_84                                                               | 2457	 (17202, 47)             | -176.56   (-2.71)
	Serum_cholesterol_97                                                       | 2457	 (17202, 47)             | 6.39      (-0.40)
	Antipsychotics_OPTIMAL                                                     | 2457	 (17204, 47)             | nan       (nan)
	............................................................new week............................................................
	Mirtazapine                                                                | 2458	 (17206, 47)             | nan       (nan)
	............................................................new week............................................................
	Antipsychotics_OPTIMAL                                                     | 2467	 (17270, 47)             | nan       (nan)
	Mirtazapine                                                                | 2467	 (17270, 47)             | nan       (nan)
	............................................................new week............................................................
	Basophil_count_22                                                          | 2468	 (17279, 47)             | 0.13      (-0.48)
	............................................................new week............................................................
	Eosinophil_count_21                                                        | 2469	 (17285, 47)             | 0.36      (-0.45)
	Haematocrit_15                                                             | 2469	 (17286, 47)             | 0.42      (-0.08)
	Haemoglobin_A1c_level___IFCC_standardised_6                                | 2469	 (17288, 47)             | 29.96     (-0.40)
	Haemoglobin_estimation_9                                                   | 2469	 (17288, 47)             | 123.79    (-0.11)
	Lymphocyte_count_20                                                        | 2469	 (17288, 47)             | 2.66      (-0.49)
	............................................................new week............................................................
	Mean_corpusc_Hb_conc__MCHC__14                                             | 2470	 (17290, 47)             | 307.65    (0.11)
	Mean_corpusc_haemoglobin_MCH__13                                           | 2470	 (17294, 47)             | 28.65     (-0.22)
	Mean_corpuscular_volume__MCV__11                                           | 2470	 (17294, 47)             | 94.13     (-0.15)
	Monocyte_count_23                                                          | 2470	 (17294, 47)             | 0.06      (-0.50)
	Neutrophil_count_19                                                        | 2470	 (17294, 47)             | 1.58      (-0.47)
	Platelet_count_12                                                          | 2470	 (17296, 47)             | -1749.40  (-0.50)
	Red_blood_cell__RBC__count_10                                              | 2470	 (17296, 47)             | 4.58      (-0.49)
	Red_blood_cell_distribution_width_17                                       | 2470	 (17296, 47)             | 13.72     (-0.46)
	Serum_HDL_cholesterol_level_100                                            | 2470	 (17296, 47)             | 1.75      (-0.05)
	Serum_alanine_aminotransferase_level_45                                    | 2470	 (17296, 47)             | 105.35    (-0.50)
	Serum_albumin_51                                                           | 2470	 (17296, 47)             | 38.25     (-0.30)
	Serum_alkaline_phosphatase_50                                              | 2470	 (17296, 47)             | 130.91    (-0.49)
	Serum_cholesterol_HDL_ratio_94                                             | 2470	 (17296, 47)             | 2.00      (-0.50)
	Serum_creatinine_31                                                        | 2470	 (17296, 47)             | 133.93    (-0.49)
	Serum_non_high_density_lipoprotein_cholesterol_level_107                   | 2470	 (17296, 47)             | 2.42      (0.12)
	Serum_potassium_26                                                         | 2470	 (17296, 47)             | 3.92      (-0.11)
	Serum_sodium_24                                                            | 2470	 (17296, 47)             | 142.17    (-0.03)
	Serum_urea_level_29                                                        | 2470	 (17296, 47)             | 4.79      (-0.04)
	Total_alkaline_phosphatase_48                                              | 2470	 (17296, 47)             | 85.75     (0.12)
	Total_white_cell_count_18                                                  | 2470	 (17296, 47)             | 1.98      (-0.50)
	eGFR_using_creatinine_CKD_EPI_per_1_73_square_metres_33                    | 2470	 (17296, 47)             | 71.15     (-0.33)
	Mirtazapine                                                                | 2470	 (17296, 47)             | nan       (nan)
	............................................................new week............................................................
	Mirtazapine                                                                | 2481	 (17372, 47)             | nan       (nan)
	............................................................new week............................................................
	Mirtazapine                                                                | 2482	 (17380, 47)             | nan       (nan)
	............................................................new week............................................................
	Mirtazapine                                                                | 2487	 (17414, 47)             | nan       (nan)
	............................................................new week............................................................
	Mirtazapine                                                                | 2488	 (17422, 47)             | nan       (nan)
	............................................................new week............................................................
	Mirtazapine                                                                | 2492	 (17449, 47)             | nan       (nan)
	............................................................new week............................................................
	Mirtazapine                                                                | 2496	 (17478, 47)             | nan       (nan)
	............................................................new week............................................................
	Mirtazapine                                                                | 2500	 (17500, 47)             | nan       (nan)
	............................................................new week............................................................
	Mirtazapine                                                                | 2501	 (17513, 47)             | nan       (nan)
	............................................................new week............................................................
	Mirtazapine                                                                | 2503	 (17522, 48)             | nan       (nan)
	............................................................new week............................................................
	Mirtazapine                                                                | 2504	 (17529, 48)             | nan       (nan)
	............................................................new week............................................................
	Mirtazapine                                                                | 2511	 (17581, 48)             | nan       (nan)
	............................................................new week............................................................
	Mirtazapine                                                                | 2516	 (17615, 48)             | nan       (nan)
	............................................................new week............................................................
	Mirtazapine                                                                | 2525	 (17679, 48)             | nan       (nan)
	Mirtazapine                                                                | 2525	 (17681, 48)             | nan       (nan)
	............................................................new week............................................................
	Mirtazapine                                                                | 2529	 (17708, 48)             | nan       (nan)
	............................................................new week............................................................
	Mirtazapine                                                                | 2538	 (17767, 48)             | nan       (nan)
	Mirtazapine                                                                | 2538	 (17771, 48)             | nan       (nan)
	Mirtazapine                                                                | 2538	 (17771, 48)             | nan       (nan)
	............................................................new week............................................................
	Current_smoker_83                                                          | 2547	 (17831, 48)             | 16.95     (-0.29)
	............................................................new week............................................................
	Mirtazapine                                                                | 2548	 (17840, 48)             | nan       (nan)
	............................................................new week............................................................
	Mirtazapine                                                                | 2554	 (17882, 48)             | nan       (nan)
	Mirtazapine                                                                | 2554	 (17884, 48)             | nan       (nan)
	............................................................new week............................................................
	Mirtazapine                                                                | 2560	 (17920, 49)             | nan       (nan)
	Mirtazapine                                                                | 2560	 (17924, 49)             | nan       (nan)
	............................................................new week............................................................
	Mirtazapine                                                                | 2561	 (17928, 49)             | nan       (nan)
	Mirtazapine                                                                | 2561	 (17931, 49)             | nan       (nan)
	............................................................new week............................................................
	Mirtazapine                                                                | 2566	 (17964, 49)             | nan       (nan)
	............................................................new week............................................................
	Mirtazapine                                                                | 2568	 (17981, 49)             | nan       (nan)
	............................................................new week............................................................
	Mirtazapine                                                                | 2570	 (17993, 49)             | nan       (nan)
	............................................................new week............................................................
	Mirtazapine                                                                | 2571	 (18001, 49)             | nan       (nan)
	............................................................new week............................................................
	Mirtazapine                                                                | 2576	 (18034, 49)             | nan       (nan)
	............................................................new week............................................................
	Mirtazapine                                                                | 2577	 (18043, 49)             | nan       (nan)
	............................................................new week............................................................
	SSRIs_Optimal                                                              | 2581	 (18067, 49)             | nan       (nan)
	............................................................new week............................................................
	Mirtazapine                                                                | 2582	 (18077, 49)             | nan       (nan)
	............................................................new week............................................................
	Mirtazapine                                                                | 2583	 (18085, 49)             | nan       (nan)
	............................................................new week............................................................
	Mirtazapine                                                                | 2584	 (18092, 49)             | nan       (nan)
	............................................................new week............................................................
	Mirtazapine                                                                | 2585	 (18096, 49)             | nan       (nan)
	............................................................new week............................................................
	Mirtazapine                                                                | 2588	 (18116, 49)             | nan       (nan)
	............................................................new week............................................................
	Mirtazapine                                                                | 2589	 (18125, 49)             | nan       (nan)
	Mirtazapine                                                                | 2589	 (18129, 49)             | nan       (nan)
	............................................................new week............................................................
	Mirtazapine                                                                | 2595	 (18167, 49)             | nan       (nan)
	............................................................new week............................................................
	Mirtazapine                                                                | 2596	 (18174, 49)             | nan       (nan)
	............................................................new week............................................................
	Mirtazapine                                                                | 2598	 (18187, 49)             | nan       (nan)
	............................................................new week............................................................
	SGLT2inhibitors_Optimal                                                    | 2601	 (18211, 49)             | nan       (nan)
	............................................................new week............................................................
	Mirtazapine                                                                | 2604	 (18231, 49)             | nan       (nan)
