STATIC INFORMATION
========================================================================================================================
	SEX:               M
	IMD:               5.0
	ETHNICITY:         BLACK
	birth_year:        1978.0


GIVEN PATIENT CONTEXT
========================================================================================================================
	EVENT                                                                     | AGE IN WEEKS (days, years)   | VALUE
	............................................................new week............................................................
	ALCOHOLMISUSE_V2                                                           | 1777	 (12445, 34)             | nan       (nan)
	............................................................new week............................................................
	Body_mass_index_3                                                          | 1778	 (12449, 34)             | 25.20     (-0.34)
	Diastolic_blood_pressure_5                                                 | 1778	 (12449, 34)             | 80.00     (-0.34)
	O_E___height_1                                                             | 1778	 (12449, 34)             | 167.00    (0.08)
	O_E___weight_2                                                             | 1778	 (12449, 34)             | 70.20     (-0.39)
	Systolic_blood_pressure_4                                                  | 1778	 (12449, 34)             | 142.00    (-0.20)
	............................................................new week............................................................
	Nasal_steroids_optimal                                                     | 1814	 (12701, 34)             | nan       (nan)
	............................................................new week............................................................
	Nasal_steroids_optimal                                                     | 1820	 (12745, 34)             | nan       (nan)
	............................................................new week............................................................
	GFR_calculated_abbreviated_MDRD_34                                         | 1830	 (12816, 35)             | nan       (nan)
	Haemoglobin_estimation_9                                                   | 1830	 (12816, 35)             | 143.00    (-0.04)
	Lymphocyte_count_20                                                        | 1830	 (12816, 35)             | 0.90      (-0.50)
	Mean_corpusc_Hb_conc__MCHC__14                                             | 1830	 (12816, 35)             | 322.00    (0.14)
	Mean_corpusc_haemoglobin_MCH__13                                           | 1830	 (12816, 35)             | 30.60     (-0.20)
	Mean_corpuscular_volume__MCV__11                                           | 1830	 (12816, 35)             | 95.20     (-0.14)
	Monocyte_count_23                                                          | 1830	 (12816, 35)             | 0.20      (-0.49)
	Neutrophil_count_19                                                        | 1830	 (12816, 35)             | 1.00      (-0.48)
	Platelet_count_12                                                          | 1830	 (12816, 35)             | 258.09    (-0.50)
	Red_blood_cell__RBC__count_10                                              | 1830	 (12816, 35)             | 4.69      (-0.49)
	Red_blood_cell_distribution_width_17                                       | 1830	 (12816, 35)             | 12.80     (-0.47)
	Serum_C_reactive_protein_level_59                                          | 1830	 (12816, 35)             | 4.00      (-0.03)
	Serum_alanine_aminotransferase_level_45                                    | 1830	 (12816, 35)             | 44.00     (-0.50)
	Serum_albumin_51                                                           | 1830	 (12816, 35)             | 42.00     (-0.28)
	Serum_alkaline_phosphatase_50                                              | 1830	 (12816, 35)             | 32.00     (-0.50)
	Serum_bilirubin_level_53                                                   | 1830	 (12816, 35)             | 13.00     (-0.48)
	Serum_creatinine_31                                                        | 1830	 (12816, 35)             | 85.00     (-0.49)
	Serum_gamma_glutamyl_transferase_level_57                                  | 1830	 (12816, 35)             | 38.00     (0.04)
	Serum_potassium_26                                                         | 1830	 (12816, 35)             | 4.10      (-0.10)
	Serum_sodium_24                                                            | 1830	 (12816, 35)             | 139.00    (-0.05)
	Serum_urea_level_29                                                        | 1830	 (12816, 35)             | 6.50      (0.13)
	Total_white_cell_count_18                                                  | 1830	 (12816, 35)             | 2.20      (-0.50)
	............................................................new week............................................................
	Haemoglobin_estimation_9                                                   | 1834	 (12842, 35)             | 148.00    (-0.02)
	Lymphocyte_count_20                                                        | 1834	 (12842, 35)             | 0.90      (-0.50)
	Mean_corpusc_Hb_conc__MCHC__14                                             | 1834	 (12842, 35)             | 317.00    (0.13)
	Mean_corpusc_haemoglobin_MCH__13                                           | 1834	 (12842, 35)             | 30.50     (-0.20)
	Mean_corpuscular_volume__MCV__11                                           | 1834	 (12842, 35)             | 96.30     (-0.14)
	Monocyte_count_23                                                          | 1834	 (12842, 35)             | 0.30      (-0.48)
	Neutrophil_count_19                                                        | 1834	 (12842, 35)             | 1.30      (-0.47)
	Platelet_count_12                                                          | 1834	 (12842, 35)             | 227.99    (-0.50)
	Red_blood_cell__RBC__count_10                                              | 1834	 (12842, 35)             | 4.86      (-0.49)
	Red_blood_cell_distribution_width_17                                       | 1834	 (12842, 35)             | 12.20     (-0.48)
	Total_white_cell_count_18                                                  | 1834	 (12842, 35)             | 2.60      (-0.50)
	............................................................new week............................................................
	Haemoglobin_estimation_9                                                   | 1845	 (12920, 35)             | 151.00    (-0.01)
	Lymphocyte_count_20                                                        | 1845	 (12920, 35)             | 1.20      (-0.49)
	Mean_corpusc_Hb_conc__MCHC__14                                             | 1845	 (12920, 35)             | 322.00    (0.14)
	Mean_corpusc_haemoglobin_MCH__13                                           | 1845	 (12920, 35)             | 30.60     (-0.20)
	Mean_corpuscular_volume__MCV__11                                           | 1845	 (12920, 35)             | 95.00     (-0.15)
	Monocyte_count_23                                                          | 1845	 (12920, 35)             | 0.30      (-0.48)
	Neutrophil_count_19                                                        | 1845	 (12920, 35)             | 1.10      (-0.48)
	Platelet_count_12                                                          | 1845	 (12920, 35)             | 275.08    (-0.50)
	Red_blood_cell__RBC__count_10                                              | 1845	 (12920, 35)             | 4.93      (-0.49)
	Red_blood_cell_distribution_width_17                                       | 1845	 (12920, 35)             | 11.30     (-0.49)
	Total_white_cell_count_18                                                  | 1845	 (12920, 35)             | 2.60      (-0.50)
	............................................................new week............................................................
	Nasal_steroids_optimal                                                     | 1862	 (13039, 35)             | nan       (nan)
	Nasal_steroids_optimal                                                     | 1862	 (13039, 35)             | nan       (nan)
	Nasal_steroids_optimal                                                     | 1862	 (13040, 35)             | nan       (nan)
	............................................................new week............................................................
	Nasal_steroids_optimal                                                     | 1872	 (13110, 35)             | nan       (nan)
	............................................................new week............................................................
	Haemoglobin_estimation_9                                                   | 1895	 (13271, 36)             | 148.00    (-0.02)
	Lymphocyte_count_20                                                        | 1895	 (13271, 36)             | 1.70      (-0.49)
	Mean_corpusc_Hb_conc__MCHC__14                                             | 1895	 (13271, 36)             | 331.00    (0.16)
	Mean_corpusc_haemoglobin_MCH__13                                           | 1895	 (13271, 36)             | 31.20     (-0.19)
	Mean_corpuscular_volume__MCV__11                                           | 1895	 (13271, 36)             | 94.10     (-0.15)
	Monocyte_count_23                                                          | 1895	 (13271, 36)             | 0.40      (-0.48)
	Neutrophil_count_19                                                        | 1895	 (13271, 36)             | 1.40      (-0.47)
	Platelet_count_12                                                          | 1895	 (13271, 36)             | 250.94    (-0.50)
	Red_blood_cell__RBC__count_10                                              | 1895	 (13271, 36)             | 4.74      (-0.49)
	Red_blood_cell_distribution_width_17                                       | 1895	 (13271, 36)             | 11.80     (-0.48)
	Total_white_cell_count_18                                                  | 1895	 (13271, 36)             | 3.50      (-0.50)
	............................................................new week............................................................
	Nasal_steroids_optimal                                                     | 1929	 (13505, 37)             | nan       (nan)
	ALLERGICRHINITISCONJ                                                       | 1929	 (13505, 37)             | nan       (nan)
	............................................................new week............................................................
	Diastolic_blood_pressure_5                                                 | 1982	 (13877, 38)             | 72.00     (-0.36)
	Systolic_blood_pressure_4                                                  | 1982	 (13877, 38)             | 130.00    (-0.23)
	............................................................new week............................................................
	Haemoglobin_estimation_9                                                   | 2003	 (14027, 38)             | 147.00    (-0.03)
	Lymphocyte_count_20                                                        | 2003	 (14027, 38)             | 1.30      (-0.49)
	Mean_corpusc_Hb_conc__MCHC__14                                             | 2003	 (14027, 38)             | 331.00    (0.16)
	Mean_corpusc_haemoglobin_MCH__13                                           | 2003	 (14027, 38)             | 31.10     (-0.20)
	Mean_corpuscular_volume__MCV__11                                           | 2003	 (14027, 38)             | 93.90     (-0.15)
	Monocyte_count_23                                                          | 2003	 (14027, 38)             | 0.50      (-0.47)
	Neutrophil_count_19                                                        | 2003	 (14027, 38)             | 1.20      (-0.48)
	Platelet_count_12                                                          | 2003	 (14027, 38)             | 239.01    (-0.50)
	Red_blood_cell__RBC__count_10                                              | 2003	 (14027, 38)             | 4.73      (-0.49)
	Red_blood_cell_distribution_width_17                                       | 2003	 (14027, 38)             | 12.50     (-0.48)
	Total_white_cell_count_18                                                  | 2003	 (14027, 38)             | 3.10      (-0.50)
	............................................................new week............................................................
	Nasal_steroids_optimal                                                     | 2020	 (14142, 38)             | nan       (nan)
	............................................................new week............................................................
	Body_mass_index_3                                                          | 2033	 (14234, 38)             | 23.60     (-0.35)
	Diastolic_blood_pressure_5                                                 | 2033	 (14234, 38)             | 93.00     (-0.31)
	O_E___height_1                                                             | 2033	 (14234, 38)             | 167.00    (0.08)
	O_E___weight_2                                                             | 2033	 (14234, 38)             | 66.00     (-0.40)
	Systolic_blood_pressure_4                                                  | 2033	 (14234, 38)             | 139.00    (-0.21)
	............................................................new week............................................................
	Calculated_LDL_cholesterol_level_103                                       | 2034	 (14242, 39)             | 2.50      (-0.42)
	GFR_calculated_abbreviated_MDRD_34                                         | 2034	 (14242, 39)             | 60.00     (-0.30)
	Haemoglobin_A1c_level___IFCC_standardised_6                                | 2034	 (14242, 39)             | 29.00     (-0.40)
	Haemoglobin_estimation_9                                                   | 2034	 (14242, 39)             | 143.00    (-0.04)
	Lymphocyte_count_20                                                        | 2034	 (14242, 39)             | 1.20      (-0.49)
	Mean_corpusc_Hb_conc__MCHC__14                                             | 2034	 (14242, 39)             | 335.00    (0.16)
	Mean_corpusc_haemoglobin_MCH__13                                           | 2034	 (14242, 39)             | 31.50     (-0.19)
	Mean_corpuscular_volume__MCV__11                                           | 2034	 (14242, 39)             | 93.90     (-0.15)
	Monocyte_count_23                                                          | 2034	 (14242, 39)             | 0.50      (-0.47)
	Neutrophil_count_19                                                        | 2034	 (14242, 39)             | 1.40      (-0.47)
	Non_HDL_cholesterol_level_108                                              | 2034	 (14242, 39)             | 3.00      (-0.03)
	Platelet_count_12                                                          | 2034	 (14242, 39)             | 262.86    (-0.50)
	Red_blood_cell__RBC__count_10                                              | 2034	 (14242, 39)             | 4.54      (-0.49)
	Red_blood_cell_distribution_width_17                                       | 2034	 (14242, 39)             | 12.30     (-0.48)
	Serum_HDL_cholesterol_level_100                                            | 2034	 (14242, 39)             | 3.08      (0.29)
	Serum_TSH_level_71                                                         | 2034	 (14242, 39)             | 1.15      (-0.50)
	Serum_alanine_aminotransferase_level_45                                    | 2034	 (14242, 39)             | 52.00     (-0.50)
	Serum_albumin_51                                                           | 2034	 (14242, 39)             | 43.00     (-0.27)
	Serum_alkaline_phosphatase_50                                              | 2034	 (14242, 39)             | 50.00     (-0.50)
	Serum_bilirubin_level_53                                                   | 2034	 (14242, 39)             | 17.00     (-0.48)
	Serum_cholesterol_97                                                       | 2034	 (14242, 39)             | 6.10      (-0.41)
	Serum_creatinine_31                                                        | 2034	 (14242, 39)             | 88.00     (-0.49)
	Serum_potassium_26                                                         | 2034	 (14242, 39)             | 4.40      (-0.07)
	Serum_sodium_24                                                            | 2034	 (14242, 39)             | 140.00    (-0.05)
	Serum_triglycerides_105                                                    | 2034	 (14242, 39)             | 1.10      (-0.49)
	Serum_urea_level_29                                                        | 2034	 (14242, 39)             | 5.10      (-0.01)
	Total_cholesterol_HDL_ratio_95                                             | 2034	 (14242, 39)             | 2.00      (-0.50)
	Total_white_cell_count_18                                                  | 2034	 (14242, 39)             | 3.10      (-0.50)
	............................................................new week............................................................
	SSRIs_Optimal                                                              | 2061	 (14430, 39)             | nan       (nan)
	DEPRESSION                                                                 | 2061	 (14430, 39)             | nan       (nan)
	............................................................new week............................................................
	Body_mass_index_3                                                          | 2067	 (14471, 39)             | 24.00     (-0.35)
	Diastolic_blood_pressure_5                                                 | 2067	 (14471, 39)             | 99.00     (-0.29)
	O_E___weight_2                                                             | 2067	 (14471, 39)             | 67.00     (-0.40)
	Systolic_blood_pressure_4                                                  | 2067	 (14471, 39)             | 169.00    (-0.12)
	Calculated_LDL_cholesterol_level_103                                       | 2067	 (14474, 39)             | 2.80      (-0.41)
	GFR_calculated_abbreviated_MDRD_34                                         | 2067	 (14474, 39)             | 60.00     (-0.30)
	Haemoglobin_A1c_level___IFCC_standardised_6                                | 2067	 (14474, 39)             | 32.00     (-0.39)
	Non_HDL_cholesterol_level_108                                              | 2067	 (14474, 39)             | 3.30      (0.02)
	Serum_HDL_cholesterol_level_100                                            | 2067	 (14474, 39)             | 3.07      (0.29)
	Serum_TSH_level_71                                                         | 2067	 (14474, 39)             | 1.23      (-0.50)
	Serum_alanine_aminotransferase_level_45                                    | 2067	 (14474, 39)             | 44.00     (-0.50)
	Serum_albumin_51                                                           | 2067	 (14474, 39)             | 45.00     (-0.26)
	Serum_alkaline_phosphatase_50                                              | 2067	 (14474, 39)             | 40.00     (-0.50)
	Serum_bilirubin_level_53                                                   | 2067	 (14474, 39)             | 10.00     (-0.49)
	Serum_cholesterol_97                                                       | 2067	 (14474, 39)             | 6.30      (-0.41)
	Serum_creatinine_31                                                        | 2067	 (14474, 39)             | 87.00     (-0.49)
	Serum_potassium_26                                                         | 2067	 (14474, 39)             | 5.10      (0.01)
	Serum_sodium_24                                                            | 2067	 (14474, 39)             | 141.00    (-0.04)
	Serum_triglycerides_105                                                    | 2067	 (14474, 39)             | 0.96      (-0.49)
	Serum_urea_level_29                                                        | 2067	 (14474, 39)             | 4.90      (-0.03)
	Total_cholesterol_HDL_ratio_95                                             | 2067	 (14474, 39)             | 2.10      (-0.50)
	............................................................new week............................................................
	Diastolic_blood_pressure_5                                                 | 2068	 (14478, 39)             | 95.00     (-0.30)
	Diastolic_blood_pressure_5                                                 | 2068	 (14478, 39)             | 96.00     (-0.30)
	Systolic_blood_pressure_4                                                  | 2068	 (14478, 39)             | 163.00    (-0.14)
	Systolic_blood_pressure_4                                                  | 2068	 (14478, 39)             | 174.00    (-0.11)
	............................................................new week............................................................
	Diastolic_blood_pressure_5                                                 | 2104	 (14733, 40)             | 98.00     (-0.29)
	Systolic_blood_pressure_4                                                  | 2104	 (14733, 40)             | 154.00    (-0.16)
	............................................................new week............................................................
	Diastolic_blood_pressure_5                                                 | 2105	 (14740, 40)             | 105.00    (-0.28)
	Systolic_blood_pressure_4                                                  | 2105	 (14740, 40)             | 168.00    (-0.13)
	............................................................new week............................................................
	Haematocrit_15                                                             | 2119	 (14835, 40)             | 0.42      (-0.08)
	Haemoglobin_estimation_9                                                   | 2119	 (14835, 40)             | 138.00    (-0.06)
	Lymphocyte_count_20                                                        | 2119	 (14835, 40)             | 1.00      (-0.50)
	Mean_corpusc_Hb_conc__MCHC__14                                             | 2119	 (14835, 40)             | 326.00    (0.14)
	Mean_corpusc_haemoglobin_MCH__13                                           | 2119	 (14835, 40)             | 31.00     (-0.20)
	Mean_corpuscular_volume__MCV__11                                           | 2119	 (14835, 40)             | 94.90     (-0.15)
	Monocyte_count_23                                                          | 2119	 (14835, 40)             | 0.40      (-0.48)
	Neutrophil_count_19                                                        | 2119	 (14835, 40)             | 1.60      (-0.47)
	Platelet_count_12                                                          | 2119	 (14835, 40)             | 225.01    (-0.50)
	Red_blood_cell__RBC__count_10                                              | 2119	 (14835, 40)             | 4.47      (-0.49)
	Red_blood_cell_distribution_width_17                                       | 2119	 (14835, 40)             | 12.50     (-0.48)
	Total_white_cell_count_18                                                  | 2119	 (14835, 40)             | 3.10      (-0.50)
	............................................................new week............................................................
	Body_mass_index_3                                                          | 2143	 (15007, 41)             | 23.59     (-0.35)
	Current_smoker_83                                                          | 2143	 (15007, 41)             | nan       (nan)
	Diastolic_blood_pressure_5                                                 | 2143	 (15007, 41)             | 92.00     (-0.31)
	O_E___height_1                                                             | 2143	 (15007, 41)             | 166.00    (0.08)
	O_E___weight_2                                                             | 2143	 (15007, 41)             | 65.00     (-0.40)
	Serum_HDL_cholesterol_level_100                                            | 2143	 (15007, 41)             | 2.15      (0.05)
	Serum_total_cholesterol_level_98                                           | 2143	 (15007, 41)             | 6.26      (-0.40)
	Systolic_blood_pressure_4                                                  | 2143	 (15007, 41)             | 134.00    (-0.22)
	Total_cholesterol_HDL_ratio_95                                             | 2143	 (15007, 41)             | 2.90      (-0.49)
	............................................................new week............................................................
	Nasal_steroids_optimal                                                     | 2170	 (15192, 41)             | nan       (nan)
	............................................................new week............................................................
	Nasal_steroids_optimal                                                     | 2229	 (15609, 42)             | nan       (nan)
	............................................................new week............................................................
	Mirtazapine                                                                | 2232	 (15626, 42)             | nan       (nan)
	............................................................new week............................................................
	Antihistamines_second_generation_H1_antagonists                            | 2233	 (15635, 42)             | nan       (nan)
	............................................................new week............................................................
	Mirtazapine                                                                | 2234	 (15644, 42)             | nan       (nan)
	............................................................new week............................................................
	Mirtazapine                                                                | 2235	 (15651, 42)             | nan       (nan)
	Nasal_steroids_optimal                                                     | 2235	 (15651, 42)             | nan       (nan)
	............................................................new week............................................................
	Mirtazapine                                                                | 2239	 (15674, 42)             | nan       (nan)
	............................................................new week............................................................
	Mirtazapine                                                                | 2243	 (15703, 43)             | nan       (nan)
	............................................................new week............................................................
	Mirtazapine                                                                | 2247	 (15733, 43)             | nan       (nan)
	............................................................new week............................................................
	Mirtazapine                                                                | 2253	 (15772, 43)             | nan       (nan)
	............................................................new week............................................................
	Mirtazapine                                                                | 2259	 (15815, 43)             | nan       (nan)
	............................................................new week............................................................
	Body_mass_index_3                                                          | 2263	 (15845, 43)             | 23.01     (-0.36)
	Diastolic_blood_pressure_5                                                 | 2263	 (15845, 43)             | 83.00     (-0.33)
	O_E___weight_2                                                             | 2263	 (15845, 43)             | 63.40     (-0.40)
	Systolic_blood_pressure_4                                                  | 2263	 (15845, 43)             | 142.00    (-0.20)
	............................................................new week............................................................
	Mirtazapine                                                                | 2266	 (15865, 43)             | nan       (nan)
	............................................................new week............................................................
	Nasal_steroids_optimal                                                     | 2273	 (15913, 43)             | nan       (nan)
	Mirtazapine                                                                | 2273	 (15914, 43)             | nan       (nan)

========================================================================================================================
DIAGNOSIS SUMMARY
['ALCOHOLMISUSE_V2', 'ALLERGICRHINITISCONJ', 'DEPRESSION']
========================================================================================================================


PREDICTED FUTURE EVENTS
========================================================================================================================
	EVENT                                                                     | AGE IN WEEKS (days, years)  | VALUE
	............................................................new week............................................................
	Mirtazapine                                                                | 2287	 (16009, 43)             | nan       (nan)
	............................................................new week............................................................
	Body_mass_index_3                                                          | 2289	 (16024, 43)             | 20.33     (-0.38)
	Ex_smoker_84                                                               | 2289	 (16024, 43)             | -11.38    (-0.64)
	O_E___height_1                                                             | 2289	 (16024, 43)             | 163.33    (0.07)
	............................................................new week............................................................
	O_E___weight_2                                                             | 2290	 (16030, 43)             | 54.13     (-0.42)
	Mirtazapine                                                                | 2290	 (16035, 43)             | nan       (nan)
	............................................................new week............................................................
	Mirtazapine                                                                | 2296	 (16073, 44)             | nan       (nan)
	............................................................new week............................................................
	Mirtazapine                                                                | 2303	 (16126, 44)             | nan       (nan)
	............................................................new week............................................................
	Mirtazapine                                                                | 2305	 (16136, 44)             | nan       (nan)
	............................................................new week............................................................
	Mirtazapine                                                                | 2311	 (16178, 44)             | nan       (nan)
	............................................................new week............................................................
	Mirtazapine                                                                | 2313	 (16192, 44)             | nan       (nan)
	............................................................new week............................................................
	Mirtazapine                                                                | 2317	 (16225, 44)             | nan       (nan)
	............................................................new week............................................................
	Serum_TSH_level_71                                                         | 2323	 (16262, 44)             | -3.69     (-0.51)
	Mean_corpusc_Hb_conc__MCHC__14                                             | 2323	 (16262, 44)             | -296.59   (-1.13)
	Mean_corpusc_haemoglobin_MCH__13                                           | 2323	 (16262, 44)             | 24.22     (-0.27)
	Mean_corpuscular_volume__MCV__11                                           | 2323	 (16263, 44)             | 75.68     (-0.23)
	Plasma_C_reactive_protein_60                                               | 2323	 (16263, 44)             | 12.44     (0.19)
	Platelet_count_12                                                          | 2323	 (16263, 44)             | 122664.27 (-0.49)
	Red_blood_cell__RBC__count_10                                              | 2323	 (16263, 44)             | 1.38      (-0.50)
	Red_blood_cell_distribution_width_17                                       | 2323	 (16263, 44)             | 17.66     (-0.42)
	Total_white_cell_count_18                                                  | 2323	 (16263, 44)             | -12.54    (-0.50)
	Mirtazapine                                                                | 2323	 (16263, 44)             | nan       (nan)
	............................................................new week............................................................
	Mirtazapine                                                                | 2326	 (16287, 44)             | nan       (nan)
	............................................................new week............................................................
	Mirtazapine                                                                | 2328	 (16296, 44)             | nan       (nan)
	............................................................new week............................................................
	Mirtazapine                                                                | 2333	 (16335, 44)             | nan       (nan)
	............................................................new week............................................................
	Mirtazapine                                                                | 2334	 (16342, 44)             | nan       (nan)
	............................................................new week............................................................
	Mirtazapine                                                                | 2340	 (16384, 44)             | nan       (nan)
	............................................................new week............................................................
	Mirtazapine                                                                | 2342	 (16400, 44)             | nan       (nan)
	............................................................new week............................................................
	Mirtazapine                                                                | 2355	 (16488, 45)             | nan       (nan)
	............................................................new week............................................................
	Mirtazapine                                                                | 2356	 (16492, 45)             | nan       (nan)
	............................................................new week............................................................
	Basophil_count_22                                                          | 2358	 (16508, 45)             | -0.01     (-0.49)
	Calculated_LDL_cholesterol_level_103                                       | 2358	 (16508, 45)             | 4.31      (-0.36)
	Eosinophil_count_21                                                        | 2358	 (16512, 45)             | 0.04      (-0.48)
	............................................................new week............................................................
	GFR_calculated_abbreviated_MDRD_34                                         | 2359	 (16516, 45)             | 80.85     (-0.23)
	Haematocrit_15                                                             | 2359	 (16516, 45)             | 0.41      (-0.09)
	Haemoglobin_estimation_9                                                   | 2359	 (16517, 45)             | 141.43    (-0.05)
	HbA1c_level__DCCT_aligned__7                                               | 2359	 (16519, 45)             | 6.81      (-0.49)
	Lymphocyte_count_20                                                        | 2359	 (16519, 45)             | 3.94      (-0.48)
	Mean_corpusc_Hb_conc__MCHC__14                                             | 2359	 (16519, 45)             | 333.95    (0.16)
	Mean_corpusc_haemoglobin_MCH__13                                           | 2359	 (16519, 45)             | 30.63     (-0.20)
	Mean_corpuscular_volume__MCV__11                                           | 2359	 (16519, 45)             | 92.79     (-0.16)
	............................................................new week............................................................
	Monocyte_count_23                                                          | 2360	 (16523, 45)             | 0.58      (-0.47)
	Neutrophil_count_19                                                        | 2360	 (16526, 45)             | 3.01      (-0.44)
	............................................................new week............................................................
	Platelet_count_12                                                          | 2361	 (16528, 45)             | 7202.92   (-0.50)
	Red_blood_cell__RBC__count_10                                              | 2361	 (16528, 45)             | 4.92      (-0.49)
	Red_blood_cell_distribution_width_17                                       | 2361	 (16528, 45)             | 14.01     (-0.46)
	Serum_HDL_cholesterol_level_100                                            | 2361	 (16530, 45)             | 1.70      (-0.06)
	............................................................new week............................................................
	Serum_TSH_level_71                                                         | 2362	 (16534, 45)             | -2.27     (-0.50)
	Serum_alanine_aminotransferase_level_45                                    | 2362	 (16537, 45)             | 32.50     (-0.50)
	Serum_albumin_51                                                           | 2362	 (16539, 45)             | 42.33     (-0.27)
	............................................................new week............................................................
	Serum_alkaline_phosphatase_50                                              | 2363	 (16541, 45)             | 77.48     (-0.50)
	Serum_calcium_39                                                           | 2363	 (16541, 45)             | 2.48      (-0.26)
	Serum_cholesterol_97                                                       | 2363	 (16541, 45)             | 4.17      (-0.45)
	Serum_cholesterol_HDL_ratio_94                                             | 2363	 (16545, 45)             | 1.88      (-0.50)
	Serum_creatinine_31                                                        | 2363	 (16545, 45)             | 71.11     (-0.49)
	Serum_ferritin_63                                                          | 2363	 (16545, 45)             | 521.57    (-0.50)
	Serum_non_high_density_lipoprotein_cholesterol_level_107                   | 2363	 (16545, 45)             | 2.48      (0.14)
	Serum_potassium_26                                                         | 2363	 (16547, 45)             | 4.67      (-0.04)
	Serum_sodium_24                                                            | 2363	 (16547, 45)             | 135.90    (-0.08)
	Serum_total_bilirubin_level_56                                             | 2363	 (16547, 45)             | 15.84     (-0.48)
	Serum_triglycerides_105                                                    | 2363	 (16547, 45)             | 0.29      (-0.50)
	............................................................new week............................................................
	Serum_urea_level_29                                                        | 2364	 (16548, 45)             | 4.37      (-0.08)
	Total_white_cell_count_18                                                  | 2364	 (16550, 45)             | 11.68     (-0.50)
	............................................................new week............................................................
	Mirtazapine                                                                | 2365	 (16556, 45)             | nan       (nan)
	............................................................new week............................................................
	Mirtazapine                                                                | 2370	 (16590, 45)             | nan       (nan)
	............................................................new week............................................................
	Mirtazapine                                                                | 2371	 (16600, 45)             | nan       (nan)
	............................................................new week............................................................
	Mirtazapine                                                                | 2373	 (16611, 45)             | nan       (nan)
	............................................................new week............................................................
	Mirtazapine                                                                | 2379	 (16654, 45)             | nan       (nan)
	............................................................new week............................................................
	Mirtazapine                                                                | 2383	 (16684, 45)             | nan       (nan)
	............................................................new week............................................................
	Mirtazapine                                                                | 2393	 (16757, 45)             | nan       (nan)
	............................................................new week............................................................
	Mirtazapine                                                                | 2400	 (16801, 46)             | nan       (nan)
	............................................................new week............................................................
	Mirtazapine                                                                | 2404	 (16833, 46)             | nan       (nan)
	............................................................new week............................................................
	Mirtazapine                                                                | 2405	 (16837, 46)             | nan       (nan)
	............................................................new week............................................................
	Mirtazapine                                                                | 2407	 (16853, 46)             | nan       (nan)
	............................................................new week............................................................
	Haemoglobin_A1c_level___IFCC_standardised_6                                | 2409	 (16864, 46)             | 34.52     (-0.38)
	Warfarin_                                                                  | 2409	 (16864, 46)             | nan       (nan)
	............................................................new week............................................................
	Mirtazapine                                                                | 2421	 (16950, 46)             | nan       (nan)
	............................................................new week............................................................
	Mirtazapine                                                                | 2424	 (16969, 46)             | nan       (nan)
	............................................................new week............................................................
	SSRIs_Optimal                                                              | 2432	 (17029, 46)             | nan       (nan)
	............................................................new week............................................................
	Mirtazapine                                                                | 2436	 (17058, 46)             | nan       (nan)
	............................................................new week............................................................
	Mirtazapine                                                                | 2440	 (17085, 46)             | nan       (nan)
	............................................................new week............................................................
	Mirtazapine                                                                | 2442	 (17096, 46)             | nan       (nan)
	............................................................new week............................................................
	Mirtazapine                                                                | 2444	 (17109, 46)             | nan       (nan)
	............................................................new week............................................................
	Mirtazapine                                                                | 2445	 (17120, 46)             | nan       (nan)
	............................................................new week............................................................
	Mirtazapine                                                                | 2446	 (17124, 46)             | nan       (nan)
	............................................................new week............................................................
	Mirtazapine                                                                | 2449	 (17148, 46)             | nan       (nan)
	............................................................new week............................................................
	Mirtazapine                                                                | 2450	 (17153, 46)             | nan       (nan)
	Mirtazapine                                                                | 2450	 (17153, 46)             | nan       (nan)
	............................................................new week............................................................
	Mirtazapine                                                                | 2453	 (17175, 47)             | nan       (nan)
	............................................................new week............................................................
	Mirtazapine                                                                | 2454	 (17179, 47)             | nan       (nan)
	............................................................new week............................................................
	Mirtazapine                                                                | 2462	 (17239, 47)             | nan       (nan)
	............................................................new week............................................................
	Mirtazapine                                                                | 2472	 (17305, 47)             | nan       (nan)
	............................................................new week............................................................
	Mirtazapine                                                                | 2480	 (17365, 47)             | nan       (nan)
	............................................................new week............................................................
	Mirtazapine                                                                | 2482	 (17378, 47)             | nan       (nan)
	Mirtazapine                                                                | 2482	 (17378, 47)             | nan       (nan)
	............................................................new week............................................................
	SSRIs_Optimal                                                              | 2489	 (17427, 47)             | nan       (nan)
	............................................................new week............................................................
	Mirtazapine                                                                | 2492	 (17445, 47)             | nan       (nan)
	............................................................new week............................................................
	Mirtazapine                                                                | 2501	 (17511, 47)             | nan       (nan)
	............................................................new week............................................................
	Serum_creatinine_31                                                        | 2508	 (17557, 48)             | -1165.59  (-0.62)
	Serum_potassium_26                                                         | 2508	 (17559, 48)             | 4.88      (-0.02)
	Serum_sodium_24                                                            | 2508	 (17559, 48)             | 138.91    (-0.06)
	Serum_urea_level_29                                                        | 2508	 (17559, 48)             | 2.62      (-0.25)
	............................................................new week............................................................
	Mirtazapine                                                                | 2510	 (17575, 48)             | nan       (nan)
	............................................................new week............................................................
	Mirtazapine                                                                | 2511	 (17582, 48)             | nan       (nan)
	............................................................new week............................................................
	Mirtazapine                                                                | 2512	 (17584, 48)             | nan       (nan)
	............................................................new week............................................................
	SSRIs_Optimal                                                              | 2513	 (17593, 48)             | nan       (nan)
	............................................................new week............................................................
	Mirtazapine                                                                | 2525	 (17677, 48)             | nan       (nan)
	............................................................new week............................................................
	Mirtazapine                                                                | 2528	 (17696, 48)             | nan       (nan)
	............................................................new week............................................................
	Mirtazapine                                                                | 2530	 (17710, 48)             | nan       (nan)
	Mirtazapine                                                                | 2530	 (17710, 48)             | nan       (nan)
	............................................................new week............................................................
	Mirtazapine                                                                | 2532	 (17727, 48)             | nan       (nan)
	............................................................new week............................................................
	NSAIDS_oral_OPTIMAL_final                                                  | 2545	 (17818, 48)             | nan       (nan)
	............................................................new week............................................................
	Calcium_supplements_Optimal                                                | 2546	 (17822, 48)             | nan       (nan)
	Vitamin_D                                                                  | 2546	 (17822, 48)             | nan       (nan)
	............................................................new week............................................................
	Mirtazapine                                                                | 2557	 (17900, 49)             | nan       (nan)
	............................................................new week............................................................
	Mirtazapine                                                                | 2561	 (17929, 49)             | nan       (nan)
	............................................................new week............................................................
	Mirtazapine                                                                | 2565	 (17957, 49)             | nan       (nan)
	............................................................new week............................................................
	Mirtazapine                                                                | 2568	 (17977, 49)             | nan       (nan)
	............................................................new week............................................................
	Mirtazapine                                                                | 2569	 (17984, 49)             | nan       (nan)
	............................................................new week............................................................
	Mirtazapine                                                                | 2570	 (17990, 49)             | nan       (nan)
	............................................................new week............................................................
	Mirtazapine                                                                | 2573	 (18017, 49)             | nan       (nan)
	............................................................new week............................................................
	Mirtazapine                                                                | 2578	 (18052, 49)             | nan       (nan)
	............................................................new week............................................................
	Mirtazapine                                                                | 2585	 (18096, 49)             | nan       (nan)
	............................................................new week............................................................
	Mirtazapine                                                                | 2593	 (18151, 49)             | nan       (nan)
	............................................................new week............................................................
	Mirtazapine                                                                | 2595	 (18169, 49)             | nan       (nan)
	............................................................new week............................................................
	Mirtazapine                                                                | 2597	 (18182, 49)             | nan       (nan)
	............................................................new week............................................................
	Mirtazapine                                                                | 2602	 (18216, 49)             | nan       (nan)
	............................................................new week............................................................
	Mirtazapine                                                                | 2605	 (18240, 49)             | nan       (nan)
	............................................................new week............................................................
	Mirtazapine                                                                | 2609	 (18264, 50)             | nan       (nan)
	............................................................new week............................................................
	Mirtazapine                                                                | 2614	 (18300, 50)             | nan       (nan)
	............................................................new week............................................................
	Mirtazapine                                                                | 2622	 (18359, 50)             | nan       (nan)
	............................................................new week............................................................
	Mirtazapine                                                                | 2624	 (18370, 50)             | nan       (nan)
	............................................................new week............................................................
	Mirtazapine                                                                | 2625	 (18381, 50)             | nan       (nan)
	............................................................new week............................................................
	Mirtazapine                                                                | 2626	 (18383, 50)             | nan       (nan)
	............................................................new week............................................................
	Mirtazapine                                                                | 2628	 (18401, 50)             | nan       (nan)
	Mirtazapine                                                                | 2628	 (18401, 50)             | nan       (nan)
	............................................................new week............................................................
	Mirtazapine                                                                | 2631	 (18417, 50)             | nan       (nan)
	............................................................new week............................................................
	Mirtazapine                                                                | 2633	 (18436, 50)             | nan       (nan)
	............................................................new week............................................................
	Mirtazapine                                                                | 2634	 (18441, 50)             | nan       (nan)
	............................................................new week............................................................
	Mirtazapine                                                                | 2637	 (18459, 50)             | nan       (nan)
	Mirtazapine                                                                | 2637	 (18459, 50)             | nan       (nan)
	Mirtazapine                                                                | 2637	 (18459, 50)             | nan       (nan)
	............................................................new week............................................................
	Mirtazapine                                                                | 2642	 (18496, 50)             | nan       (nan)
	............................................................new week............................................................
	Mirtazapine                                                                | 2643	 (18505, 50)             | nan       (nan)
	Mirtazapine                                                                | 2643	 (18507, 50)             | nan       (nan)
	............................................................new week............................................................
	Mirtazapine                                                                | 2645	 (18521, 50)             | nan       (nan)
	............................................................new week............................................................
	Mirtazapine                                                                | 2650	 (18554, 50)             | nan       (nan)
	............................................................new week............................................................
	Mirtazapine                                                                | 2651	 (18558, 50)             | nan       (nan)
	............................................................new week............................................................
	Mirtazapine                                                                | 2653	 (18576, 50)             | nan       (nan)
	Mirtazapine                                                                | 2653	 (18576, 50)             | nan       (nan)
