STATIC INFORMATION
========================================================================================================================
	SEX:               M
	IMD:               5.0
	ETHNICITY:         BLACK
	birth_year:        1978.0


GIVEN PATIENT CONTEXT
========================================================================================================================
	EVENT                                                                     | AGE IN WEEKS (days, years)   | VALUE
	............................................................new week............................................................
	ALCOHOLMISUSE_V2                                                           | 1777	 (12445, 34)             | nan       (nan)
	............................................................new week............................................................
	Body_mass_index_3                                                          | 1778	 (12449, 34)             | 25.20     (-0.34)
	Diastolic_blood_pressure_5                                                 | 1778	 (12449, 34)             | 80.00     (-0.34)
	O_E___height_1                                                             | 1778	 (12449, 34)             | 167.00    (0.08)
	O_E___weight_2                                                             | 1778	 (12449, 34)             | 70.20     (-0.39)
	Systolic_blood_pressure_4                                                  | 1778	 (12449, 34)             | 142.00    (-0.20)
	............................................................new week............................................................
	Nasal_steroids_optimal                                                     | 1814	 (12701, 34)             | nan       (nan)
	............................................................new week............................................................
	Nasal_steroids_optimal                                                     | 1820	 (12745, 34)             | nan       (nan)
	............................................................new week............................................................
	GFR_calculated_abbreviated_MDRD_34                                         | 1830	 (12816, 35)             | nan       (nan)
	Haemoglobin_estimation_9                                                   | 1830	 (12816, 35)             | 143.00    (-0.04)
	Lymphocyte_count_20                                                        | 1830	 (12816, 35)             | 0.90      (-0.50)
	Mean_corpusc_Hb_conc__MCHC__14                                             | 1830	 (12816, 35)             | 322.00    (0.14)
	Mean_corpusc_haemoglobin_MCH__13                                           | 1830	 (12816, 35)             | 30.60     (-0.20)
	Mean_corpuscular_volume__MCV__11                                           | 1830	 (12816, 35)             | 95.20     (-0.14)
	Monocyte_count_23                                                          | 1830	 (12816, 35)             | 0.20      (-0.49)
	Neutrophil_count_19                                                        | 1830	 (12816, 35)             | 1.00      (-0.48)
	Platelet_count_12                                                          | 1830	 (12816, 35)             | 258.09    (-0.50)
	Red_blood_cell__RBC__count_10                                              | 1830	 (12816, 35)             | 4.69      (-0.49)
	Red_blood_cell_distribution_width_17                                       | 1830	 (12816, 35)             | 12.80     (-0.47)
	Serum_C_reactive_protein_level_59                                          | 1830	 (12816, 35)             | 4.00      (-0.03)
	Serum_alanine_aminotransferase_level_45                                    | 1830	 (12816, 35)             | 44.00     (-0.50)
	Serum_albumin_51                                                           | 1830	 (12816, 35)             | 42.00     (-0.28)
	Serum_alkaline_phosphatase_50                                              | 1830	 (12816, 35)             | 32.00     (-0.50)
	Serum_bilirubin_level_53                                                   | 1830	 (12816, 35)             | 13.00     (-0.48)
	Serum_creatinine_31                                                        | 1830	 (12816, 35)             | 85.00     (-0.49)
	Serum_gamma_glutamyl_transferase_level_57                                  | 1830	 (12816, 35)             | 38.00     (0.04)
	Serum_potassium_26                                                         | 1830	 (12816, 35)             | 4.10      (-0.10)
	Serum_sodium_24                                                            | 1830	 (12816, 35)             | 139.00    (-0.05)
	Serum_urea_level_29                                                        | 1830	 (12816, 35)             | 6.50      (0.13)
	Total_white_cell_count_18                                                  | 1830	 (12816, 35)             | 2.20      (-0.50)
	............................................................new week............................................................
	Haemoglobin_estimation_9                                                   | 1834	 (12842, 35)             | 148.00    (-0.02)
	Lymphocyte_count_20                                                        | 1834	 (12842, 35)             | 0.90      (-0.50)
	Mean_corpusc_Hb_conc__MCHC__14                                             | 1834	 (12842, 35)             | 317.00    (0.13)
	Mean_corpusc_haemoglobin_MCH__13                                           | 1834	 (12842, 35)             | 30.50     (-0.20)
	Mean_corpuscular_volume__MCV__11                                           | 1834	 (12842, 35)             | 96.30     (-0.14)
	Monocyte_count_23                                                          | 1834	 (12842, 35)             | 0.30      (-0.48)
	Neutrophil_count_19                                                        | 1834	 (12842, 35)             | 1.30      (-0.47)
	Platelet_count_12                                                          | 1834	 (12842, 35)             | 227.99    (-0.50)
	Red_blood_cell__RBC__count_10                                              | 1834	 (12842, 35)             | 4.86      (-0.49)
	Red_blood_cell_distribution_width_17                                       | 1834	 (12842, 35)             | 12.20     (-0.48)
	Total_white_cell_count_18                                                  | 1834	 (12842, 35)             | 2.60      (-0.50)
	............................................................new week............................................................
	Haemoglobin_estimation_9                                                   | 1845	 (12920, 35)             | 151.00    (-0.01)
	Lymphocyte_count_20                                                        | 1845	 (12920, 35)             | 1.20      (-0.49)
	Mean_corpusc_Hb_conc__MCHC__14                                             | 1845	 (12920, 35)             | 322.00    (0.14)
	Mean_corpusc_haemoglobin_MCH__13                                           | 1845	 (12920, 35)             | 30.60     (-0.20)
	Mean_corpuscular_volume__MCV__11                                           | 1845	 (12920, 35)             | 95.00     (-0.15)
	Monocyte_count_23                                                          | 1845	 (12920, 35)             | 0.30      (-0.48)
	Neutrophil_count_19                                                        | 1845	 (12920, 35)             | 1.10      (-0.48)
	Platelet_count_12                                                          | 1845	 (12920, 35)             | 275.08    (-0.50)
	Red_blood_cell__RBC__count_10                                              | 1845	 (12920, 35)             | 4.93      (-0.49)
	Red_blood_cell_distribution_width_17                                       | 1845	 (12920, 35)             | 11.30     (-0.49)
	Total_white_cell_count_18                                                  | 1845	 (12920, 35)             | 2.60      (-0.50)
	............................................................new week............................................................
	Nasal_steroids_optimal                                                     | 1862	 (13039, 35)             | nan       (nan)
	Nasal_steroids_optimal                                                     | 1862	 (13039, 35)             | nan       (nan)
	Nasal_steroids_optimal                                                     | 1862	 (13040, 35)             | nan       (nan)
	............................................................new week............................................................
	Nasal_steroids_optimal                                                     | 1872	 (13110, 35)             | nan       (nan)
	............................................................new week............................................................
	Haemoglobin_estimation_9                                                   | 1895	 (13271, 36)             | 148.00    (-0.02)
	Lymphocyte_count_20                                                        | 1895	 (13271, 36)             | 1.70      (-0.49)
	Mean_corpusc_Hb_conc__MCHC__14                                             | 1895	 (13271, 36)             | 331.00    (0.16)
	Mean_corpusc_haemoglobin_MCH__13                                           | 1895	 (13271, 36)             | 31.20     (-0.19)
	Mean_corpuscular_volume__MCV__11                                           | 1895	 (13271, 36)             | 94.10     (-0.15)
	Monocyte_count_23                                                          | 1895	 (13271, 36)             | 0.40      (-0.48)
	Neutrophil_count_19                                                        | 1895	 (13271, 36)             | 1.40      (-0.47)
	Platelet_count_12                                                          | 1895	 (13271, 36)             | 250.94    (-0.50)
	Red_blood_cell__RBC__count_10                                              | 1895	 (13271, 36)             | 4.74      (-0.49)
	Red_blood_cell_distribution_width_17                                       | 1895	 (13271, 36)             | 11.80     (-0.48)
	Total_white_cell_count_18                                                  | 1895	 (13271, 36)             | 3.50      (-0.50)
	............................................................new week............................................................
	Nasal_steroids_optimal                                                     | 1929	 (13505, 37)             | nan       (nan)
	ALLERGICRHINITISCONJ                                                       | 1929	 (13505, 37)             | nan       (nan)
	............................................................new week............................................................
	Diastolic_blood_pressure_5                                                 | 1982	 (13877, 38)             | 72.00     (-0.36)
	Systolic_blood_pressure_4                                                  | 1982	 (13877, 38)             | 130.00    (-0.23)
	............................................................new week............................................................
	Haemoglobin_estimation_9                                                   | 2003	 (14027, 38)             | 147.00    (-0.03)
	Lymphocyte_count_20                                                        | 2003	 (14027, 38)             | 1.30      (-0.49)
	Mean_corpusc_Hb_conc__MCHC__14                                             | 2003	 (14027, 38)             | 331.00    (0.16)
	Mean_corpusc_haemoglobin_MCH__13                                           | 2003	 (14027, 38)             | 31.10     (-0.20)
	Mean_corpuscular_volume__MCV__11                                           | 2003	 (14027, 38)             | 93.90     (-0.15)
	Monocyte_count_23                                                          | 2003	 (14027, 38)             | 0.50      (-0.47)
	Neutrophil_count_19                                                        | 2003	 (14027, 38)             | 1.20      (-0.48)
	Platelet_count_12                                                          | 2003	 (14027, 38)             | 239.01    (-0.50)
	Red_blood_cell__RBC__count_10                                              | 2003	 (14027, 38)             | 4.73      (-0.49)
	Red_blood_cell_distribution_width_17                                       | 2003	 (14027, 38)             | 12.50     (-0.48)
	Total_white_cell_count_18                                                  | 2003	 (14027, 38)             | 3.10      (-0.50)
	............................................................new week............................................................
	Nasal_steroids_optimal                                                     | 2020	 (14142, 38)             | nan       (nan)
	............................................................new week............................................................
	Body_mass_index_3                                                          | 2033	 (14234, 38)             | 23.60     (-0.35)
	Diastolic_blood_pressure_5                                                 | 2033	 (14234, 38)             | 93.00     (-0.31)
	O_E___height_1                                                             | 2033	 (14234, 38)             | 167.00    (0.08)
	O_E___weight_2                                                             | 2033	 (14234, 38)             | 66.00     (-0.40)
	Systolic_blood_pressure_4                                                  | 2033	 (14234, 38)             | 139.00    (-0.21)
	............................................................new week............................................................
	Calculated_LDL_cholesterol_level_103                                       | 2034	 (14242, 39)             | 2.50      (-0.42)
	GFR_calculated_abbreviated_MDRD_34                                         | 2034	 (14242, 39)             | 60.00     (-0.30)
	Haemoglobin_A1c_level___IFCC_standardised_6                                | 2034	 (14242, 39)             | 29.00     (-0.40)
	Haemoglobin_estimation_9                                                   | 2034	 (14242, 39)             | 143.00    (-0.04)
	Lymphocyte_count_20                                                        | 2034	 (14242, 39)             | 1.20      (-0.49)
	Mean_corpusc_Hb_conc__MCHC__14                                             | 2034	 (14242, 39)             | 335.00    (0.16)
	Mean_corpusc_haemoglobin_MCH__13                                           | 2034	 (14242, 39)             | 31.50     (-0.19)
	Mean_corpuscular_volume__MCV__11                                           | 2034	 (14242, 39)             | 93.90     (-0.15)
	Monocyte_count_23                                                          | 2034	 (14242, 39)             | 0.50      (-0.47)
	Neutrophil_count_19                                                        | 2034	 (14242, 39)             | 1.40      (-0.47)
	Non_HDL_cholesterol_level_108                                              | 2034	 (14242, 39)             | 3.00      (-0.03)
	Platelet_count_12                                                          | 2034	 (14242, 39)             | 262.86    (-0.50)
	Red_blood_cell__RBC__count_10                                              | 2034	 (14242, 39)             | 4.54      (-0.49)
	Red_blood_cell_distribution_width_17                                       | 2034	 (14242, 39)             | 12.30     (-0.48)
	Serum_HDL_cholesterol_level_100                                            | 2034	 (14242, 39)             | 3.08      (0.29)
	Serum_TSH_level_71                                                         | 2034	 (14242, 39)             | 1.15      (-0.50)
	Serum_alanine_aminotransferase_level_45                                    | 2034	 (14242, 39)             | 52.00     (-0.50)
	Serum_albumin_51                                                           | 2034	 (14242, 39)             | 43.00     (-0.27)
	Serum_alkaline_phosphatase_50                                              | 2034	 (14242, 39)             | 50.00     (-0.50)
	Serum_bilirubin_level_53                                                   | 2034	 (14242, 39)             | 17.00     (-0.48)
	Serum_cholesterol_97                                                       | 2034	 (14242, 39)             | 6.10      (-0.41)
	Serum_creatinine_31                                                        | 2034	 (14242, 39)             | 88.00     (-0.49)
	Serum_potassium_26                                                         | 2034	 (14242, 39)             | 4.40      (-0.07)
	Serum_sodium_24                                                            | 2034	 (14242, 39)             | 140.00    (-0.05)
	Serum_triglycerides_105                                                    | 2034	 (14242, 39)             | 1.10      (-0.49)
	Serum_urea_level_29                                                        | 2034	 (14242, 39)             | 5.10      (-0.01)
	Total_cholesterol_HDL_ratio_95                                             | 2034	 (14242, 39)             | 2.00      (-0.50)
	Total_white_cell_count_18                                                  | 2034	 (14242, 39)             | 3.10      (-0.50)
	............................................................new week............................................................
	SSRIs_Optimal                                                              | 2061	 (14430, 39)             | nan       (nan)
	DEPRESSION                                                                 | 2061	 (14430, 39)             | nan       (nan)
	............................................................new week............................................................
	Body_mass_index_3                                                          | 2067	 (14471, 39)             | 24.00     (-0.35)
	Diastolic_blood_pressure_5                                                 | 2067	 (14471, 39)             | 99.00     (-0.29)
	O_E___weight_2                                                             | 2067	 (14471, 39)             | 67.00     (-0.40)
	Systolic_blood_pressure_4                                                  | 2067	 (14471, 39)             | 169.00    (-0.12)
	Calculated_LDL_cholesterol_level_103                                       | 2067	 (14474, 39)             | 2.80      (-0.41)
	GFR_calculated_abbreviated_MDRD_34                                         | 2067	 (14474, 39)             | 60.00     (-0.30)
	Haemoglobin_A1c_level___IFCC_standardised_6                                | 2067	 (14474, 39)             | 32.00     (-0.39)
	Non_HDL_cholesterol_level_108                                              | 2067	 (14474, 39)             | 3.30      (0.02)
	Serum_HDL_cholesterol_level_100                                            | 2067	 (14474, 39)             | 3.07      (0.29)
	Serum_TSH_level_71                                                         | 2067	 (14474, 39)             | 1.23      (-0.50)
	Serum_alanine_aminotransferase_level_45                                    | 2067	 (14474, 39)             | 44.00     (-0.50)
	Serum_albumin_51                                                           | 2067	 (14474, 39)             | 45.00     (-0.26)
	Serum_alkaline_phosphatase_50                                              | 2067	 (14474, 39)             | 40.00     (-0.50)
	Serum_bilirubin_level_53                                                   | 2067	 (14474, 39)             | 10.00     (-0.49)
	Serum_cholesterol_97                                                       | 2067	 (14474, 39)             | 6.30      (-0.41)
	Serum_creatinine_31                                                        | 2067	 (14474, 39)             | 87.00     (-0.49)
	Serum_potassium_26                                                         | 2067	 (14474, 39)             | 5.10      (0.01)
	Serum_sodium_24                                                            | 2067	 (14474, 39)             | 141.00    (-0.04)
	Serum_triglycerides_105                                                    | 2067	 (14474, 39)             | 0.96      (-0.49)
	Serum_urea_level_29                                                        | 2067	 (14474, 39)             | 4.90      (-0.03)
	Total_cholesterol_HDL_ratio_95                                             | 2067	 (14474, 39)             | 2.10      (-0.50)
	............................................................new week............................................................
	Diastolic_blood_pressure_5                                                 | 2068	 (14478, 39)             | 95.00     (-0.30)
	Diastolic_blood_pressure_5                                                 | 2068	 (14478, 39)             | 96.00     (-0.30)
	Systolic_blood_pressure_4                                                  | 2068	 (14478, 39)             | 163.00    (-0.14)
	Systolic_blood_pressure_4                                                  | 2068	 (14478, 39)             | 174.00    (-0.11)
	............................................................new week............................................................
	Diastolic_blood_pressure_5                                                 | 2104	 (14733, 40)             | 98.00     (-0.29)
	Systolic_blood_pressure_4                                                  | 2104	 (14733, 40)             | 154.00    (-0.16)
	............................................................new week............................................................
	Diastolic_blood_pressure_5                                                 | 2105	 (14740, 40)             | 105.00    (-0.28)
	Systolic_blood_pressure_4                                                  | 2105	 (14740, 40)             | 168.00    (-0.13)
	............................................................new week............................................................
	Haematocrit_15                                                             | 2119	 (14835, 40)             | 0.42      (-0.08)
	Haemoglobin_estimation_9                                                   | 2119	 (14835, 40)             | 138.00    (-0.06)
	Lymphocyte_count_20                                                        | 2119	 (14835, 40)             | 1.00      (-0.50)
	Mean_corpusc_Hb_conc__MCHC__14                                             | 2119	 (14835, 40)             | 326.00    (0.14)
	Mean_corpusc_haemoglobin_MCH__13                                           | 2119	 (14835, 40)             | 31.00     (-0.20)
	Mean_corpuscular_volume__MCV__11                                           | 2119	 (14835, 40)             | 94.90     (-0.15)
	Monocyte_count_23                                                          | 2119	 (14835, 40)             | 0.40      (-0.48)
	Neutrophil_count_19                                                        | 2119	 (14835, 40)             | 1.60      (-0.47)
	Platelet_count_12                                                          | 2119	 (14835, 40)             | 225.01    (-0.50)
	Red_blood_cell__RBC__count_10                                              | 2119	 (14835, 40)             | 4.47      (-0.49)
	Red_blood_cell_distribution_width_17                                       | 2119	 (14835, 40)             | 12.50     (-0.48)
	Total_white_cell_count_18                                                  | 2119	 (14835, 40)             | 3.10      (-0.50)
	............................................................new week............................................................
	Body_mass_index_3                                                          | 2143	 (15007, 41)             | 23.59     (-0.35)
	Current_smoker_83                                                          | 2143	 (15007, 41)             | nan       (nan)
	Diastolic_blood_pressure_5                                                 | 2143	 (15007, 41)             | 92.00     (-0.31)
	O_E___height_1                                                             | 2143	 (15007, 41)             | 166.00    (0.08)
	O_E___weight_2                                                             | 2143	 (15007, 41)             | 65.00     (-0.40)
	Serum_HDL_cholesterol_level_100                                            | 2143	 (15007, 41)             | 2.15      (0.05)
	Serum_total_cholesterol_level_98                                           | 2143	 (15007, 41)             | 6.26      (-0.40)
	Systolic_blood_pressure_4                                                  | 2143	 (15007, 41)             | 134.00    (-0.22)
	Total_cholesterol_HDL_ratio_95                                             | 2143	 (15007, 41)             | 2.90      (-0.49)
	............................................................new week............................................................
	Nasal_steroids_optimal                                                     | 2170	 (15192, 41)             | nan       (nan)
	............................................................new week............................................................
	Nasal_steroids_optimal                                                     | 2229	 (15609, 42)             | nan       (nan)
	............................................................new week............................................................
	Mirtazapine                                                                | 2232	 (15626, 42)             | nan       (nan)
	............................................................new week............................................................
	Antihistamines_second_generation_H1_antagonists                            | 2233	 (15635, 42)             | nan       (nan)
	............................................................new week............................................................
	Mirtazapine                                                                | 2234	 (15644, 42)             | nan       (nan)
	............................................................new week............................................................
	Mirtazapine                                                                | 2235	 (15651, 42)             | nan       (nan)
	Nasal_steroids_optimal                                                     | 2235	 (15651, 42)             | nan       (nan)
	............................................................new week............................................................
	Mirtazapine                                                                | 2239	 (15674, 42)             | nan       (nan)
	............................................................new week............................................................
	Mirtazapine                                                                | 2243	 (15703, 43)             | nan       (nan)
	............................................................new week............................................................
	Mirtazapine                                                                | 2247	 (15733, 43)             | nan       (nan)
	............................................................new week............................................................
	Mirtazapine                                                                | 2253	 (15772, 43)             | nan       (nan)
	............................................................new week............................................................
	Mirtazapine                                                                | 2259	 (15815, 43)             | nan       (nan)
	............................................................new week............................................................
	Body_mass_index_3                                                          | 2263	 (15845, 43)             | 23.01     (-0.36)
	Diastolic_blood_pressure_5                                                 | 2263	 (15845, 43)             | 83.00     (-0.33)
	O_E___weight_2                                                             | 2263	 (15845, 43)             | 63.40     (-0.40)
	Systolic_blood_pressure_4                                                  | 2263	 (15845, 43)             | 142.00    (-0.20)
	............................................................new week............................................................
	Mirtazapine                                                                | 2266	 (15865, 43)             | nan       (nan)
	............................................................new week............................................................
	Nasal_steroids_optimal                                                     | 2273	 (15913, 43)             | nan       (nan)
	Mirtazapine                                                                | 2273	 (15914, 43)             | nan       (nan)

========================================================================================================================
DIAGNOSIS SUMMARY
['ALCOHOLMISUSE_V2', 'ALLERGICRHINITISCONJ', 'DEPRESSION']
========================================================================================================================


PREDICTED FUTURE EVENTS
========================================================================================================================
	EVENT                                                                     | AGE IN WEEKS (days, years)  | VALUE
	............................................................new week............................................................
	Mirtazapine                                                                | 2276	 (15933, 43)             | nan       (nan)
	............................................................new week............................................................
	Mirtazapine                                                                | 2291	 (16039, 43)             | nan       (nan)
	............................................................new week............................................................
	Mirtazapine                                                                | 2298	 (16086, 44)             | nan       (nan)
	............................................................new week............................................................
	GFR_calculated_abbreviated_MDRD_34                                         | 2302	 (16115, 44)             | 80.65     (-0.23)
	Serum_HDL_cholesterol_level_100                                            | 2302	 (16115, 44)             | 1.38      (-0.15)
	Serum_TSH_level_71                                                         | 2302	 (16115, 44)             | 4.71      (-0.49)
	Serum_alanine_aminotransferase_level_45                                    | 2302	 (16115, 44)             | 60.79     (-0.50)
	Serum_albumin_51                                                           | 2302	 (16119, 44)             | 46.26     (-0.25)
	Serum_alkaline_phosphatase_50                                              | 2302	 (16119, 44)             | 43.52     (-0.50)
	............................................................new week............................................................
	Serum_cholesterol_HDL_ratio_94                                             | 2303	 (16121, 44)             | 6.06      (-0.48)
	Serum_creatinine_31                                                        | 2303	 (16121, 44)             | 84.57     (-0.49)
	Serum_potassium_26                                                         | 2303	 (16126, 44)             | 4.16      (-0.09)
	............................................................new week............................................................
	Serum_sodium_24                                                            | 2304	 (16128, 44)             | 139.68    (-0.05)
	eGFR_using_creatinine_CKD_EPI_per_1_73_square_metres_33                    | 2304	 (16128, 44)             | 54.42     (-0.39)
	Mirtazapine                                                                | 2304	 (16132, 44)             | nan       (nan)
	............................................................new week............................................................
	Eosinophil_count_21                                                        | 2305	 (16139, 44)             | 0.33      (-0.45)
	Haematocrit_15                                                             | 2305	 (16139, 44)             | 0.39      (-0.11)
	Haemoglobin_estimation_9                                                   | 2305	 (16139, 44)             | 128.23    (-0.09)
	Lymphocyte_count_20                                                        | 2305	 (16139, 44)             | 1.33      (-0.49)
	Mean_corpusc_Hb_conc__MCHC__14                                             | 2305	 (16139, 44)             | 336.59    (0.17)
	Mean_corpusc_haemoglobin_MCH__13                                           | 2305	 (16139, 44)             | 33.94     (-0.17)
	Mean_corpuscular_volume__MCV__11                                           | 2305	 (16139, 44)             | 101.80    (-0.12)
	Monocyte_count_23                                                          | 2305	 (16139, 44)             | 0.54      (-0.47)
	Neutrophil_count_19                                                        | 2305	 (16139, 44)             | 1.08      (-0.48)
	Platelet_count_12                                                          | 2305	 (16139, 44)             | 5533.70   (-0.50)
	Red_blood_cell__RBC__count_10                                              | 2305	 (16141, 44)             | 5.13      (-0.49)
	Red_blood_cell_distribution_width_17                                       | 2305	 (16141, 44)             | 13.17     (-0.47)
	Serum_HDL_cholesterol_level_100                                            | 2305	 (16141, 44)             | 1.91      (-0.01)
	............................................................new week............................................................
	Serum_TSH_level_71                                                         | 2306	 (16143, 44)             | 1.91      (-0.49)
	Serum_alanine_aminotransferase_level_45                                    | 2306	 (16143, 44)             | -11.16    (-0.50)
	Serum_albumin_51                                                           | 2306	 (16145, 44)             | 43.53     (-0.27)
	Serum_alkaline_phosphatase_50                                              | 2306	 (16145, 44)             | 105.57    (-0.49)
	Serum_bilirubin_level_53                                                   | 2306	 (16145, 44)             | 14.06     (-0.48)
	Serum_cholesterol_97                                                       | 2306	 (16148, 44)             | 5.06      (-0.43)
	............................................................new week............................................................
	Serum_cholesterol_HDL_ratio_94                                             | 2307	 (16154, 44)             | 2.55      (-0.49)
	............................................................new week............................................................
	Serum_creatinine_31                                                        | 2308	 (16156, 44)             | 79.28     (-0.49)
	Serum_folate_80                                                            | 2308	 (16156, 44)             | -0.28     (-0.33)
	Serum_potassium_26                                                         | 2308	 (16156, 44)             | 4.15      (-0.09)
	Serum_sodium_24                                                            | 2308	 (16157, 44)             | 138.66    (-0.06)
	Serum_triglycerides_105                                                    | 2308	 (16157, 44)             | 3.42      (-0.47)
	Serum_urea_level_29                                                        | 2308	 (16157, 44)             | 5.37      (0.02)
	Serum_vitamin_B12_79                                                       | 2308	 (16157, 44)             | 701.93    (-0.47)
	Total_white_cell_count_18                                                  | 2308	 (16157, 44)             | 9.00      (-0.50)
	............................................................new week............................................................
	Mirtazapine                                                                | 2314	 (16199, 44)             | nan       (nan)
	............................................................new week............................................................
	Mirtazapine                                                                | 2315	 (16209, 44)             | nan       (nan)
	............................................................new week............................................................
	Basophil_count_22                                                          | 2323	 (16263, 44)             | -0.01     (-0.49)
	Eosinophil_count_21                                                        | 2323	 (16263, 44)             | 0.29      (-0.45)
	Haematocrit_15                                                             | 2323	 (16263, 44)             | 0.39      (-0.11)
	Haemoglobin_estimation_9                                                   | 2323	 (16263, 44)             | 131.40    (-0.08)
	Lymphocyte_count_20                                                        | 2323	 (16263, 44)             | 2.87      (-0.49)
	............................................................new week............................................................
	Mean_corpusc_Hb_conc__MCHC__14                                             | 2324	 (16269, 44)             | 337.72    (0.17)
	Mean_corpusc_haemoglobin_MCH__13                                           | 2324	 (16271, 44)             | 34.50     (-0.16)
	Mean_corpuscular_volume__MCV__11                                           | 2324	 (16274, 44)             | 102.07    (-0.12)
	............................................................new week............................................................
	Monocyte_count_23                                                          | 2325	 (16278, 44)             | 0.41      (-0.48)
	Neutrophil_count_19                                                        | 2325	 (16278, 44)             | 2.43      (-0.45)
	............................................................new week............................................................
	Platelet_count_12                                                          | 2326	 (16282, 44)             | -23.25    (-0.50)
	Plasma_TSH_level_73                                                        | 2326	 (16282, 44)             | -404.77   (-1.30)
	Plasma_alanine_aminotransferase_level_44                                   | 2326	 (16282, 44)             | -59.72    (-0.50)
	Platelet_count_12                                                          | 2326	 (16282, 44)             | -14208.56 (-0.50)
	Red_blood_cell__RBC__count_10                                              | 2326	 (16282, 44)             | 4.14      (-0.49)
	Red_blood_cell_distribution_width_17                                       | 2326	 (16282, 44)             | 14.05     (-0.46)
	Serum_TSH_level_71                                                         | 2326	 (16282, 44)             | 1.86      (-0.49)
	Serum_albumin_51                                                           | 2326	 (16284, 44)             | 40.88     (-0.28)
	Serum_alkaline_phosphatase_50                                              | 2326	 (16284, 44)             | 59.58     (-0.50)
	Serum_bilirubin_level_53                                                   | 2326	 (16284, 44)             | 21.07     (-0.48)
	Serum_creatinine_31                                                        | 2326	 (16284, 44)             | 92.16     (-0.49)
	Serum_potassium_26                                                         | 2326	 (16284, 44)             | 4.37      (-0.07)
	Serum_sodium_24                                                            | 2326	 (16285, 44)             | 141.18    (-0.03)
	Serum_urea_level_29                                                        | 2326	 (16285, 44)             | 5.20      (0.00)
	............................................................new week............................................................
	Total_white_cell_count_18                                                  | 2327	 (16293, 44)             | 9.35      (-0.50)
	............................................................new week............................................................
	Mirtazapine                                                                | 2333	 (16337, 44)             | nan       (nan)
	............................................................new week............................................................
	Mirtazapine                                                                | 2334	 (16344, 44)             | nan       (nan)
	Mirtazapine                                                                | 2334	 (16344, 44)             | nan       (nan)
	............................................................new week............................................................
	Mirtazapine                                                                | 2343	 (16406, 44)             | nan       (nan)
	............................................................new week............................................................
	Mirtazapine                                                                | 2350	 (16452, 45)             | nan       (nan)
	............................................................new week............................................................
	Body_mass_index_3                                                          | 2361	 (16532, 45)             | 23.29     (-0.35)
	............................................................new week............................................................
	O_E___height_1                                                             | 2362	 (16534, 45)             | 173.47    (0.11)
	O_E___weight_2                                                             | 2362	 (16534, 45)             | 68.22     (-0.40)
	............................................................new week............................................................
	Mirtazapine                                                                | 2363	 (16543, 45)             | nan       (nan)
	Mirtazapine                                                                | 2363	 (16547, 45)             | nan       (nan)
	............................................................new week............................................................
	Mirtazapine                                                                | 2374	 (16621, 45)             | nan       (nan)
	............................................................new week............................................................
	Mirtazapine                                                                | 2379	 (16656, 45)             | nan       (nan)
	............................................................new week............................................................
	Mirtazapine                                                                | 2381	 (16669, 45)             | nan       (nan)
	Mirtazapine                                                                | 2381	 (16671, 45)             | nan       (nan)
	............................................................new week............................................................
	Mirtazapine                                                                | 2383	 (16682, 45)             | nan       (nan)
	............................................................new week............................................................
	Mirtazapine                                                                | 2385	 (16696, 45)             | nan       (nan)
	............................................................new week............................................................
	GFR_calculated_abbreviated_MDRD_34                                         | 2392	 (16744, 45)             | 83.96     (-0.22)
	Serum_alanine_aminotransferase_level_45                                    | 2392	 (16744, 45)             | 2329.16   (-0.44)
	Serum_alanine_aminotransferase_level_45                                    | 2392	 (16748, 45)             | 8530.05   (-0.29)
	Serum_albumin_51                                                           | 2392	 (16748, 45)             | 42.22     (-0.27)
	Serum_alkaline_phosphatase_50                                              | 2392	 (16748, 45)             | 101.20    (-0.49)
	Serum_bilirubin_level_53                                                   | 2392	 (16749, 45)             | 14.68     (-0.48)
	............................................................new week............................................................
	Serum_cholesterol_97                                                       | 2393	 (16751, 45)             | 4.79      (-0.44)
	Serum_creatinine_31                                                        | 2393	 (16751, 45)             | 153.04    (-0.48)
	Serum_potassium_26                                                         | 2393	 (16753, 45)             | 4.19      (-0.09)
	Serum_sodium_24                                                            | 2393	 (16753, 45)             | 140.47    (-0.04)
	Serum_urea_level_29                                                        | 2393	 (16753, 45)             | 5.21      (0.00)
	............................................................new week............................................................
	Mirtazapine                                                                | 2394	 (16762, 45)             | nan       (nan)
	Mirtazapine                                                                | 2394	 (16762, 45)             | nan       (nan)
	............................................................new week............................................................
	Mirtazapine                                                                | 2395	 (16766, 45)             | nan       (nan)
	Mirtazapine                                                                | 2395	 (16766, 45)             | nan       (nan)
	............................................................new week............................................................
	Mirtazapine                                                                | 2400	 (16802, 46)             | nan       (nan)
	............................................................new week............................................................
	Mirtazapine                                                                | 2401	 (16813, 46)             | nan       (nan)
	............................................................new week............................................................
	Mirtazapine                                                                | 2405	 (16837, 46)             | nan       (nan)
	............................................................new week............................................................
	Mirtazapine                                                                | 2417	 (16921, 46)             | nan       (nan)
	............................................................new week............................................................
	Mirtazapine                                                                | 2418	 (16930, 46)             | nan       (nan)
	............................................................new week............................................................
	Mirtazapine                                                                | 2421	 (16947, 46)             | nan       (nan)
	............................................................new week............................................................
	Mirtazapine                                                                | 2426	 (16987, 46)             | nan       (nan)
	............................................................new week............................................................
	Mirtazapine                                                                | 2427	 (16994, 46)             | nan       (nan)
	............................................................new week............................................................
	Mirtazapine                                                                | 2428	 (16996, 46)             | nan       (nan)
	............................................................new week............................................................
	Mirtazapine                                                                | 2429	 (17005, 46)             | nan       (nan)
	Mirtazapine                                                                | 2429	 (17009, 46)             | nan       (nan)
	............................................................new week............................................................
	Mirtazapine                                                                | 2440	 (17080, 46)             | nan       (nan)
	............................................................new week............................................................
	Mirtazapine                                                                | 2446	 (17126, 46)             | nan       (nan)
	............................................................new week............................................................
	Mirtazapine                                                                | 2450	 (17151, 46)             | nan       (nan)
	............................................................new week............................................................
	Mirtazapine                                                                | 2458	 (17210, 47)             | nan       (nan)
	............................................................new week............................................................
	Mirtazapine                                                                | 2464	 (17252, 47)             | nan       (nan)
	............................................................new week............................................................
	Mirtazapine                                                                | 2465	 (17257, 47)             | nan       (nan)
	............................................................new week............................................................
	Mirtazapine                                                                | 2473	 (17316, 47)             | nan       (nan)
	............................................................new week............................................................
	Mirtazapine                                                                | 2476	 (17338, 47)             | nan       (nan)
	............................................................new week............................................................
	Mirtazapine                                                                | 2483	 (17387, 47)             | nan       (nan)
	............................................................new week............................................................
	Mirtazapine                                                                | 2494	 (17462, 47)             | nan       (nan)
	............................................................new week............................................................
	Mirtazapine                                                                | 2496	 (17473, 47)             | nan       (nan)
	Mirtazapine                                                                | 2496	 (17475, 47)             | nan       (nan)
	............................................................new week............................................................
	Mirtazapine                                                                | 2497	 (17482, 47)             | nan       (nan)
	............................................................new week............................................................
	Mirtazapine                                                                | 2499	 (17498, 47)             | nan       (nan)
	............................................................new week............................................................
	Mirtazapine                                                                | 2506	 (17542, 48)             | nan       (nan)
	............................................................new week............................................................
	Mirtazapine                                                                | 2512	 (17586, 48)             | nan       (nan)
	Diastolic_blood_pressure_5                                                 | 2512	 (17586, 48)             | 82.32     (-0.34)
	Systolic_blood_pressure_4                                                  | 2512	 (17586, 48)             | 132.26    (-0.22)
	............................................................new week............................................................
	Diastolic_blood_pressure_5                                                 | 2514	 (17603, 48)             | 91.71     (-0.31)
	Systolic_blood_pressure_4                                                  | 2514	 (17603, 48)             | 128.95    (-0.23)
	Nasal_steroids_optimal                                                     | 2514	 (17604, 48)             | nan       (nan)
	............................................................new week............................................................
	Mirtazapine                                                                | 2516	 (17617, 48)             | nan       (nan)
	............................................................new week............................................................
	Mirtazapine                                                                | 2528	 (17701, 48)             | nan       (nan)
	............................................................new week............................................................
	Mirtazapine                                                                | 2530	 (17710, 48)             | nan       (nan)
	............................................................new week............................................................
	Metformin_612_A10BD2                                                       | 2532	 (17730, 48)             | nan       (nan)
	............................................................new week............................................................
	Mirtazapine                                                                | 2537	 (17760, 48)             | nan       (nan)
	............................................................new week............................................................
	Mirtazapine                                                                | 2538	 (17772, 48)             | nan       (nan)
	............................................................new week............................................................
	Mirtazapine                                                                | 2555	 (17886, 49)             | nan       (nan)
	............................................................new week............................................................
	Metformin_612_A10BD2                                                       | 2570	 (17995, 49)             | nan       (nan)
	............................................................new week............................................................
	Mirtazapine                                                                | 2571	 (18001, 49)             | nan       (nan)
	............................................................new week............................................................
	Mirtazapine                                                                | 2573	 (18017, 49)             | nan       (nan)
	............................................................new week............................................................
	Mirtazapine                                                                | 2575	 (18026, 49)             | nan       (nan)
	............................................................new week............................................................
	Mirtazapine                                                                | 2576	 (18034, 49)             | nan       (nan)
	Mirtazapine                                                                | 2576	 (18034, 49)             | nan       (nan)
	............................................................new week............................................................
	Mirtazapine                                                                | 2579	 (18056, 49)             | nan       (nan)
	............................................................new week............................................................
	Mirtazapine                                                                | 2581	 (18072, 49)             | nan       (nan)
	Mirtazapine                                                                | 2581	 (18072, 49)             | nan       (nan)
	............................................................new week............................................................
	Haemoglobin_A1c_level___IFCC_standardised_6                                | 2582	 (18079, 49)             | 32.69     (-0.39)
